AT50-29/CTD Data/AT50-29_CTD-001.ros
* Sea-Bird SBE 9 Data File:
* FileName = C:\data\ctd\at50-29001.hex
* Software Version Seasave V 7.26.7.121
* Temperature SN = 4312
* Conductivity SN = 3521
* Number of Bytes Per Scan = 40
* Number of Voltage Words = 5
* Number of Scans Averaged by the Deck Unit = 1
* NMEA Latitude = 44 22.17 N
* NMEA Longitude = 124 57.68 W
* NMEA UTC (Time) = Aug 09 2024  07:03:31
** Ship: atlantis
** Station: Endurance Offshore
** Operator: JN
** 500 m SW of shallow profiler
# nquan = 21
# nvalues = 2231                                  
# units = specified
# name 0 = modError: Modulo Error Count
# name 1 = prDM: Pressure, Digiquartz [db]
# name 2 = depSM: Depth [salt water, m]
# name 3 = latitude: Latitude [deg]
# name 4 = longitude: Longitude [deg]
# name 5 = t090C: Temperature [ITS-90, deg C]
# name 6 = t190C: Temperature, 2 [ITS-90, deg C]
# name 7 = c0S/m: Conductivity [S/m]
# name 8 = c1S/m: Conductivity, 2 [S/m]
# name 9 = sal00: Salinity, Practical [PSU]
# name 10 = sal11: Salinity, Practical, 2 [PSU]
# name 11 = sbeox0V: Oxygen raw, SBE 43 [V]
# name 12 = sbeox0ML/L: Oxygen, SBE 43 [ml/l]
# name 13 = oxsolML/L: Oxygen Saturation, Garcia & Gordon [ml/l]
# name 14 = flECO-AFL: Fluorescence, WET Labs ECO-AFL/FL [mg/m^3]
# name 15 = CStarAt0: Beam Attenuation, WET Labs C-Star [1/m]
# name 16 = CStarTr0: Beam Transmission, WET Labs C-Star [%]
# name 17 = ph: pH
# name 18 = scan: Scan Count
# name 19 = nbf: Bottles Fired
# name 20 = flag:  0.000e+00
# interval = seconds: 0.0416667
# start_time = Aug 09 2024 07:03:31 [NMEA time, header]
# bad_flag = -9.990e-29
*END*
[from data line 690]
          0    161.074    159.713   44.36946 -124.96136     7.2692     7.2687   3.464424   3.464115    33.9494    33.9465     0.9402     1.5749    6.75614     0.0549     0.1540    96.2231      7.589      32482          8  0.000e+00
          0    161.021    159.661   44.36946 -124.96136     7.2693     7.2689   3.464438   3.464084    33.9494    33.9460     0.9390     1.5713    6.75612     0.0475     0.1551    96.1965      7.589      32483          8  0.000e+00
          0    161.074    159.713   44.36946 -124.96136     7.2693     7.2687   3.464398   3.464084    33.9490    33.9461     0.9390     1.5713    6.75614     0.0475     0.1551    96.1965      7.589      32484          8  0.000e+00
          0    161.029    159.669   44.36946 -124.96136     7.2692     7.2687   3.464398   3.464145    33.9491    33.9468     0.9402     1.5760    6.75615     0.0475     0.1540    96.2231      7.589      32485          8  0.000e+00
          0    161.021    159.661   44.36946 -124.96136     7.2692     7.2686   3.464411   3.464115    33.9493    33.9466     0.9402     1.5760    6.75615     0.0475     0.1540    96.2231      7.589      32486          8  0.000e+00
          0    161.074    159.713   44.36946 -124.96136     7.2692     7.2687   3.464404   3.464145    33.9492    33.9468     0.9390     1.5712    6.75615     0.0549     0.1551    96.1965      7.589      32487          8  0.000e+00
          0    161.021    159.661   44.36946 -124.96136     7.2693     7.2686   3.464411   3.464115    33.9491    33.9466     0.9402     1.5759    6.75613     0.0475     0.1551    96.1965      7.589      32488          8  0.000e+00
          0    161.021    159.661   44.36946 -124.96136     7.2693     7.2689   3.464411   3.464115    33.9491    33.9463     0.9390     1.5717    6.75613     0.0475     0.1551    96.1965      7.589      32489          8  0.000e+00
          0    161.021    159.661   44.36946 -124.96136     7.2693     7.2687   3.464404   3.464115    33.9491    33.9465     0.9402     1.5764    6.75613     0.0475     0.1540    96.2231      7.589      32490          8  0.000e+00
          0    161.074    159.713   44.36946 -124.96136     7.2693     7.2687   3.464391   3.464115    33.9489    33.9465     0.9402     1.5770    6.75614     0.0475     0.1540    96.2231      7.589      32491          8  0.000e+00
          0    161.021    159.661   44.36946 -124.96136     7.2693     7.2691   3.464358   3.464115    33.9485    33.9461     0.9402     1.5770    6.75616     0.0549     0.1573    96.1433      7.589      32492          8  0.000e+00
          0    161.074    159.714   44.36946 -124.96136     7.2692     7.2686   3.464391   3.464115    33.9490    33.9466     0.9390     1.5728    6.75616     0.0475     0.1584    96.1167      7.589      32493          8  0.000e+00
          0    161.021    159.661   44.36946 -124.96136     7.2693     7.2689   3.464411   3.464115    33.9491    33.9463     0.9402     1.5775    6.75613     0.0475     0.1551    96.1965      7.589      32494          8  0.000e+00
          0    161.074    159.714   44.36946 -124.96136     7.2693     7.2687   3.464411   3.464115    33.9491    33.9465     0.9402     1.5775    6.75613     0.0475     0.1540    96.2231      7.589      32495          8  0.000e+00
          0    161.021    159.661   44.36946 -124.96136     7.2692     7.2687   3.464365   3.464145    33.9488    33.9468     0.9402     1.5781    6.75617     0.0549     0.1540    96.2231      7.589      32496          8  0.000e+00
          0    161.021    159.661   44.36946 -124.96136     7.2690     7.2686   3.464345   3.464145    33.9487    33.9470     0.9402     1.5780    6.75620     0.0475     0.1551    96.1965      7.589      32497          8  0.000e+00
          0    161.074    159.714   44.36946 -124.96136     7.2693     7.2686   3.464365   3.464084    33.9486    33.9463     0.9402     1.5780    6.75615     0.0475     0.1540    96.2231      7.589      32498          8  0.000e+00
          0    161.074    159.714   44.36946 -124.96136     7.2692     7.2689   3.464398   3.464084    33.9491    33.9459     0.9402     1.5784    6.75616     0.0475     0.1540    96.2231      7.589      32499          8  0.000e+00
          0    161.089    159.729   44.36946 -124.96136     7.2692     7.2692   3.464391   3.464115    33.9490    33.9460     0.9402     1.5790    6.75616     0.0475     0.1540    96.2231      7.589      32500          8  0.000e+00
          0    161.022    159.661   44.36946 -124.96136     7.2690     7.2691   3.464378   3.464115    33.9491    33.9461     0.9402     1.5788    6.75618     0.0475     0.1551    96.1965      7.589      32501          8  0.000e+00
          0    161.074    159.714   44.36946 -124.96136     7.2693     7.2691   3.464398   3.464115    33.9490    33.9461     0.9390     1.5740    6.75614     0.0475     0.1540    96.2231      7.589      32502          8  0.000e+00
          0    161.074    159.714   44.36946 -124.96136     7.2693     7.2691   3.464411   3.464145    33.9491    33.9465     0.9402     1.5786    6.75613     0.0475     0.1540    96.2231      7.589      32503          8  0.000e+00
          0    161.135    159.773   44.36946 -124.96136     7.2690     7.2689   3.464365   3.464145    33.9489    33.9466     0.9390     1.5744    6.75619     0.0475     0.1540    96.2231      7.589      32504          8  0.000e+00
          0    161.074    159.714   44.36946 -124.96136     7.2692     7.2689   3.464365   3.464084    33.9487    33.9459     0.9390     1.5737    6.75617     0.0549     0.1551    96.1965      7.589      32505          8  0.000e+00
          0    161.135    159.774   44.36946 -124.96136     7.2692     7.2689   3.464398   3.464115    33.9491    33.9463     0.9402     1.5778    6.75616     0.0475     0.1551    96.1965      7.589      32506          8  0.000e+00
          0    161.074    159.714   44.36946 -124.96136     7.2692     7.2689   3.464385   3.464145    33.9490    33.9466     0.9402     1.5783    6.75616     0.0475     0.1551    96.1965      7.589      32507          8  0.000e+00
          0    161.135    159.774   44.36946 -124.96136     7.2693     7.2689   3.464398   3.464084    33.9489    33.9459     0.9390     1.5740    6.75614     0.0475     0.1540    96.2231      7.589      32508          8  0.000e+00
          0    161.135    159.774   44.36946 -124.96136     7.2690     7.2687   3.464411   3.464115    33.9494    33.9464     0.9402     1.5787    6.75617     0.0475     0.1540    96.2231      7.589      32509          8  0.000e+00
          0    161.187    159.826   44.36946 -124.96136     7.2692     7.2689   3.464385   3.464084    33.9489    33.9459     0.9402     1.5786    6.75616     0.0549     0.1551    96.1965      7.584      32510          8  0.000e+00
          0    161.135    159.774   44.36946 -124.96136     7.2693     7.2689   3.464398   3.464115    33.9489    33.9463     0.9402     1.5785    6.75614     0.0475     0.1551    96.1965      7.589      32511          8  0.000e+00
          0    161.187    159.826   44.36946 -124.96136     7.2692     7.2689   3.464451   3.464145    33.9496    33.9465     0.9402     1.5783    6.75613     0.0475     0.1562    96.1699      7.589      32512          8  0.000e+00
          0    161.187    159.826   44.36946 -124.96136     7.2692     7.2689   3.464451   3.464115    33.9496    33.9462     0.9402     1.5788    6.75613     0.0475     0.1584    96.1167      7.589      32513          8  0.000e+00
          0    161.187    159.826   44.36946 -124.96136     7.2692     7.2689   3.464418   3.464084    33.9493    33.9459     0.9402     1.5792    6.75615     0.0549     0.1573    96.1433      7.589      32514          8  0.000e+00
          0    161.195    159.833   44.36946 -124.96136     7.2690     7.2689   3.464404   3.464115    33.9493    33.9462     0.9390     1.5749    6.75617     0.0475     0.1573    96.1433      7.589      32515          8  0.000e+00
          0    161.240    159.878   44.36946 -124.96136     7.2692     7.2689   3.464411   3.464115    33.9492    33.9462     0.9402     1.5795    6.75615     0.0475     0.1562    96.1699      7.589      32516          8  0.000e+00
          0    161.240    159.878   44.36946 -124.96136     7.2690     7.2687   3.464411   3.464145    33.9493    33.9468     0.9402     1.5794    6.75617     0.0475     0.1562    96.1699      7.589      32517          8  0.000e+00
          0    161.188    159.826   44.36946 -124.96136     7.2692     7.2689   3.464404   3.464115    33.9491    33.9462     0.9390     1.5751    6.75615     0.0549     0.1562    96.1699      7.589      32518          8  0.000e+00
          0    161.301    159.938   44.36946 -124.96136     7.2690     7.2687   3.464411   3.464115    33.9493    33.9464     0.9402     1.5791    6.75617     0.0475     0.1573    96.1433      7.589      32519          8  0.000e+00
          0    161.301    159.938   44.36946 -124.96136     7.2692     7.2689   3.464391   3.464115    33.9489    33.9462     0.9402     1.5789    6.75616     0.0475     0.1562    96.1699      7.589      32520          8  0.000e+00
          0    161.301    159.938   44.36946 -124.96136     7.2692     7.2687   3.464398   3.464084    33.9490    33.9460     0.9390     1.5740    6.75616     0.0475     0.1562    96.1699      7.589      32521          8  0.000e+00
          0    161.240    159.878   44.36946 -124.96136     7.2692     7.2687   3.464391   3.464084    33.9490    33.9461     0.9390     1.5732    6.75616     0.0475     0.1562    96.1699      7.589      32522          8  0.000e+00
          0    161.414    160.050   44.36946 -124.96136     7.2690     7.2689   3.464398   3.464115    33.9491    33.9462     0.9402     1.5772    6.75618     0.0549     0.1573    96.1433      7.589      32523          8  0.000e+00
          0    161.301    159.938   44.36946 -124.96136     7.2692     7.2687   3.464424   3.464115    33.9493    33.9464     0.9390     1.5723    6.75615     0.0402     0.1562    96.1699      7.589      32524          8  0.000e+00
          0    161.353    159.990   44.36946 -124.96136     7.2690     7.2689   3.464371   3.464145    33.9488    33.9465     0.9390     1.5721    6.75619     0.0475     0.1573    96.1433      7.589      32525          8  0.000e+00
          0    161.353    159.990   44.36946 -124.96136     7.2692     7.2687   3.464385   3.464115    33.9488    33.9463     0.9402     1.5761    6.75617     0.0475     0.1562    96.1699      7.589      32526          8  0.000e+00
          0    161.414    160.050   44.36946 -124.96136     7.2688     7.2687   3.464405   3.464145    33.9494    33.9466     0.9390     1.5717    6.75620     0.0549     0.1562    96.1699      7.589      32527          8  0.000e+00
          0    161.466    160.102   44.36946 -124.96136     7.2690     7.2689   3.464391   3.464115    33.9490    33.9461     0.9390     1.5716    6.75618     0.0549     0.1573    96.1433      7.589      32528          8  0.000e+00
          0    161.414    160.050   44.36946 -124.96136     7.2692     7.2687   3.464378   3.464115    33.9487    33.9463     0.9402     1.5756    6.75617     0.0402     0.1562    96.1699      7.589      32529          8  0.000e+00
          0    161.414    160.050   44.36946 -124.96136     7.2690     7.2689   3.464398   3.464115    33.9491    33.9461     0.9390     1.5712    6.75618     0.0475     0.1562    96.1699      7.589      32530          8  0.000e+00
          0    161.414    160.050   44.36946 -124.96136     7.2690     7.2689   3.464391   3.464145    33.9490    33.9464     0.9390     1.5711    6.75618     0.0475     0.1562    96.1699      7.589      32531          8  0.000e+00
          0    161.534    160.170   44.36946 -124.96136     7.2692     7.2687   3.464398   3.464115    33.9489    33.9462     0.9402     1.5751    6.75616     0.0475     0.1562    96.1699      7.589      32532          8  0.000e+00
          0    161.467    160.103   44.36946 -124.96136     7.2692     7.2687   3.464391   3.464145    33.9488    33.9466     0.9390     1.5702    6.75617     0.0549     0.1606    96.0635      7.589      32533          8  0.000e+00
          0    161.467    160.103   44.36946 -124.96136     7.2690     7.2689   3.464398   3.464115    33.9491    33.9461     0.9390     1.5701    6.75618     0.0475     0.1584    96.1167      7.589      32534          8  0.000e+00
          0    161.519    160.155   44.36946 -124.96136     7.2692     7.2687   3.464405   3.464145    33.9490    33.9466     0.9390     1.5700    6.75616     0.0549     0.1573    96.1433      7.589      32535          8  0.000e+00
          0    161.580    160.215   44.36946 -124.96136     7.2690     7.2687   3.464391   3.464115    33.9489    33.9462     0.9390     1.5693    6.75619     0.0549     0.1562    96.1699      7.589      32536          8  0.000e+00
          0    161.519    160.155   44.36946 -124.96136     7.2693     7.2686   3.464398   3.464145    33.9487    33.9467     0.9402     1.5739    6.75615     0.0549     0.1562    96.1699      7.589      32537          8  0.000e+00
          0    161.580    160.215   44.36946 -124.96136     7.2692     7.2687   3.464405   3.464115    33.9489    33.9462     0.9402     1.5738    6.75616     0.0622     0.1573    96.1433      7.589      32538          8  0.000e+00
          0    161.580    160.215   44.36946 -124.96136     7.2690     7.2687   3.464391   3.464115    33.9489    33.9463     0.9402     1.5743    6.75619     0.0549     0.1562    96.1699      7.589      32539          8  0.000e+00
          0    161.580    160.215   44.36946 -124.96136     7.2690     7.2689   3.464418   3.464145    33.9492    33.9464     0.9402     1.5747    6.75617     0.0549     0.1573    96.1433      7.589      32540          8  0.000e+00
          0    161.632    160.267   44.36946 -124.96136     7.2690     7.2686   3.464418   3.464145    33.9492    33.9467     0.9390     1.5705    6.75617     0.0549     0.1562    96.1699      7.584      32541          8  0.000e+00
          0    161.632    160.267   44.36946 -124.96136     7.2690     7.2686   3.464391   3.464145    33.9489    33.9467     0.9402     1.5745    6.75619     0.0622     0.1562    96.1699      7.589      32542          8  0.000e+00
          0    161.580    160.215   44.36946 -124.96136     7.2690     7.2687   3.464378   3.464115    33.9488    33.9462     0.9390     1.5702    6.75619     0.0549     0.1573    96.1433      7.589      32543          8  0.000e+00
          0    161.685    160.319   44.36946 -124.96136     7.2690     7.2687   3.464398   3.464146    33.9490    33.9465     0.9390     1.5701    6.75618     0.0549     0.1562    96.1699      7.589      32544          8  0.000e+00
          0    161.685    160.319   44.36946 -124.96136     7.2690     7.2690   3.464411   3.464115    33.9491    33.9459     0.9402     1.5748    6.75618     0.0549     0.1562    96.1699      7.589      32545          8  0.000e+00
          0    161.685    160.319   44.36946 -124.96136     7.2692     7.2684   3.464405   3.464146    33.9489    33.9468     0.9402     1.5753    6.75616     0.0549     0.1562    96.1699      7.589      32546          8  0.000e+00
          0    161.633    160.267   44.36946 -124.96136     7.2690     7.2687   3.464411   3.464145    33.9491    33.9465     0.9390     1.5710    6.75618     0.0622     0.1562    96.1699      7.589      32547          8  0.000e+00
          0    161.745    160.379   44.36946 -124.96136     7.2692     7.2686   3.464391   3.464146    33.9487    33.9466     0.9390     1.5710    6.75617     0.0549     0.1573    96.1433      7.589      32548          8  0.000e+00
          0    161.745    160.379   44.36946 -124.96136     7.2692     7.2687   3.464398   3.464146    33.9488    33.9465     0.9390     1.5710    6.75617     0.0549     0.1573    96.1433      7.589      32549          8  0.000e+00
