AT50-29/CTD Data/AT50-29_CTD-003.ros
* Sea-Bird SBE 9 Data File:
* FileName = C:\data\ctd\at50-29003.hex
* Software Version Seasave V 7.26.7.121
* Temperature SN = 4312
* Conductivity SN = 3521
* Number of Bytes Per Scan = 40
* Number of Voltage Words = 5
* Number of Scans Averaged by the Deck Unit = 1
* NMEA Latitude = 44 30.70 N
* NMEA Longitude = 125 23.98 W
* NMEA UTC (Time) = Aug 10 2024  08:15:39
** Ship: atlantis
** Station: Slope Base
** Operator: JN
# nquan = 20
# nvalues = 2328                                  
# units = specified
# name 0 = modError: Modulo Error Count
# name 1 = prDM: Pressure, Digiquartz [db]
# name 2 = depSM: Depth [salt water, m]
# name 3 = latitude: Latitude [deg]
# name 4 = longitude: Longitude [deg]
# name 5 = t090C: Temperature [ITS-90, deg C]
# name 6 = t190C: Temperature, 2 [ITS-90, deg C]
# name 7 = c0S/m: Conductivity [S/m]
# name 8 = c1S/m: Conductivity, 2 [S/m]
# name 9 = sal00: Salinity, Practical [PSU]
# name 10 = sal11: Salinity, Practical, 2 [PSU]
# name 11 = sbeox0V: Oxygen raw, SBE 43 [V]
# name 12 = sbeox0ML/L: Oxygen, SBE 43 [ml/l]
# name 13 = oxsolML/L: Oxygen Saturation, Garcia & Gordon [ml/l]
# name 14 = flECO-AFL: Fluorescence, WET Labs ECO-AFL/FL [mg/m^3]
# name 15 = CStarAt0: Beam Attenuation, WET Labs C-Star [1/m]
# name 16 = CStarTr0: Beam Transmission, WET Labs C-Star [%]
# name 17 = scan: Scan Count
# name 18 = nbf: Bottles Fired
# name 19 = flag:  0.000e+00
# interval = seconds: 0.0416667
# start_time = Aug 10 2024 08:15:39 [NMEA time, header]
# bad_flag = -9.990e-29
*END*
[from data line 1086]
          0   2942.946   2898.933   44.51164 -125.39962     1.7288     1.7291   3.148588   3.148402    34.6427    34.6401     0.8109     1.9005    7.68167     0.0402     0.0461    98.8553      90526         12  0.000e+00
          0   2942.891   2898.879   44.51164 -125.39962     1.7288     1.7290   3.148576   3.148438    34.6426    34.6406     0.8109     1.8984    7.68168     0.0329     0.0471    98.8287      90527         12  0.000e+00
          0   2942.946   2898.933   44.51164 -125.39962     1.7288     1.7292   3.148588   3.148402    34.6427    34.6399     0.8122     1.9057    7.68167     0.0329     0.0461    98.8553      90528         12  0.000e+00
          0   2942.891   2898.879   44.51164 -125.39962     1.7286     1.7290   3.148620   3.148461    34.6433    34.6409     0.8122     1.9037    7.68167     0.0329     0.0471    98.8287      90529         12  0.000e+00
          0   2942.946   2898.934   44.51164 -125.39962     1.7288     1.7292   3.148608   3.148402    34.6429    34.6399     0.8109     1.8945    7.68166     0.0329     0.0471    98.8287      90530         12  0.000e+00
          0   2942.946   2898.934   44.51164 -125.39962     1.7286     1.7290   3.148582   3.148467    34.6428    34.6409     0.8109     1.8903    7.68170     0.0402     0.0471    98.8287      90531         12  0.000e+00
          0   2942.891   2898.880   44.51164 -125.39962     1.7286     1.7290   3.148608   3.148373    34.6431    34.6398     0.8122     1.8976    7.68168     0.0329     0.0471    98.8287      90532         12  0.000e+00
          0   2942.946   2898.934   44.51164 -125.39962     1.7286     1.7290   3.148588   3.148402    34.6429    34.6401     0.8122     1.8955    7.68169     0.0329     0.0461    98.8553      90533         12  0.000e+00
          0   2942.946   2898.934   44.51164 -125.39962     1.7291     1.7290   3.148569   3.148432    34.6421    34.6405     0.8109     1.8863    7.68164     0.0329     0.0471    98.8287      90534         12  0.000e+00
          0   2942.946   2898.934   44.51164 -125.39962     1.7286     1.7292   3.148588   3.148402    34.6429    34.6399     0.8122     1.8914    7.68169     0.0329     0.0461    98.8553      90535         12  0.000e+00
          0   2942.946   2898.934   44.51164 -125.39962     1.7288     1.7292   3.148614   3.148408    34.6430    34.6400     0.8122     1.8892    7.68165     0.0402     0.0471    98.8287      90536         12  0.000e+00
          0   2942.946   2898.934   44.51164 -125.39962     1.7289     1.7290   3.148608   3.148402    34.6427    34.6401     0.8134     1.8985    7.68163     0.0329     0.0471    98.8287      90537         12  0.000e+00
          0   2942.947   2898.934   44.51164 -125.39962     1.7288     1.7292   3.148582   3.148402    34.6426    34.6399     0.8122     1.8913    7.68167     0.0329     0.0461    98.8553      90538         12  0.000e+00
          0   2942.947   2898.934   44.51164 -125.39962     1.7288     1.7291   3.148608   3.148432    34.6429    34.6404     0.8122     1.8935    7.68166     0.0329     0.0471    98.8287      90539         12  0.000e+00
          0   2943.010   2898.996   44.51164 -125.39962     1.7289     1.7292   3.148608   3.148438    34.6427    34.6403     0.8122     1.8935    7.68164     0.0329     0.0471    98.8287      90540         12  0.000e+00
          0   2943.010   2898.996   44.51164 -125.39962     1.7286     1.7290   3.148601   3.148432    34.6430    34.6405     0.8122     1.8935    7.68168     0.0329     0.0514    98.7224      90541         12  0.000e+00
          0   2942.947   2898.934   44.51164 -125.39962     1.7288     1.7290   3.148620   3.148432    34.6431    34.6405     0.8122     1.8957    7.68165     0.0329     0.0493    98.7755      90542         12  0.000e+00
          0   2943.010   2898.996   44.51164 -125.39962     1.7289     1.7292   3.148608   3.148402    34.6427    34.6399     0.8134     1.9051    7.68164     0.0402     0.0461    98.8553      90543         12  0.000e+00
          0   2942.947   2898.934   44.51164 -125.39962     1.7288     1.7292   3.148595   3.148467    34.6428    34.6407     0.8134     1.9072    7.68166     0.0329     0.0461    98.8553      90544         12  0.000e+00
          0   2943.010   2898.996   44.51164 -125.39962     1.7288     1.7292   3.148576   3.148402    34.6425    34.6399     0.8122     1.9000    7.68168     0.0329     0.0461    98.8553      90545         12  0.000e+00
          0   2943.073   2899.058   44.51164 -125.39962     1.7288     1.7294   3.148588   3.148432    34.6426    34.6401     0.8122     1.9022    7.68167     0.0329     0.0471    98.8287      90546         12  0.000e+00
          0   2943.010   2898.996   44.51164 -125.39962     1.7288     1.7292   3.148601   3.148402    34.6428    34.6399     0.8122     1.9022    7.68166     0.0329     0.0461    98.8553      90547         12  0.000e+00
          0   2943.010   2898.996   44.51164 -125.39962     1.7289     1.7292   3.148620   3.148438    34.6429    34.6403     0.8122     1.9044    7.68163     0.0402     0.0461    98.8553      90548         12  0.000e+00
          0   2943.010   2898.996   44.51164 -125.39962     1.7288     1.7292   3.148595   3.148402    34.6427    34.6399     0.8109     1.8953    7.68167     0.0329     0.0461    98.8553      90549         12  0.000e+00
          0   2943.074   2899.058   44.51164 -125.39962     1.7289     1.7290   3.148608   3.148402    34.6427    34.6401     0.8122     1.9025    7.68164     0.0329     0.0461    98.8553      90550         12  0.000e+00
          0   2943.074   2899.058   44.51164 -125.39962     1.7288     1.7293   3.148608   3.148461    34.6429    34.6406     0.8122     1.9027    7.68166     0.0329     0.0461    98.8553      90551         12  0.000e+00
          0   2943.074   2899.058   44.51164 -125.39962     1.7289     1.7290   3.148601   3.148438    34.6426    34.6405     0.8122     1.9029    7.68164     0.0329     0.0461    98.8553      90552         12  0.000e+00
          0   2943.074   2899.059   44.51164 -125.39962     1.7288     1.7292   3.148620   3.148432    34.6430    34.6402     0.8134     1.9124    7.68165     0.0402     0.0461    98.8553      90553         12  0.000e+00
          0   2943.011   2898.997   44.51164 -125.39962     1.7288     1.7294   3.148627   3.148402    34.6431    34.6397     0.8122     1.9031    7.68165     0.0329     0.0461    98.8553      90554         12  0.000e+00
          0   2943.129   2899.113   44.51164 -125.39962     1.7288     1.7289   3.148588   3.148402    34.6426    34.6402     0.8122     1.9031    7.68167     0.0329     0.0461    98.8553      90555         12  0.000e+00
          0   2943.074   2899.059   44.51164 -125.39962     1.7288     1.7290   3.148588   3.148432    34.6426    34.6404     0.8122     1.9031    7.68167     0.0329     0.0461    98.8553      90556         12  0.000e+00
          0   2943.129   2899.113   44.51164 -125.39962     1.7288     1.7292   3.148621   3.148438    34.6430    34.6403     0.8122     1.9031    7.68165     0.0329     0.0461    98.8553      90557         12  0.000e+00
          0   2943.129   2899.113   44.51164 -125.39962     1.7286     1.7290   3.148582   3.148402    34.6427    34.6400     0.8134     1.9146    7.68170     0.0402     0.0471    98.8287      90558         12  0.000e+00
          0   2943.074   2899.059   44.51164 -125.39962     1.7286     1.7290   3.148588   3.148402    34.6428    34.6401     0.8122     1.9075    7.68169     0.0475     0.0461    98.8553      90559         12  0.000e+00
          0   2943.130   2899.113   44.51164 -125.39962     1.7288     1.7290   3.148601   3.148432    34.6428    34.6404     0.8122     1.9075    7.68166     0.0475     0.0450    98.8819      90560         12  0.000e+00
          0   2943.130   2899.113   44.51166 -125.39962     1.7289     1.7294   3.148601   3.148385    34.6426    34.6395     0.8122     1.9075    7.68164     0.0475     0.0493    98.7755      90561         12  0.000e+00
          0   2943.193   2899.175   44.51166 -125.39962     1.7289     1.7294   3.148595   3.148402    34.6425    34.6397     0.8122     1.9098    7.68165     0.0475     0.0504    98.7489      90562         12  0.000e+00
          0   2943.130   2899.113   44.51166 -125.39962     1.7286     1.7290   3.148614   3.148402    34.6431    34.6400     0.8122     1.9099    7.68168     0.0549     0.0482    98.8021      90563         12  0.000e+00
          0   2943.193   2899.175   44.51166 -125.39962     1.7288     1.7291   3.148627   3.148402    34.6430    34.6400     0.8122     1.9122    7.68165     0.0475     0.0471    98.8287      90564         12  0.000e+00
          0   2943.130   2899.113   44.51166 -125.39962     1.7288     1.7292   3.148608   3.148408    34.6428    34.6399     0.8122     1.9146    7.68166     0.0475     0.0471    98.8287      90565         12  0.000e+00
          0   2943.193   2899.175   44.51166 -125.39962     1.7288     1.7289   3.148595   3.148402    34.6427    34.6402     0.8122     1.9149    7.68167     0.0475     0.0471    98.8287      90566         12  0.000e+00
          0   2943.193   2899.175   44.51166 -125.39962     1.7286     1.7290   3.148601   3.148402    34.6429    34.6400     0.8122     1.9152    7.68169     0.0475     0.0471    98.8287      90567         12  0.000e+00
          0   2943.193   2899.175   44.51166 -125.39962     1.7286     1.7290   3.148595   3.148432    34.6428    34.6404     0.8122     1.9154    7.68169     0.0475     0.0482    98.8021      90568         12  0.000e+00
          0   2943.257   2899.237   44.51166 -125.39962     1.7286     1.7290   3.148576   3.148385    34.6426    34.6398     0.8122     1.9157    7.68171     0.0475     0.0482    98.8021      90569         12  0.000e+00
          0   2943.193   2899.176   44.51166 -125.39962     1.7286     1.7290   3.148589   3.148402    34.6427    34.6400     0.8122     1.9137    7.68170     0.0549     0.0471    98.8287      90570         12  0.000e+00
          0   2943.194   2899.176   44.51166 -125.39962     1.7286     1.7290   3.148582   3.148432    34.6427    34.6404     0.8122     1.9139    7.68170     0.0475     0.0471    98.8287      90571         12  0.000e+00
          0   2943.257   2899.237   44.51166 -125.39962     1.7286     1.7290   3.148589   3.148373    34.6427    34.6396     0.8122     1.9141    7.68170     0.0475     0.0471    98.8287      90572         12  0.000e+00
          0   2943.257   2899.238   44.51166 -125.39962     1.7288     1.7290   3.148621   3.148432    34.6429    34.6403     0.8122     1.9120    7.68166     0.0475     0.0482    98.8021      90573         12  0.000e+00
          0   2943.257   2899.238   44.51166 -125.39962     1.7284     1.7292   3.148608   3.148438    34.6431    34.6402     0.8134     1.9214    7.68171     0.0475     0.0471    98.8287      90574         12  0.000e+00
          0   2943.257   2899.238   44.51166 -125.39962     1.7286     1.7290   3.148595   3.148432    34.6428    34.6403     0.8122     1.9120    7.68169     0.0549     0.0471    98.8287      90575         12  0.000e+00
          0   2943.257   2899.238   44.51166 -125.39962     1.7288     1.7290   3.148601   3.148402    34.6427    34.6400     0.8122     1.9097    7.68167     0.0475     0.0482    98.8021      90576         12  0.000e+00
          0   2943.312   2899.292   44.51166 -125.39962     1.7286     1.7289   3.148582   3.148402    34.6426    34.6401     0.8134     1.9188    7.68170     0.0475     0.0471    98.8287      90577         12  0.000e+00
          0   2943.257   2899.238   44.51166 -125.39962     1.7286     1.7290   3.148608   3.148438    34.6430    34.6404     0.8109     1.9022    7.68169     0.0475     0.0482    98.8021      90578         12  0.000e+00
          0   2943.313   2899.292   44.51166 -125.39962     1.7286     1.7292   3.148627   3.148402    34.6432    34.6398     0.8122     1.9069    7.68167     0.0475     0.0482    98.8021      90579         12  0.000e+00
          0   2943.257   2899.238   44.51166 -125.39962     1.7288     1.7290   3.148646   3.148432    34.6433    34.6403     0.8109     1.8950    7.68164     0.0549     0.0471    98.8287      90580         12  0.000e+00
          0   2943.313   2899.292   44.51166 -125.39962     1.7288     1.7290   3.148614   3.148432    34.6428    34.6403     0.8109     1.8926    7.68166     0.0475     0.0504    98.7489      90581         12  0.000e+00
          0   2943.313   2899.292   44.51166 -125.39962     1.7288     1.7290   3.148621   3.148408    34.6429    34.6400     0.8122     1.8996    7.68166     0.0475     0.0504    98.7489      90582         12  0.000e+00
          0   2943.313   2899.292   44.51166 -125.39962     1.7288     1.7290   3.148627   3.148432    34.6430    34.6403     0.8122     1.8972    7.68165     0.0475     0.0471    98.8287      90583         12  0.000e+00
          0   2943.376   2899.354   44.51166 -125.39962     1.7286     1.7289   3.148589   3.148402    34.6427    34.6401     0.8122     1.8969    7.68170     0.0402     0.0461    98.8553      90584         12  0.000e+00
          0   2943.313   2899.292   44.51164 -125.39962     1.7288     1.7290   3.148608   3.148432    34.6428    34.6403     0.8122     1.8966    7.68166     0.0475     0.0450    98.8819      90585         12  0.000e+00
          0   2943.313   2899.293   44.51164 -125.39962     1.7284     1.7292   3.148627   3.148408    34.6433    34.6398     0.8122     1.8986    7.68170     0.0402     0.0450    98.8819      90586         12  0.000e+00
          0   2943.376   2899.354   44.51164 -125.39962     1.7288     1.7292   3.148646   3.148402    34.6432    34.6397     0.8109     1.8892    7.68164     0.0402     0.0450    98.8819      90587         12  0.000e+00
          0   2943.376   2899.354   44.51164 -125.39962     1.7288     1.7289   3.148640   3.148432    34.6431    34.6405     0.8122     1.8962    7.68165     0.0475     0.0461    98.8553      90588         12  0.000e+00
          0   2943.376   2899.355   44.51164 -125.39962     1.7288     1.7290   3.148608   3.148402    34.6427    34.6399     0.8109     1.8868    7.68167     0.0402     0.0461    98.8553      90589         12  0.000e+00
          0   2943.376   2899.355   44.51164 -125.39962     1.7288     1.7291   3.148582   3.148467    34.6424    34.6407     0.8109     1.8847    7.68168     0.0475     0.0450    98.8819      90590         12  0.000e+00
          0   2943.313   2899.293   44.51164 -125.39962     1.7288     1.7292   3.148633   3.148432    34.6431    34.6401     0.8109     1.8826    7.68165     0.0402     0.0461    98.8553      90591         12  0.000e+00
          0   2943.440   2899.417   44.51164 -125.39962     1.7288     1.7290   3.148614   3.148402    34.6428    34.6399     0.8122     1.8922    7.68166     0.0402     0.0450    98.8819      90592         12  0.000e+00
          0   2943.377   2899.355   44.51164 -125.39962     1.7289     1.7292   3.148601   3.148432    34.6425    34.6401     0.8134     1.9039    7.68165     0.0402     0.0461    98.8553      90593         12  0.000e+00
          0   2943.377   2899.355   44.51164 -125.39962     1.7286     1.7292   3.148614   3.148402    34.6430    34.6397     0.8122     1.8971    7.68168     0.0402     0.0461    98.8553      90594         12  0.000e+00
          0   2943.440   2899.417   44.51164 -125.39962     1.7286     1.7290   3.148589   3.148408    34.6426    34.6400     0.8122     1.8974    7.68170     0.0475     0.0450    98.8819      90595         12  0.000e+00
          0   2943.377   2899.355   44.51164 -125.39962     1.7286     1.7292   3.148608   3.148402    34.6429    34.6397     0.8122     1.8976    7.68169     0.0402     0.0461    98.8553      90596         12  0.000e+00
          0   2943.440   2899.417   44.51164 -125.39962     1.7288     1.7292   3.148608   3.148432    34.6427    34.6401     0.8122     1.8979    7.68167     0.0402     0.0461    98.8553      90597         12  0.000e+00
