AT50-29/CTD Data/AT50-29_CTD-002.cnv
* Sea-Bird SBE 9 Data File:
* FileName = C:\data\ctd\at50-29002.hex
* Software Version Seasave V 7.26.7.121
* Temperature SN = 4312
* Conductivity SN = 3521
* Number of Bytes Per Scan = 40
* Number of Voltage Words = 5
* Number of Scans Averaged by the Deck Unit = 1
* NMEA Latitude = 44 31.48 N
* NMEA Longitude = 125 23.27 W
* NMEA UTC (Time) = Aug 09 2024  19:36:49
** Ship: atlantis
** Station: Slope Base
** Operator: MW
# nquan = 19
# nvalues = 17919                                 
# units = specified
# name 0 = modError: Modulo Error Count
# name 1 = prDM: Pressure, Digiquartz [db]
# name 2 = depSM: Depth [salt water, m]
# name 3 = latitude: Latitude [deg]
# name 4 = longitude: Longitude [deg]
# name 5 = t090C: Temperature [ITS-90, deg C]
# name 6 = t190C: Temperature, 2 [ITS-90, deg C]
# name 7 = c0S/m: Conductivity [S/m]
# name 8 = c1S/m: Conductivity, 2 [S/m]
# name 9 = sal00: Salinity, Practical [PSU]
# name 10 = sal11: Salinity, Practical, 2 [PSU]
# name 11 = sbeox0V: Oxygen raw, SBE 43 [V]
# name 12 = sbeox0ML/L: Oxygen, SBE 43 [ml/l]
# name 13 = oxsolML/L: Oxygen Saturation, Garcia & Gordon [ml/l]
# name 14 = flECO-AFL: Fluorescence, WET Labs ECO-AFL/FL [mg/m^3]
# name 15 = CStarAt0: Beam Attenuation, WET Labs C-Star [1/m]
# name 16 = CStarTr0: Beam Transmission, WET Labs C-Star [%]
# name 17 = ph: pH
# name 18 = flag:  0.000e+00
# span 0 =          0,          0                 
# span 1 =      1.582,    222.861                 
# span 2 =      1.569,    220.942                 
# span 3 =   44.52470,   44.52472                 
# span 4 = -125.38778, -125.38776                 
# span 5 =     7.0474,    17.8816                 
# span 6 =     7.0466,    17.8826                 
# span 7 =   3.445240,   4.187603                 
# span 8 =   3.445101,   4.187684                 
# span 9 =    31.6763,    33.9293                 
# span 10 =    31.6694,    33.9291                
# span 11 =     1.1508,     2.6875                
# span 12 =     2.3181,     6.7557                
# span 13 =    5.49166,    6.79145                
# span 14 =     0.0036,     1.6153                
# span 15 =     0.0214,     0.1806                
# span 16 =    95.5850,    99.4668                
# span 17 =      7.694,      8.216                
# span 18 = 0.0000e+00, 0.0000e+00                
# interval = seconds: 0.0416667
# start_time = Aug 09 2024 19:36:49 [NMEA time, header]
# bad_flag = -9.990e-29
*END*
[from data line 16229]
          0    222.504    220.588   44.52470 -125.38778     7.0623     7.0632   3.446459   3.446383    33.9268    33.9250     1.1558     2.3394    6.78920     0.0329     0.0278    99.3073      7.699  0.000e+00
          0    222.443    220.529   44.52470 -125.38778     7.0622     7.0632   3.446406   3.446425    33.9263    33.9255     1.1546     2.3346    6.78923     0.0256     0.0289    99.2807      7.699  0.000e+00
          0    222.504    220.588   44.52470 -125.38778     7.0626     7.0633   3.446446   3.446413    33.9263    33.9253     1.1558     2.3394    6.78918     0.0256     0.0278    99.3073      7.699  0.000e+00
          0    222.443    220.529   44.52470 -125.38778     7.0627     7.0632   3.446479   3.446413    33.9266    33.9254     1.1570     2.3442    6.78914     0.0256     0.0289    99.2807      7.703  0.000e+00
          0    222.556    220.641   44.52470 -125.38778     7.0632     7.0632   3.446545   3.446364    33.9267    33.9248     1.1558     2.3400    6.78906     0.0256     0.0289    99.2807      7.699  0.000e+00
          0    222.391    220.476   44.52470 -125.38778     7.0635     7.0632   3.446565   3.446413    33.9267    33.9254     1.1558     2.3400    6.78901     0.0329     0.0289    99.2807      7.703  0.000e+00
          0    222.504    220.588   44.52470 -125.38778     7.0641     7.0630   3.446585   3.446383    33.9264    33.9252     1.1546     2.3346    6.78894     0.0256     0.0289    99.2807      7.699  0.000e+00
          0    222.443    220.529   44.52470 -125.38778     7.0640     7.0632   3.446578   3.446395    33.9264    33.9252     1.1546     2.3340    6.78895     0.0256     0.0289    99.2807      7.699  0.000e+00
          0    222.443    220.529   44.52470 -125.38778     7.0642     7.0630   3.446585   3.446413    33.9262    33.9256     1.1546     2.3335    6.78892     0.0256     0.0289    99.2807      7.699  0.000e+00
          0    222.504    220.588   44.52470 -125.38778     7.0642     7.0630   3.446618   3.446383    33.9266    33.9252     1.1558     2.3378    6.78891     0.0256     0.0278    99.3073      7.699  0.000e+00
          0    222.443    220.529   44.52470 -125.38778     7.0647     7.0628   3.446625   3.446395    33.9262    33.9255     1.1546     2.3330    6.78885     0.0329     0.0278    99.3073      7.703  0.000e+00
          0    222.391    220.476   44.52470 -125.38778     7.0644     7.0627   3.446605   3.446383    33.9263    33.9256     1.1558     2.3379    6.78890     0.0256     0.0289    99.2807      7.699  0.000e+00
          0    222.443    220.529   44.52470 -125.38778     7.0644     7.0625   3.446598   3.446352    33.9262    33.9254     1.1558     2.3381    6.78890     0.0256     0.0278    99.3073      7.699  0.000e+00
          0    222.443    220.529   44.52470 -125.38778     7.0644     7.0618   3.446578   3.446395    33.9260    33.9265     1.1570     2.3424    6.78891     0.0256     0.0289    99.2807      7.703  0.000e+00
          0    222.443    220.529   44.52470 -125.38778     7.0644     7.0614   3.446545   3.446321    33.9257    33.9262     1.1558     2.3383    6.78893     0.0256     0.0278    99.3073      7.699  0.000e+00
          0    222.443    220.529   44.52470 -125.38778     7.0642     7.0611   3.446565   3.446260    33.9261    33.9258     1.1558     2.3390    6.78894     0.0329     0.0289    99.2807      7.699  0.000e+00
          0    222.391    220.476   44.52470 -125.38778     7.0639     7.0611   3.446545   3.446242    33.9262    33.9256     1.1558     2.3391    6.78898     0.0256     0.0289    99.2807      7.699  0.000e+00
          0    222.391    220.476   44.52470 -125.38778     7.0637     7.0609   3.446532   3.446230    33.9262    33.9256     1.1558     2.3398    6.78900     0.0256     0.0299    99.2541      7.703  0.000e+00
          0    222.391    220.476   44.52470 -125.38778     7.0637     7.0606   3.446512   3.446199    33.9260    33.9257     1.1558     2.3399    6.78901     0.0256     0.0321    99.2009      7.699  0.000e+00
          0    222.443    220.529   44.52470 -125.38778     7.0635     7.0604   3.446519   3.446181    33.9262    33.9256     1.1546     2.3359    6.78903     0.0256     0.0289    99.2807      7.699  0.000e+00
          0    222.391    220.476   44.52470 -125.38778     7.0632     7.0606   3.446532   3.446169    33.9267    33.9253     1.1558     2.3402    6.78906     0.0329     0.0278    99.3073      7.699  0.000e+00
          0    222.330    220.417   44.52470 -125.38778     7.0632     7.0602   3.446492   3.446138    33.9263    33.9253     1.1558     2.3404    6.78908     0.0256     0.0278    99.3073      7.699  0.000e+00
          0    222.443    220.529   44.52470 -125.38778     7.0632     7.0598   3.446492   3.446120    33.9262    33.9255     1.1558     2.3406    6.78908     0.0329     0.0278    99.3073      7.699  0.000e+00
          0    222.391    220.476   44.52470 -125.38778     7.0632     7.0596   3.446499   3.446071    33.9263    33.9252     1.1546     2.3354    6.78908     0.0256     0.0278    99.3073      7.699  0.000e+00
          0    222.330    220.417   44.52470 -125.38778     7.0631     7.0593   3.446519   3.446090    33.9267    33.9257     1.1558     2.3403    6.78908     0.0256     0.0278    99.3073      7.699  0.000e+00
          0    222.391    220.476   44.52470 -125.38778     7.0630     7.0588   3.446512   3.446102    33.9267    33.9263     1.1558     2.3399    6.78909     0.0329     0.0289    99.2807      7.699  0.000e+00
          0    222.330    220.417   44.52470 -125.38778     7.0634     7.0591   3.446519   3.446071    33.9264    33.9257     1.1558     2.3401    6.78904     0.0256     0.0289    99.2807      7.699  0.000e+00
          0    222.443    220.529   44.52470 -125.38778     7.0632     7.0588   3.446532   3.446059    33.9267    33.9258     1.1546     2.3355    6.78906     0.0256     0.0278    99.3073      7.703  0.000e+00
          0    222.278    220.364   44.52470 -125.38778     7.0634     7.0584   3.446499   3.446041    33.9262    33.9260     1.1546     2.3350    6.78905     0.0256     0.0289    99.2807      7.699  0.000e+00
          0    222.391    220.476   44.52470 -125.38778     7.0634     7.0587   3.446492   3.446010    33.9261    33.9254     1.1546     2.3341    6.78906     0.0256     0.0278    99.3073      7.699  0.000e+00
          0    222.330    220.417   44.52470 -125.38778     7.0634     7.0588   3.446499   3.445998    33.9261    33.9252     1.1546     2.3331    6.78905     0.0329     0.0278    99.3073      7.699  0.000e+00
          0    222.330    220.417   44.52470 -125.38778     7.0634     7.0594   3.446499   3.446010    33.9262    33.9247     1.1558     2.3369    6.78906     0.0256     0.0289    99.2807      7.699  0.000e+00
          0    222.330    220.417   44.52470 -125.38778     7.0634     7.0599   3.446519   3.446102    33.9264    33.9252     1.1558     2.3371    6.78904     0.0256     0.0278    99.3073      7.699  0.000e+00
          0    222.391    220.476   44.52470 -125.38778     7.0634     7.0602   3.446492   3.446120    33.9261    33.9251     1.1546     2.3331    6.78906     0.0256     0.0289    99.2807      7.699  0.000e+00
          0    222.278    220.364   44.52470 -125.38778     7.0634     7.0604   3.446492   3.446169    33.9261    33.9255     1.1546     2.3334    6.78905     0.0256     0.0289    99.2807      7.699  0.000e+00
          0    222.391    220.476   44.52470 -125.38778     7.0634     7.0602   3.446519   3.446169    33.9264    33.9256     1.1558     2.3385    6.78905     0.0329     0.0278    99.3073      7.699  0.000e+00
          0    222.330    220.417   44.52470 -125.38778     7.0634     7.0602   3.446512   3.446181    33.9263    33.9258     1.1558     2.3388    6.78905     0.0256     0.0278    99.3073      7.703  0.000e+00
          0    222.330    220.417   44.52470 -125.38778     7.0637     7.0606   3.446545   3.446230    33.9264    33.9260     1.1558     2.3385    6.78900     0.0329     0.0289    99.2807      7.699  0.000e+00
          0    222.330    220.417   44.52470 -125.38778     7.0636     7.0607   3.446519   3.446230    33.9262    33.9259     1.1558     2.3388    6.78903     0.0256     0.0321    99.2009      7.703  0.000e+00
          0    222.330    220.417   44.52470 -125.38778     7.0635     7.0609   3.446545   3.446212    33.9266    33.9255     1.1558     2.3391    6.78902     0.0256     0.0299    99.2541      7.699  0.000e+00
          0    222.330    220.417   44.52470 -125.38778     7.0637     7.0612   3.446552   3.446260    33.9264    33.9257     1.1558     2.3394    6.78899     0.0329     0.0289    99.2807      7.703  0.000e+00
          0    222.391    220.476   44.52470 -125.38778     7.0637     7.0614   3.446558   3.446230    33.9265    33.9252     1.1558     2.3397    6.78899     0.0256     0.0278    99.3073      7.699  0.000e+00
          0    222.278    220.364   44.52470 -125.38778     7.0637     7.0614   3.446545   3.446212    33.9264    33.9250     1.1558     2.3400    6.78900     0.0256     0.0278    99.3073      7.703  0.000e+00
          0    222.330    220.417   44.52470 -125.38778     7.0635     7.0607   3.446578   3.446199    33.9269    33.9255     1.1546     2.3355    6.78900     0.0256     0.0278    99.3073      7.699  0.000e+00
          0    222.330    220.417   44.52470 -125.38778     7.0637     7.0596   3.446552   3.446199    33.9264    33.9266     1.1558     2.3400    6.78899     0.0256     0.0278    99.3073      7.699  0.000e+00
          0    222.330    220.417   44.52470 -125.38778     7.0635     7.0587   3.446552   3.446120    33.9266    33.9267     1.1558     2.3397    6.78902     0.0329     0.0289    99.2807      7.699  0.000e+00
          0    222.330    220.417   44.52470 -125.38778     7.0636     7.0593   3.446545   3.446071    33.9265    33.9255     1.1546     2.3352    6.78901     0.0256     0.0289    99.2807      7.699  0.000e+00
          0    222.330    220.417   44.52470 -125.38778     7.0637     7.0593   3.446552   3.446071    33.9264    33.9255     1.1558     2.3397    6.78899     0.0256     0.0278    99.3073      7.699  0.000e+00
          0    222.330    220.417   44.52470 -125.38778     7.0637     7.0588   3.446565   3.446120    33.9266    33.9265     1.1546     2.3353    6.78899     0.0256     0.0278    99.3073      7.699  0.000e+00
          0    222.391    220.476   44.52470 -125.38778     7.0635     7.0581   3.446545   3.446041    33.9265    33.9263     1.1558     2.3398    6.78902     0.0256     0.0278    99.3073      7.699  0.000e+00
          0    222.330    220.417   44.52470 -125.38776     7.0637     7.0580   3.446532   3.446010    33.9262    33.9261     1.1546     2.3347    6.78900     0.0329     0.0278    99.3073      7.699  0.000e+00
          0    222.391    220.476   44.52470 -125.38776     7.0639     7.0580   3.446512   3.445998    33.9258    33.9260     1.1558     2.3393    6.78900     0.0256     0.0278    99.3073      7.699  0.000e+00
          0    222.391    220.476   44.52470 -125.38776     7.0637     7.0575   3.446505   3.445980    33.9259    33.9262     1.1546     2.3355    6.78902     0.0256     0.0278    99.3073      7.699  0.000e+00
          0    222.278    220.364   44.52470 -125.38776     7.0630     7.0575   3.446485   3.445980    33.9264    33.9263     1.1558     2.3401    6.78910     0.0256     0.0278    99.3073      7.699  0.000e+00
          0    222.391    220.476   44.52470 -125.38776     7.0628     7.0569   3.446452   3.445968    33.9262    33.9267     1.1558     2.3405    6.78915     0.0256     0.0278    99.3073      7.699  0.000e+00
          0    222.391    220.476   44.52470 -125.38776     7.0622     7.0564   3.446439   3.445919    33.9266    33.9267     1.1546     2.3355    6.78922     0.0329     0.0278    99.3073      7.699  0.000e+00
          0    222.330    220.417   44.52470 -125.38776     7.0621     7.0560   3.446419   3.445888    33.9266    33.9267     1.1546     2.3347    6.78924     0.0256     0.0278    99.3073      7.699  0.000e+00
          0    222.391    220.476   44.52470 -125.38776     7.0619     7.0559   3.446406   3.445870    33.9266    33.9266     1.1558     2.3387    6.78927     0.0256     0.0289    99.2807      7.699  0.000e+00
          0    222.391    220.476   44.52470 -125.38776     7.0616     7.0556   3.446452   3.445858    33.9274    33.9268     1.1558     2.3391    6.78928     0.0329     0.0321    99.2009      7.699  0.000e+00
          0    222.391    220.476   44.52470 -125.38776     7.0619     7.0556   3.446426   3.445858    33.9268    33.9267     1.1546     2.3341    6.78926     0.0256     0.0299    99.2541      7.699  0.000e+00
          0    222.443    220.529   44.52470 -125.38776     7.0621     7.0553   3.446452   3.445809    33.9269    33.9265     1.1546     2.3338    6.78922     0.0256     0.0278    99.3073      7.699  0.000e+00
          0    222.391    220.476   44.52470 -125.38776     7.0624     7.0553   3.446452   3.445827    33.9266    33.9268     1.1546     2.3336    6.78919     0.0256     0.0278    99.3073      7.699  0.000e+00
          0    222.391    220.476   44.52470 -125.38776     7.0626     7.0554   3.446459   3.445766    33.9265    33.9259     1.1558     2.3388    6.78917     0.0256     0.0278    99.3073      7.699  0.000e+00
          0    222.444    220.529   44.52470 -125.38776     7.0624     7.0557   3.446472   3.445778    33.9268    33.9258     1.1558     2.3393    6.78919     0.0256     0.0289    99.2807      7.699  0.000e+00
          0    222.391    220.476   44.52470 -125.38776     7.0626     7.0556   3.446472   3.445797    33.9267    33.9261     1.1558     2.3397    6.78916     0.0256     0.0278    99.3073      7.699  0.000e+00
          0    222.496    220.581   44.52470 -125.38776     7.0626     7.0558   3.446459   3.445827    33.9265    33.9262     1.1558     2.3402    6.78917     0.0329     0.0278    99.3073      7.703  0.000e+00
          0    222.391    220.476   44.52470 -125.38776     7.0624     7.0559   3.446446   3.445839    33.9265    33.9263     1.1546     2.3358    6.78919     0.0256     0.0278    99.3073      7.699  0.000e+00
          0    222.504    220.588   44.52470 -125.38776     7.0622     7.0564   3.446399   3.445888    33.9262    33.9263     1.1558     2.3406    6.78924     0.0256     0.0278    99.3073      7.699  0.000e+00
          0    222.444    220.529   44.52470 -125.38776     7.0621     7.0570   3.446399   3.445858    33.9263    33.9254     1.1558     2.3404    6.78925     0.0329     0.0289    99.2807      7.699  0.000e+00
          0    222.444    220.529   44.52470 -125.38776     7.0619     7.0566   3.446366   3.445900    33.9262    33.9263     1.1558     2.3408    6.78929     0.0256     0.0289    99.2807      7.699  0.000e+00
          0    222.504    220.589   44.52470 -125.38776     7.0621     7.0560   3.446366   3.445919    33.9259    33.9270     1.1546     2.3365    6.78927     0.0329     0.0278    99.3073      7.699  0.000e+00
          0    222.504    220.589   44.52470 -125.38776     7.0617     7.0556   3.446379   3.445888    33.9264    33.9271     1.1546     2.3364    6.78930     0.0256     0.0278    99.3073      7.699  0.000e+00
          0    222.496    220.581   44.52470 -125.38776     7.0616     7.0551   3.446333   3.445778    33.9260    33.9263     1.1558     2.3405    6.78934     0.0256     0.0278    99.3073      7.699  0.000e+00
          0    222.504    220.589   44.52470 -125.38776     7.0611     7.0549   3.446333   3.445797    33.9266    33.9267     1.1558     2.3410    6.78940     0.0256     0.0289    99.2807      7.699  0.000e+00
          0    222.504    220.589   44.52470 -125.38776     7.0606     7.0548   3.446280   3.445705    33.9264    33.9259     1.1546     2.3367    6.78948     0.0256     0.0278    99.3073      7.699  0.000e+00
