AT50-29/CTD Data/AT50-29_CTD-005.ros
* Sea-Bird SBE 9 Data File:
* FileName = C:\data\ctd\at50-29005.hex
* Software Version Seasave V 7.26.7.121
* Temperature SN = 4312
* Conductivity SN = 3521
* Number of Bytes Per Scan = 40
* Number of Voltage Words = 5
* Number of Scans Averaged by the Deck Unit = 1
* NMEA Latitude = 44 31.90 N
* NMEA Longitude = 125 22.82 W
* NMEA UTC (Time) = Aug 23 2024  09:16:46
** Ship: atlantis
** Station: Slope Base
** Operator: JN
# nquan = 20
# nvalues = 2328                                  
# units = specified
# name 0 = modError: Modulo Error Count
# name 1 = prDM: Pressure, Digiquartz [db]
# name 2 = depSM: Depth [salt water, m]
# name 3 = latitude: Latitude [deg]
# name 4 = longitude: Longitude [deg]
# name 5 = t090C: Temperature [ITS-90, deg C]
# name 6 = t190C: Temperature, 2 [ITS-90, deg C]
# name 7 = c0S/m: Conductivity [S/m]
# name 8 = c1S/m: Conductivity, 2 [S/m]
# name 9 = sal00: Salinity, Practical [PSU]
# name 10 = sal11: Salinity, Practical, 2 [PSU]
# name 11 = sbeox0V: Oxygen raw, SBE 43 [V]
# name 12 = sbeox0ML/L: Oxygen, SBE 43 [ml/l]
# name 13 = oxsolML/L: Oxygen Saturation, Garcia & Gordon [ml/l]
# name 14 = flECO-AFL: Fluorescence, WET Labs ECO-AFL/FL [mg/m^3]
# name 15 = CStarAt0: Beam Attenuation, WET Labs C-Star [1/m]
# name 16 = CStarTr0: Beam Transmission, WET Labs C-Star [%]
# name 17 = scan: Scan Count
# name 18 = nbf: Bottles Fired
# name 19 = flag:  0.000e+00
# interval = seconds: 0.0416667
# start_time = Aug 23 2024 09:16:46 [NMEA time, header]
# bad_flag = -9.990e-29
*END*
[from data line 1231]
          0   1263.688   1249.689   44.53166 -125.38040     3.0404     3.0404   3.182271   3.182182    34.4745    34.4734     0.5859     0.4771    7.44294     0.0329     0.0096    99.7593     153882         13  0.000e+00
          0   1263.627   1249.629   44.53166 -125.38040     3.0406     3.0401   3.182265   3.182176    34.4743    34.4737     0.5847     0.4709    7.44292     0.0329     0.0096    99.7593     153883         13  0.000e+00
          0   1263.688   1249.689   44.53166 -125.38040     3.0405     3.0403   3.182284   3.182176    34.4746    34.4735     0.5847     0.4702    7.44292     0.0329     0.0096    99.7593     153884         13  0.000e+00
          0   1263.681   1249.682   44.53166 -125.38040     3.0406     3.0404   3.182290   3.182146    34.4746    34.4730     0.5847     0.4695    7.44290     0.0329     0.0096    99.7593     153885         13  0.000e+00
          0   1263.627   1249.629   44.53166 -125.38040     3.0404     3.0403   3.182290   3.182205    34.4748    34.4739     0.5847     0.4699    7.44292     0.0329     0.0096    99.7593     153886         13  0.000e+00
          0   1263.689   1249.689   44.53166 -125.38040     3.0407     3.0404   3.182271   3.182182    34.4742    34.4734     0.5847     0.4692    7.44289     0.0402     0.0096    99.7593     153887         13  0.000e+00
          0   1263.627   1249.629   44.53166 -125.38040     3.0406     3.0404   3.182265   3.182176    34.4743    34.4734     0.5835     0.4620    7.44292     0.0329     0.0096    99.7593     153888         13  0.000e+00
          0   1263.689   1249.689   44.53166 -125.38040     3.0406     3.0404   3.182245   3.182205    34.4740    34.4737     0.5847     0.4679    7.44292     0.0329     0.0096    99.7593     153889         13  0.000e+00
          0   1263.627   1249.629   44.53166 -125.38040     3.0409     3.0406   3.182271   3.182235    34.4740    34.4739     0.5859     0.4738    7.44287     0.0329     0.0096    99.7593     153890         13  0.000e+00
          0   1263.627   1249.629   44.53166 -125.38040     3.0406     3.0406   3.182290   3.182235    34.4746    34.4739     0.5859     0.4743    7.44290     0.0329     0.0096    99.7593     153891         13  0.000e+00
          0   1263.681   1249.682   44.53166 -125.38040     3.0407     3.0406   3.182310   3.182205    34.4746    34.4735     0.5859     0.4758    7.44287     0.0402     0.0096    99.7593     153892         13  0.000e+00
          0   1263.627   1249.629   44.53166 -125.38040     3.0407     3.0407   3.182284   3.182211    34.4743    34.4735     0.5859     0.4774    7.44288     0.0329     0.0096    99.7593     153893         13  0.000e+00
          0   1263.689   1249.690   44.53166 -125.38040     3.0406     3.0409   3.182284   3.182205    34.4744    34.4732     0.5847     0.4725    7.44290     0.0402     0.0096    99.7593     153894         13  0.000e+00
          0   1263.627   1249.629   44.53166 -125.38040     3.0407     3.0408   3.182290   3.182205    34.4744    34.4733     0.5859     0.4795    7.44288     0.0402     0.0096    99.7593     153895         13  0.000e+00
          0   1263.689   1249.690   44.53166 -125.38040     3.0406     3.0409   3.182310   3.182235    34.4748    34.4735     0.5847     0.4746    7.44289     0.0402     0.0096    99.7593     153896         13  0.000e+00
          0   1263.627   1249.629   44.53166 -125.38040     3.0407     3.0409   3.182303   3.182205    34.4746    34.4732     0.5859     0.4805    7.44287     0.0475     0.0139    99.6529     153897         13  0.000e+00
          0   1263.743   1249.743   44.53166 -125.38040     3.0407     3.0406   3.182271   3.182241    34.4741    34.4739     0.5859     0.4810    7.44290     0.0402     0.0128    99.6795     153898         13  0.000e+00
          0   1263.689   1249.690   44.53166 -125.38040     3.0410     3.0409   3.182284   3.182205    34.4740    34.4732     0.5847     0.4760    7.44285     0.0475     0.0107    99.7327     153899         13  0.000e+00
          0   1263.681   1249.682   44.53166 -125.38040     3.0407     3.0409   3.182329   3.182265    34.4749    34.4738     0.5847     0.4754    7.44286     0.0402     0.0096    99.7593     153900         13  0.000e+00
          0   1263.628   1249.629   44.53166 -125.38040     3.0407     3.0409   3.182290   3.182235    34.4744    34.4736     0.5835     0.4682    7.44288     0.0402     0.0096    99.7593     153901         13  0.000e+00
          0   1263.743   1249.743   44.53166 -125.38040     3.0407     3.0407   3.182284   3.182235    34.4743    34.4737     0.5847     0.4742    7.44289     0.0402     0.0096    99.7593     153902         13  0.000e+00
          0   1263.743   1249.743   44.53166 -125.38040     3.0408     3.0411   3.182310   3.182205    34.4745    34.4730     0.5847     0.4736    7.44286     0.0402     0.0096    99.7593     153903         13  0.000e+00
          0   1263.689   1249.690   44.53166 -125.38040     3.0409     3.0407   3.182323   3.182211    34.4746    34.4734     0.5847     0.4742    7.44284     0.0475     0.0096    99.7593     153904         13  0.000e+00
          0   1263.743   1249.743   44.53166 -125.38040     3.0409     3.0408   3.182323   3.182205    34.4746    34.4733     0.5847     0.4737    7.44284     0.0402     0.0096    99.7593     153905         13  0.000e+00
          0   1263.743   1249.743   44.53166 -125.38040     3.0407     3.0406   3.182323   3.182205    34.4748    34.4735     0.5847     0.4732    7.44286     0.0475     0.0096    99.7593     153906         13  0.000e+00
          0   1263.743   1249.743   44.53166 -125.38040     3.0406     3.0411   3.182323   3.182205    34.4749    34.4730     0.5847     0.4739    7.44288     0.0402     0.0096    99.7593     153907         13  0.000e+00
          0   1263.804   1249.804   44.53166 -125.38040     3.0406     3.0407   3.182303   3.182235    34.4746    34.4737     0.5847     0.4734    7.44289     0.0402     0.0096    99.7593     153908         13  0.000e+00
          0   1263.743   1249.743   44.53166 -125.38040     3.0409     3.0411   3.182271   3.182211    34.4740    34.4731     0.5859     0.4795    7.44287     0.0475     0.0096    99.7593     153909         13  0.000e+00
          0   1263.797   1249.796   44.53166 -125.38040     3.0407     3.0409   3.182303   3.182235    34.4745    34.4734     0.5847     0.4747    7.44288     0.0402     0.0096    99.7593     153910         13  0.000e+00
          0   1263.804   1249.804   44.53166 -125.38040     3.0409     3.0409   3.182323   3.182205    34.4746    34.4731     0.5847     0.4742    7.44284     0.0475     0.0096    99.7593     153911         13  0.000e+00
          0   1263.884   1249.882   44.53166 -125.38040     3.0410     3.0407   3.182361   3.182235    34.4748    34.4736     0.5847     0.4812    7.44280     0.0329     0.0096    99.7593     154574         14  0.000e+00
          0   1263.938   1249.935   44.53166 -125.38040     3.0410     3.0408   3.182329   3.182205    34.4744    34.4732     0.5859     0.4869    7.44282     0.0329     0.0096    99.7593     154575         14  0.000e+00
          0   1263.999   1249.995   44.53166 -125.38040     3.0410     3.0407   3.182323   3.182235    34.4743    34.4736     0.5847     0.4807    7.44283     0.0329     0.0096    99.7593     154576         14  0.000e+00
          0   1263.938   1249.935   44.53166 -125.38040     3.0411     3.0407   3.182323   3.182241    34.4742    34.4737     0.5834     0.4733    7.44281     0.0329     0.0096    99.7593     154577         14  0.000e+00
          0   1263.945   1249.943   44.53166 -125.38040     3.0410     3.0407   3.182342   3.182205    34.4745    34.4732     0.5859     0.4845    7.44282     0.0329     0.0096    99.7593     154578         14  0.000e+00
          0   1264.053   1250.049   44.53166 -125.38040     3.0412     3.0409   3.182355   3.182205    34.4745    34.4730     0.5847     0.4794    7.44279     0.0402     0.0107    99.7327     154579         14  0.000e+00
          0   1264.061   1250.056   44.53166 -125.38040     3.0410     3.0406   3.182348   3.182235    34.4746    34.4736     0.5847     0.4786    7.44281     0.0329     0.0096    99.7593     154580         14  0.000e+00
          0   1263.999   1249.996   44.53166 -125.38040     3.0409     3.0407   3.182310   3.182265    34.4743    34.4739     0.5859     0.4843    7.44286     0.0329     0.0096    99.7593     154581         14  0.000e+00
          0   1264.053   1250.049   44.53166 -125.38040     3.0410     3.0409   3.182290   3.182235    34.4739    34.4734     0.5847     0.4781    7.44286     0.0329     0.0096    99.7593     154582         14  0.000e+00
          0   1264.114   1250.109   44.53166 -125.38040     3.0410     3.0407   3.182310   3.182271    34.4741    34.4739     0.5847     0.4773    7.44284     0.0402     0.0096    99.7593     154583         14  0.000e+00
          0   1264.053   1250.049   44.53166 -125.38040     3.0410     3.0408   3.182342   3.182205    34.4745    34.4731     0.5847     0.4776    7.44282     0.0475     0.0139    99.6529     154584         14  0.000e+00
          0   1264.114   1250.109   44.53166 -125.38040     3.0410     3.0406   3.182329   3.182235    34.4743    34.4737     0.5859     0.4833    7.44283     0.0402     0.0128    99.6795     154585         14  0.000e+00
          0   1264.176   1250.170   44.53166 -125.38040     3.0410     3.0411   3.182323   3.182235    34.4742    34.4731     0.5847     0.4771    7.44283     0.0475     0.0107    99.7327     154586         14  0.000e+00
          0   1264.115   1250.109   44.53166 -125.38040     3.0410     3.0407   3.182342   3.182235    34.4745    34.4735     0.5859     0.4828    7.44283     0.0402     0.0096    99.7593     154587         14  0.000e+00
          0   1264.176   1250.170   44.53166 -125.38040     3.0410     3.0407   3.182329   3.182211    34.4743    34.4732     0.5847     0.4765    7.44283     0.0402     0.0096    99.7593     154588         14  0.000e+00
          0   1264.230   1250.223   44.53166 -125.38040     3.0409     3.0409   3.182323   3.182265    34.4743    34.4736     0.5859     0.4821    7.44286     0.0402     0.0096    99.7593     154589         14  0.000e+00
          0   1264.176   1250.170   44.53166 -125.38040     3.0409     3.0407   3.182342   3.182235    34.4746    34.4735     0.5847     0.4758    7.44284     0.0402     0.0096    99.7593     154590         14  0.000e+00
          0   1264.230   1250.223   44.53166 -125.38040     3.0407     3.0407   3.182348   3.182235    34.4748    34.4734     0.5859     0.4814    7.44286     0.0402     0.0096    99.7593     154591         14  0.000e+00
          0   1264.291   1250.284   44.53164 -125.38040     3.0410     3.0407   3.182336   3.182235    34.4744    34.4734     0.5847     0.4750    7.44284     0.0402     0.0096    99.7593     154592         14  0.000e+00
          0   1264.230   1250.223   44.53164 -125.38040     3.0409     3.0407   3.182323   3.182176    34.4743    34.4727     0.5847     0.4740    7.44286     0.0475     0.0096    99.7593     154593         14  0.000e+00
          0   1264.291   1250.284   44.53164 -125.38040     3.0407     3.0405   3.182342   3.182241    34.4747    34.4738     0.5847     0.4719    7.44287     0.0402     0.0096    99.7593     154594         14  0.000e+00
          0   1264.353   1250.344   44.53164 -125.38040     3.0409     3.0406   3.182355   3.182206    34.4747    34.4732     0.5847     0.4709    7.44284     0.0402     0.0107    99.7327     154595         14  0.000e+00
          0   1264.291   1250.284   44.53164 -125.38040     3.0409     3.0406   3.182348   3.182265    34.4746    34.4739     0.5847     0.4698    7.44284     0.0402     0.0096    99.7593     154596         14  0.000e+00
          0   1264.353   1250.344   44.53164 -125.38040     3.0410     3.0406   3.182348   3.182235    34.4745    34.4736     0.5847     0.4700    7.44283     0.0402     0.0096    99.7593     154597         14  0.000e+00
          0   1264.345   1250.337   44.53164 -125.38040     3.0407     3.0407   3.182355   3.182235    34.4748    34.4734     0.5847     0.4702    7.44286     0.0475     0.0096    99.7593     154598         14  0.000e+00
          0   1264.407   1250.397   44.53164 -125.38040     3.0409     3.0405   3.182329   3.182241    34.4743    34.4737     0.5847     0.4704    7.44286     0.0402     0.0096    99.7593     154599         14  0.000e+00
          0   1264.407   1250.398   44.53164 -125.38040     3.0407     3.0407   3.182323   3.182206    34.4744    34.4730     0.5859     0.4772    7.44288     0.0475     0.0096    99.7593     154600         14  0.000e+00
          0   1264.407   1250.398   44.53164 -125.38040     3.0407     3.0406   3.182342   3.182265    34.4747    34.4739     0.5859     0.4774    7.44287     0.0402     0.0096    99.7593     154601         14  0.000e+00
          0   1264.407   1250.398   44.53164 -125.38040     3.0408     3.0406   3.182348   3.182265    34.4747    34.4739     0.5847     0.4723    7.44286     0.0402     0.0096    99.7593     154602         14  0.000e+00
          0   1264.522   1250.511   44.53164 -125.38040     3.0407     3.0408   3.182348   3.182265    34.4747    34.4736     0.5847     0.4714    7.44287     0.0402     0.0096    99.7593     154603         14  0.000e+00
          0   1264.468   1250.458   44.53164 -125.38040     3.0409     3.0406   3.182336   3.182235    34.4744    34.4735     0.5859     0.4770    7.44285     0.0402     0.0139    99.6529     154604         14  0.000e+00
          0   1264.522   1250.511   44.53164 -125.38040     3.0407     3.0404   3.182342   3.182241    34.4746    34.4737     0.5847     0.4707    7.44287     0.0475     0.0128    99.6795     154605         14  0.000e+00
          0   1264.468   1250.458   44.53164 -125.38040     3.0408     3.0406   3.182310   3.182206    34.4742    34.4731     0.5859     0.4763    7.44288     0.0402     0.0107    99.7327     154606         14  0.000e+00
          0   1264.522   1250.511   44.53164 -125.38040     3.0407     3.0407   3.182310   3.182235    34.4742    34.4733     0.5834     0.4645    7.44289     0.0475     0.0096    99.7593     154607         14  0.000e+00
          0   1264.576   1250.564   44.53164 -125.38040     3.0407     3.0403   3.182323   3.182265    34.4743    34.4741     0.5847     0.4691    7.44288     0.0329     0.0096    99.7593     154608         14  0.000e+00
          0   1264.584   1250.572   44.53164 -125.38040     3.0409     3.0406   3.182361   3.182265    34.4746    34.4738     0.5847     0.4682    7.44284     0.0256     0.0096    99.7593     154609         14  0.000e+00
          0   1264.576   1250.564   44.53164 -125.38040     3.0409     3.0406   3.182361   3.182271    34.4746    34.4739     0.5859     0.4750    7.44284     0.0256     0.0096    99.7593     154610         14  0.000e+00
          0   1264.638   1250.625   44.53164 -125.38040     3.0408     3.0407   3.182368   3.182206    34.4748    34.4729     0.5847     0.4699    7.44285     0.0256     0.0096    99.7593     154611         14  0.000e+00
          0   1264.576   1250.564   44.53164 -125.38040     3.0409     3.0406   3.182361   3.182235    34.4746    34.4734     0.5847     0.4690    7.44284     0.0256     0.0086    99.7859     154612         14  0.000e+00
          0   1264.638   1250.625   44.53164 -125.38040     3.0410     3.0406   3.182349   3.182265    34.4743    34.4737     0.5847     0.4693    7.44283     0.0256     0.0096    99.7593     154613         14  0.000e+00
          0   1264.638   1250.625   44.53164 -125.38040     3.0409     3.0406   3.182355   3.182235    34.4745    34.4734     0.5859     0.4762    7.44285     0.0329     0.0096    99.7593     154614         14  0.000e+00
          0   1264.691   1250.678   44.53164 -125.38040     3.0409     3.0406   3.182349   3.182241    34.4744    34.4735     0.5859     0.4777    7.44285     0.0256     0.0096    99.7593     154615         14  0.000e+00
