AT50-29/CTD Data/AT50-29_CTD-006.ros
* Sea-Bird SBE 9 Data File:
* FileName = C:\data\ctd\at50-29006.hex
* Software Version Seasave V 7.26.7.121
* Temperature SN = 4312
* Conductivity SN = 3521
* Number of Bytes Per Scan = 40
* Number of Voltage Words = 5
* Number of Scans Averaged by the Deck Unit = 1
* NMEA Latitude = 44 22.34 N
* NMEA Longitude = 124 57.16 W
* NMEA UTC (Time) = Aug 28 2024  03:28:33
** Ship: atlantis
** Station: Endurance Offshore
** Operator: JN
# nquan = 21
# nvalues = 2328                                  
# units = specified
# name 0 = modError: Modulo Error Count
# name 1 = prDM: Pressure, Digiquartz [db]
# name 2 = depSM: Depth [salt water, m]
# name 3 = latitude: Latitude [deg]
# name 4 = longitude: Longitude [deg]
# name 5 = t090C: Temperature [ITS-90, deg C]
# name 6 = t190C: Temperature, 2 [ITS-90, deg C]
# name 7 = c0S/m: Conductivity [S/m]
# name 8 = c1S/m: Conductivity, 2 [S/m]
# name 9 = sal00: Salinity, Practical [PSU]
# name 10 = sal11: Salinity, Practical, 2 [PSU]
# name 11 = sbeox0V: Oxygen raw, SBE 43 [V]
# name 12 = sbeox0ML/L: Oxygen, SBE 43 [ml/l]
# name 13 = oxsolML/L: Oxygen Saturation, Garcia & Gordon [ml/l]
# name 14 = flECO-AFL: Fluorescence, WET Labs ECO-AFL/FL [mg/m^3]
# name 15 = CStarAt0: Beam Attenuation, WET Labs C-Star [1/m]
# name 16 = CStarTr0: Beam Transmission, WET Labs C-Star [%]
# name 17 = ph: pH
# name 18 = scan: Scan Count
# name 19 = nbf: Bottles Fired
# name 20 = flag:  0.000e+00
# interval = seconds: 0.0416667
# start_time = Aug 28 2024 03:28:33 [NMEA time, header]
# bad_flag = -9.990e-29
*END*
[from data line 828]
          0    404.032    400.385   44.37236 -124.95266     5.9330     5.9332   3.366431   3.366435    34.0718    34.0717     0.7622     1.0362    6.96236     0.0402     0.0439    98.9085      7.606      56001          9  0.000e+00
          0    404.033    400.385   44.37236 -124.95266     5.9330     5.9329   3.366398   3.366405    34.0715    34.0716     0.7610     1.0320    6.96238     0.0329     0.0450    98.8819      7.606      56002          9  0.000e+00
          0    403.980    400.332   44.37236 -124.95266     5.9328     5.9334   3.366398   3.366435    34.0717    34.0715     0.7598     1.0272    6.96240     0.0329     0.0450    98.8819      7.606      56003          9  0.000e+00
          0    404.033    400.385   44.37236 -124.95266     5.9327     5.9333   3.366392   3.366447    34.0717    34.0717     0.7598     1.0269    6.96242     0.0329     0.0450    98.8819      7.606      56004          9  0.000e+00
          0    403.919    400.273   44.37236 -124.95266     5.9328     5.9335   3.366398   3.366404    34.0717    34.0711     0.7598     1.0266    6.96239     0.0329     0.0450    98.8819      7.606      56005          9  0.000e+00
          0    404.070    400.422   44.37236 -124.95266     5.9327     5.9334   3.366405   3.366435    34.0719    34.0715     0.7610     1.0314    6.96241     0.0329     0.0450    98.8819      7.606      56006          9  0.000e+00
          0    403.919    400.273   44.37236 -124.95266     5.9328     5.9336   3.366385   3.366465    34.0716    34.0716     0.7598     1.0260    6.96240     0.0329     0.0450    98.8819      7.606      56007          9  0.000e+00
          0    404.033    400.385   44.37236 -124.95266     5.9325     5.9334   3.366359   3.366435    34.0715    34.0715     0.7610     1.0308    6.96245     0.0329     0.0450    98.8819      7.611      56008          9  0.000e+00
          0    403.980    400.333   44.37236 -124.95266     5.9325     5.9332   3.366372   3.366417    34.0717    34.0715     0.7598     1.0261    6.96244     0.0329     0.0450    98.8819      7.606      56009          9  0.000e+00
          0    403.980    400.333   44.37236 -124.95266     5.9322     5.9335   3.366359   3.366435    34.0719    34.0714     0.7610     1.0317    6.96249     0.0329     0.0450    98.8819      7.606      56010          9  0.000e+00
          0    403.919    400.273   44.37236 -124.95266     5.9325     5.9335   3.366352   3.366435    34.0715    34.0714     0.7598     1.0270    6.96245     0.0329     0.0450    98.8819      7.606      56011          9  0.000e+00
          0    404.071    400.423   44.37236 -124.95266     5.9325     5.9335   3.366372   3.366435    34.0716    34.0714     0.7598     1.0268    6.96245     0.0329     0.0450    98.8819      7.606      56012          9  0.000e+00
          0    403.980    400.333   44.37236 -124.95266     5.9325     5.9334   3.366378   3.366435    34.0718    34.0715     0.7598     1.0266    6.96244     0.0329     0.0450    98.8819      7.611      56013          9  0.000e+00
          0    403.980    400.333   44.37236 -124.95266     5.9324     5.9332   3.366359   3.366417    34.0717    34.0715     0.7610     1.0316    6.96247     0.0402     0.0450    98.8819      7.606      56014          9  0.000e+00
          0    403.980    400.333   44.37236 -124.95266     5.9325     5.9334   3.366391   3.366404    34.0719    34.0712     0.7610     1.0315    6.96243     0.0402     0.0450    98.8819      7.611      56015          9  0.000e+00
          0    403.980    400.333   44.37236 -124.95266     5.9327     5.9331   3.366411   3.366404    34.0720    34.0715     0.7598     1.0268    6.96241     0.0329     0.0439    98.9085      7.606      56016          9  0.000e+00
          0    403.980    400.333   44.37236 -124.95266     5.9328     5.9332   3.366391   3.366374    34.0716    34.0711     0.7610     1.0318    6.96240     0.0329     0.0450    98.8819      7.606      56017          9  0.000e+00
          0    404.018    400.370   44.37236 -124.95266     5.9327     5.9331   3.366398   3.366404    34.0718    34.0715     0.7598     1.0265    6.96241     0.0329     0.0461    98.8553      7.606      56018          9  0.000e+00
          0    403.980    400.333   44.37236 -124.95266     5.9327     5.9332   3.366411   3.366417    34.0720    34.0715     0.7610     1.0315    6.96241     0.0329     0.0493    98.7755      7.606      56019          9  0.000e+00
          0    404.033    400.386   44.37236 -124.95266     5.9330     5.9332   3.366431   3.366405    34.0719    34.0713     0.7610     1.0320    6.96236     0.0329     0.0461    98.8553      7.606      56020          9  0.000e+00
          0    403.980    400.333   44.37236 -124.95266     5.9330     5.9332   3.366457   3.366374    34.0721    34.0710     0.7598     1.0267    6.96234     0.0329     0.0439    98.9085      7.606      56021          9  0.000e+00
          0    403.980    400.333   44.37236 -124.95266     5.9332     5.9333   3.366451   3.366435    34.0719    34.0716     0.7610     1.0310    6.96233     0.0329     0.0439    98.9085      7.606      56022          9  0.000e+00
          0    404.018    400.371   44.37236 -124.95266     5.9336     5.9332   3.366451   3.366404    34.0714    34.0713     0.7610     1.0315    6.96227     0.0329     0.0439    98.9085      7.606      56023          9  0.000e+00
          0    404.033    400.386   44.37236 -124.95266     5.9335     5.9332   3.366464   3.366417    34.0717    34.0715     0.7610     1.0313    6.96229     0.0329     0.0439    98.9085      7.606      56024          9  0.000e+00
          0    404.033    400.386   44.37236 -124.95266     5.9340     5.9333   3.366470   3.366404    34.0713    34.0712     0.7598     1.0267    6.96222     0.0329     0.0439    98.9085      7.606      56025          9  0.000e+00
          0    403.981    400.333   44.37236 -124.95266     5.9336     5.9332   3.366490   3.366404    34.0719    34.0713     0.7610     1.0316    6.96225     0.0329     0.0439    98.9085      7.606      56026          9  0.000e+00
          0    404.034    400.386   44.37236 -124.95266     5.9338     5.9332   3.366523   3.366374    34.0721    34.0710     0.7598     1.0270    6.96222     0.0402     0.0439    98.9085      7.606      56027          9  0.000e+00
          0    404.087    400.438   44.37236 -124.95266     5.9338     5.9329   3.366464   3.366374    34.0713    34.0713     0.7598     1.0276    6.96225     0.0475     0.0439    98.9085      7.611      56028          9  0.000e+00
          0    404.018    400.371   44.37236 -124.95266     5.9340     5.9329   3.366529   3.366386    34.0720    34.0714     0.7598     1.0275    6.96219     0.0402     0.0428    98.9351      7.606      56029          9  0.000e+00
          0    404.034    400.386   44.37236 -124.95266     5.9338     5.9330   3.366523   3.366374    34.0721    34.0712     0.7610     1.0318    6.96222     0.0402     0.0439    98.9085      7.606      56030          9  0.000e+00
          0    404.087    400.438   44.37236 -124.95266     5.9341     5.9331   3.366523   3.366374    34.0717    34.0711     0.7610     1.0324    6.96218     0.0402     0.0439    98.9085      7.606      56031          9  0.000e+00
          0    404.087    400.438   44.37236 -124.95266     5.9340     5.9329   3.366510   3.366374    34.0717    34.0713     0.7610     1.0323    6.96220     0.0402     0.0439    98.9085      7.606      56032          9  0.000e+00
          0    404.034    400.386   44.37236 -124.95266     5.9341     5.9329   3.366503   3.366374    34.0715    34.0713     0.7598     1.0278    6.96219     0.0402     0.0439    98.9085      7.611      56033          9  0.000e+00
          0    404.087    400.438   44.37236 -124.95266     5.9340     5.9331   3.366503   3.366356    34.0716    34.0709     0.7610     1.0321    6.96221     0.0402     0.0439    98.9085      7.606      56034          9  0.000e+00
          0    404.132    400.483   44.37236 -124.95266     5.9341     5.9327   3.366523   3.366344    34.0717    34.0711     0.7598     1.0276    6.96218     0.0402     0.0439    98.9085      7.606      56035          9  0.000e+00
          0    404.147    400.498   44.37236 -124.95266     5.9340     5.9328   3.366529   3.366344    34.0719    34.0711     0.7610     1.0319    6.96219     0.0402     0.0439    98.9085      7.606      56036          9  0.000e+00
          0    404.087    400.439   44.37236 -124.95266     5.9340     5.9325   3.366510   3.366374    34.0717    34.0717     0.7598     1.0273    6.96220     0.0402     0.0439    98.9085      7.606      56037          9  0.000e+00
          0    404.087    400.439   44.37236 -124.95266     5.9341     5.9328   3.366543   3.366344    34.0719    34.0711     0.7610     1.0324    6.96217     0.0402     0.0450    98.8819      7.606      56038          9  0.000e+00
          0    404.147    400.499   44.37236 -124.95266     5.9340     5.9326   3.366523   3.366356    34.0718    34.0714     0.7598     1.0278    6.96220     0.0402     0.0482    98.8021      7.606      56039          9  0.000e+00
          0    404.147    400.499   44.37236 -124.95266     5.9341     5.9323   3.366523   3.366344    34.0717    34.0715     0.7610     1.0322    6.96218     0.0402     0.0461    98.8553      7.611      56040          9  0.000e+00
          0    404.132    400.484   44.37236 -124.95266     5.9341     5.9324   3.366523   3.366344    34.0717    34.0714     0.7598     1.0270    6.96218     0.0402     0.0439    98.9085      7.606      56041          9  0.000e+00
          0    404.200    400.551   44.37236 -124.95266     5.9340     5.9323   3.366484   3.366284    34.0714    34.0708     0.7610     1.0320    6.96222     0.0402     0.0450    98.8819      7.611      56042          9  0.000e+00
          0    404.200    400.551   44.37236 -124.95266     5.9340     5.9320   3.366510   3.366284    34.0717    34.0711     0.7598     1.0268    6.96221     0.0475     0.0450    98.8819      7.606      56043          9  0.000e+00
          0    404.148    400.499   44.37236 -124.95266     5.9340     5.9324   3.366490   3.366296    34.0715    34.0708     0.7610     1.0318    6.96222     0.0475     0.0439    98.9085      7.606      56044          9  0.000e+00
          0    404.201    400.551   44.37236 -124.95266     5.9338     5.9322   3.366490   3.366284    34.0716    34.0709     0.7598     1.0266    6.96224     0.0475     0.0439    98.9085      7.611      56045          9  0.000e+00
          0    403.948    400.301   44.37236 -124.95268     5.9325     5.9324   3.366398   3.366326    34.0720    34.0713     0.7610     1.0303    6.96243     0.0475     0.0471    98.8287      7.606      56666         10  0.000e+00
          0    404.008    400.361   44.37236 -124.95268     5.9327     5.9325   3.366391   3.366314    34.0717    34.0710     0.7598     1.0249    6.96242     0.0402     0.0450    98.8819      7.611      56667         10  0.000e+00
          0    403.986    400.338   44.37236 -124.95268     5.9328     5.9324   3.366346   3.366344    34.0711    34.0715     0.7598     1.0246    6.96242     0.0475     0.0450    98.8819      7.606      56668         10  0.000e+00
          0    404.061    400.413   44.37236 -124.95268     5.9328     5.9324   3.366392   3.366344    34.0716    34.0714     0.7610     1.0294    6.96240     0.0402     0.0450    98.8819      7.606      56669         10  0.000e+00
          0    403.948    400.301   44.37236 -124.95268     5.9327     5.9323   3.366411   3.366314    34.0720    34.0712     0.7598     1.0247    6.96241     0.0402     0.0450    98.8819      7.606      56670         10  0.000e+00
          0    404.008    400.361   44.37236 -124.95268     5.9325     5.9328   3.366391   3.366326    34.0719    34.0709     0.7622     1.0347    6.96244     0.0402     0.0450    98.8819      7.606      56671         10  0.000e+00
          0    404.008    400.361   44.37236 -124.95268     5.9328     5.9323   3.366378   3.366344    34.0714    34.0715     0.7610     1.0313    6.96241     0.0402     0.0450    98.8819      7.611      56672         10  0.000e+00
          0    404.008    400.361   44.37236 -124.95268     5.9327     5.9324   3.366418   3.366344    34.0720    34.0714     0.7598     1.0266    6.96240     0.0402     0.0450    98.8819      7.606      56673         10  0.000e+00
          0    403.986    400.339   44.37236 -124.95268     5.9327     5.9324   3.366398   3.366344    34.0718    34.0715     0.7598     1.0264    6.96241     0.0402     0.0450    98.8819      7.606      56674         10  0.000e+00
          0    404.009    400.361   44.37236 -124.95268     5.9328     5.9325   3.366359   3.366344    34.0712    34.0714     0.7622     1.0364    6.96242     0.0402     0.0450    98.8819      7.611      56675         10  0.000e+00
          0    404.062    400.414   44.37236 -124.95268     5.9327     5.9324   3.366392   3.366356    34.0717    34.0716     0.7610     1.0325    6.96242     0.0402     0.0450    98.8819      7.606      56676         10  0.000e+00
          0    403.948    400.301   44.37236 -124.95268     5.9328     5.9323   3.366372   3.366314    34.0714    34.0712     0.7610     1.0322    6.96241     0.0402     0.0450    98.8819      7.611      56677         10  0.000e+00
          0    404.062    400.414   44.37236 -124.95268     5.9330     5.9324   3.366411   3.366344    34.0716    34.0714     0.7598     1.0275    6.96237     0.0402     0.0450    98.8819      7.611      56678         10  0.000e+00
          0    404.009    400.361   44.37236 -124.95268     5.9327     5.9324   3.366398   3.366374    34.0718    34.0718     0.7610     1.0317    6.96241     0.0402     0.0450    98.8819      7.606      56679         10  0.000e+00
          0    404.047    400.399   44.37236 -124.95268     5.9327     5.9325   3.366378   3.366314    34.0716    34.0710     0.7622     1.0372    6.96243     0.0402     0.0450    98.8819      7.611      56680         10  0.000e+00
          0    404.009    400.361   44.37236 -124.95268     5.9327     5.9326   3.366378   3.366356    34.0716    34.0714     0.7610     1.0332    6.96242     0.0402     0.0450    98.8819      7.606      56681         10  0.000e+00
          0    404.009    400.361   44.37236 -124.95268     5.9325     5.9326   3.366378   3.366344    34.0718    34.0713     0.7610     1.0336    6.96244     0.0402     0.0450    98.8819      7.611      56682         10  0.000e+00
          0    404.062    400.414   44.37236 -124.95268     5.9328     5.9325   3.366378   3.366344    34.0714    34.0714     0.7622     1.0391    6.96241     0.0402     0.0450    98.8819      7.606      56683         10  0.000e+00
          0    404.062    400.414   44.37236 -124.95268     5.9327     5.9326   3.366398   3.366374    34.0718    34.0716     0.7610     1.0343    6.96242     0.0402     0.0450    98.8819      7.611      56684         10  0.000e+00
          0    404.009    400.362   44.37236 -124.95268     5.9327     5.9325   3.366378   3.366344    34.0716    34.0714     0.7598     1.0288    6.96242     0.0402     0.0482    98.8021      7.606      56685         10  0.000e+00
          0    404.047    400.399   44.37236 -124.95268     5.9327     5.9328   3.366372   3.366356    34.0715    34.0712     0.7610     1.0336    6.96243     0.0402     0.0493    98.7755      7.606      56686         10  0.000e+00
          0    404.062    400.414   44.37236 -124.95268     5.9329     5.9326   3.366398   3.366374    34.0716    34.0716     0.7610     1.0347    6.96239     0.0402     0.0461    98.8553      7.611      56687         10  0.000e+00
          0    404.062    400.414   44.37236 -124.95268     5.9325     5.9325   3.366372   3.366344    34.0717    34.0714     0.7598     1.0292    6.96245     0.0475     0.0439    98.9085      7.606      56688         10  0.000e+00
