AT50-29/CTD Data/AT50-29_CTD-002.ros
* Sea-Bird SBE 9 Data File:
* FileName = C:\data\ctd\at50-29002.hex
* Software Version Seasave V 7.26.7.121
* Temperature SN = 4312
* Conductivity SN = 3521
* Number of Bytes Per Scan = 40
* Number of Voltage Words = 5
* Number of Scans Averaged by the Deck Unit = 1
* NMEA Latitude = 44 31.48 N
* NMEA Longitude = 125 23.27 W
* NMEA UTC (Time) = Aug 09 2024  19:36:49
** Ship: atlantis
** Station: Slope Base
** Operator: MW
# nquan = 21
# nvalues = 2328                                  
# units = specified
# name 0 = modError: Modulo Error Count
# name 1 = prDM: Pressure, Digiquartz [db]
# name 2 = depSM: Depth [salt water, m]
# name 3 = latitude: Latitude [deg]
# name 4 = longitude: Longitude [deg]
# name 5 = t090C: Temperature [ITS-90, deg C]
# name 6 = t190C: Temperature, 2 [ITS-90, deg C]
# name 7 = c0S/m: Conductivity [S/m]
# name 8 = c1S/m: Conductivity, 2 [S/m]
# name 9 = sal00: Salinity, Practical [PSU]
# name 10 = sal11: Salinity, Practical, 2 [PSU]
# name 11 = sbeox0V: Oxygen raw, SBE 43 [V]
# name 12 = sbeox0ML/L: Oxygen, SBE 43 [ml/l]
# name 13 = oxsolML/L: Oxygen Saturation, Garcia & Gordon [ml/l]
# name 14 = flECO-AFL: Fluorescence, WET Labs ECO-AFL/FL [mg/m^3]
# name 15 = CStarAt0: Beam Attenuation, WET Labs C-Star [1/m]
# name 16 = CStarTr0: Beam Transmission, WET Labs C-Star [%]
# name 17 = ph: pH
# name 18 = scan: Scan Count
# name 19 = nbf: Bottles Fired
# name 20 = flag:  0.000e+00
# interval = seconds: 0.0416667
# start_time = Aug 09 2024 19:36:49 [NMEA time, header]
# bad_flag = -9.990e-29
*END*
[from data line 1587]
          0     61.557     61.051   44.52470 -125.38778     9.7361     9.7361   3.529369   3.529290    32.3623    32.3616     2.4676     6.3554    6.45962     0.5677     0.0611    98.4831      8.124      76367         17  0.000e+00
          0     61.610     61.103   44.52470 -125.38778     9.7362     9.7361   3.529376   3.529302    32.3624    32.3617     2.4688     6.3596    6.45961     0.5677     0.0601    98.5096      8.124      76368         17  0.000e+00
          0     61.602     61.096   44.52470 -125.38778     9.7360     9.7363   3.529383   3.529290    32.3626    32.3614     2.4688     6.3605    6.45962     0.5677     0.0601    98.5096      8.124      76369         17  0.000e+00
          0     61.610     61.103   44.52470 -125.38778     9.7366     9.7361   3.529383   3.529333    32.3620    32.3620     2.4676     6.3564    6.45956     0.5677     0.0601    98.5096      8.124      76370         17  0.000e+00
          0     61.557     61.051   44.52470 -125.38778     9.7364     9.7362   3.529403   3.529321    32.3625    32.3618     2.4688     6.3606    6.45958     0.5677     0.0601    98.5096      8.120      76371         17  0.000e+00
          0     61.610     61.103   44.52470 -125.38778     9.7364     9.7364   3.529416   3.529302    32.3625    32.3614     2.4676     6.3566    6.45957     0.5677     0.0622    98.4565      8.124      76372         17  0.000e+00
          0     61.602     61.096   44.52470 -125.38778     9.7364     9.7364   3.529396   3.529321    32.3624    32.3616     2.4676     6.3564    6.45958     0.5677     0.0633    98.4299      8.124      76373         17  0.000e+00
          0     61.610     61.103   44.52470 -125.38778     9.7365     9.7359   3.529403   3.529302    32.3623    32.3618     2.4688     6.3606    6.45956     0.6043     0.0611    98.4831      8.124      76374         17  0.000e+00
          0     61.610     61.103   44.52470 -125.38776     9.7364     9.7359   3.529396   3.529321    32.3623    32.3620     2.4688     6.3604    6.45958     0.6263     0.0611    98.4831      8.124      76375         17  0.000e+00
          0     61.610     61.103   44.52470 -125.38776     9.7367     9.7358   3.529403   3.529272    32.3621    32.3616     2.4676     6.3563    6.45954     0.6263     0.0611    98.4831      8.124      76376         17  0.000e+00
          0     61.610     61.104   44.52470 -125.38776     9.7368     9.7354   3.529416   3.529302    32.3622    32.3623     2.4676     6.3556    6.45953     0.6263     0.0611    98.4831      8.120      76377         17  0.000e+00
          0     61.550     61.044   44.52470 -125.38776     9.7365     9.7354   3.529396   3.529228    32.3623    32.3615     2.4676     6.3553    6.45956     0.6263     0.0611    98.4831      8.120      76378         17  0.000e+00
          0     61.610     61.104   44.52470 -125.38776     9.7358     9.7349   3.529363   3.529235    32.3625    32.3620     2.4688     6.3596    6.45965     0.6190     0.0611    98.4831      8.120      76379         17  0.000e+00
          0     61.610     61.104   44.52470 -125.38776     9.7358     9.7351   3.529349   3.529228    32.3624    32.3618     2.4676     6.3555    6.45966     0.6190     0.0601    98.5096      8.124      76380         17  0.000e+00
          0     61.610     61.104   44.52470 -125.38776     9.7355     9.7351   3.529329   3.529204    32.3625    32.3616     2.4676     6.3552    6.45970     0.6190     0.0611    98.4831      8.120      76381         17  0.000e+00
          0     61.610     61.104   44.52470 -125.38776     9.7354     9.7349   3.529322   3.529198    32.3625    32.3616     2.4676     6.3550    6.45972     0.6190     0.0611    98.4831      8.124      76382         17  0.000e+00
          0     61.550     61.044   44.52470 -125.38776     9.7353     9.7349   3.529342   3.529235    32.3629    32.3621     2.4676     6.3547    6.45972     0.6190     0.0611    98.4831      8.120      76383         17  0.000e+00
          0     61.663     61.156   44.52470 -125.38776     9.7352     9.7349   3.529309   3.529228    32.3626    32.3619     2.4676     6.3551    6.45974     0.6190     0.0611    98.4831      8.120      76384         17  0.000e+00
          0     61.610     61.104   44.52470 -125.38776     9.7355     9.7348   3.529316   3.529204    32.3624    32.3618     2.4688     6.3591    6.45971     0.6190     0.0611    98.4831      8.120      76385         17  0.000e+00
          0     61.610     61.104   44.52470 -125.38776     9.7354     9.7349   3.529329   3.529204    32.3626    32.3617     2.4676     6.3555    6.45971     0.6190     0.0611    98.4831      8.120      76386         17  0.000e+00
          0     61.610     61.104   44.52470 -125.38776     9.7354     9.7351   3.529342   3.529259    32.3627    32.3621     2.4676     6.3557    6.45971     0.6190     0.0601    98.5096      8.124      76387         17  0.000e+00
          0     61.603     61.096   44.52470 -125.38776     9.7355     9.7354   3.529309   3.529272    32.3623    32.3620     2.4676     6.3555    6.45971     0.6190     0.0601    98.5096      8.120      76388         17  0.000e+00
          0     61.611     61.104   44.52470 -125.38776     9.7355     9.7352   3.529309   3.529228    32.3623    32.3617     2.4676     6.3553    6.45971     0.6190     0.0601    98.5096      8.120      76389         17  0.000e+00
          0     61.611     61.104   44.52470 -125.38776     9.7356     9.7354   3.529342   3.529272    32.3625    32.3620     2.4676     6.3550    6.45968     0.6190     0.0601    98.5096      8.124      76390         17  0.000e+00
          0     61.611     61.104   44.52470 -125.38776     9.7357     9.7354   3.529349   3.529259    32.3625    32.3618     2.4664     6.3504    6.45967     0.6190     0.0611    98.4831      8.120      76391         17  0.000e+00
          0     61.663     61.156   44.52470 -125.38776     9.7355     9.7356   3.529349   3.529204    32.3627    32.3611     2.4676     6.3542    6.45969     0.6190     0.0622    98.4565      8.124      76392         17  0.000e+00
          0     61.611     61.104   44.52470 -125.38776     9.7356     9.7359   3.529369   3.529290    32.3628    32.3617     2.4676     6.3540    6.45967     0.6190     0.0644    98.4033      8.120      76393         17  0.000e+00
          0     61.663     61.156   44.52470 -125.38776     9.7358     9.7363   3.529363   3.529272    32.3625    32.3612     2.4676     6.3538    6.45965     0.6190     0.0633    98.4299      8.120      76394         17  0.000e+00
          0     61.611     61.104   44.52470 -125.38776     9.7360     9.7366   3.529396   3.529290    32.3627    32.3611     2.4676     6.3530    6.45962     0.6190     0.0622    98.4565      8.120      76395         17  0.000e+00
          0     61.611     61.104   44.52470 -125.38776     9.7359     9.7368   3.529369   3.529302    32.3625    32.3611     2.4676     6.3528    6.45964     0.6190     0.0622    98.4565      8.120      76396         17  0.000e+00
          0     61.603     61.097   44.52470 -125.38776     9.7360     9.7366   3.529369   3.529364    32.3624    32.3619     2.4676     6.3531    6.45963     0.6190     0.0622    98.4565      8.124      76397         17  0.000e+00
          0     61.664     61.157   44.52470 -125.38776     9.7359     9.7366   3.529363   3.529358    32.3624    32.3618     2.4676     6.3529    6.45964     0.6190     0.0622    98.4565      8.124      76398         17  0.000e+00
          0     61.611     61.104   44.52470 -125.38776     9.7357     9.7369   3.529349   3.529364    32.3625    32.3616     2.4688     6.3571    6.45967     0.6190     0.0622    98.4565      8.124      76399         17  0.000e+00
          0     61.664     61.157   44.52470 -125.38776     9.7357     9.7374   3.529349   3.529358    32.3625    32.3610     2.4676     6.3530    6.45967     0.6409     0.0622    98.4565      8.124      76400         17  0.000e+00
          0     61.611     61.104   44.52470 -125.38776     9.7353     9.7374   3.529349   3.529364    32.3629    32.3611     2.4676     6.3528    6.45972     0.6483     0.0622    98.4565      8.124      76401         17  0.000e+00
          0     61.604     61.097   44.52470 -125.38776     9.7354     9.7376   3.529349   3.529358    32.3628    32.3609     2.4676     6.3531    6.45971     0.6483     0.0622    98.4565      8.120      76402         17  0.000e+00
          0     61.724     61.216   44.52470 -125.38776     9.7356     9.7374   3.529289   3.529395    32.3619    32.3614     2.4676     6.3530    6.45971     0.6483     0.0622    98.4565      8.124      76403         17  0.000e+00
          0     61.611     61.105   44.52470 -125.38776     9.7355     9.7376   3.529349   3.529419    32.3627    32.3616     2.4676     6.3522    6.45969     0.6483     0.0622    98.4565      8.120      76404         17  0.000e+00
          0     61.664     61.157   44.52470 -125.38776     9.7354     9.7374   3.529383   3.529364    32.3631    32.3611     2.4676     6.3520    6.45969     0.6483     0.0622    98.4565      8.124      76405         17  0.000e+00
          0     61.664     61.157   44.52470 -125.38776     9.7356     9.7374   3.529342   3.529395    32.3625    32.3614     2.4688     6.3562    6.45968     0.6483     0.0622    98.4565      8.124      76406         17  0.000e+00
          0     61.664     61.157   44.52470 -125.38776     9.7355     9.7372   3.529342   3.529389    32.3626    32.3615     2.4676     6.3521    6.45969     0.6483     0.0622    98.4565      8.124      76407         17  0.000e+00
          0     61.611     61.105   44.52470 -125.38776     9.7355     9.7377   3.529349   3.529395    32.3627    32.3612     2.4676     6.3523    6.45969     0.6483     0.0622    98.4565      8.120      76408         17  0.000e+00
          0     61.664     61.157   44.52470 -125.38776     9.7356     9.7376   3.529369   3.529358    32.3628    32.3609     2.4676     6.3526    6.45967     0.6483     0.0622    98.4565      8.120      76409         17  0.000e+00
          0     61.664     61.157   44.52470 -125.38776     9.7355     9.7373   3.529342   3.529364    32.3626    32.3612     2.4676     6.3524    6.45969     0.6483     0.0622    98.4565      8.124      76410         17  0.000e+00
          0     61.664     61.157   44.52470 -125.38776     9.7355     9.7371   3.529322   3.529389    32.3624    32.3617     2.4664     6.3483    6.45971     0.6483     0.0622    98.4565      8.124      76411         17  0.000e+00
          0     61.664     61.157   44.52470 -125.38776     9.7354     9.7371   3.529322   3.529364    32.3625    32.3614     2.4676     6.3521    6.45972     0.6483     0.0633    98.4299      8.124      76412         17  0.000e+00
          0     61.664     61.157   44.52470 -125.38776     9.7355     9.7371   3.529342   3.529389    32.3626    32.3617     2.4676     6.3519    6.45969     0.6483     0.0655    98.3767      8.120      76413         17  0.000e+00
          0     61.664     61.157   44.52470 -125.38776     9.7355     9.7371   3.529309   3.529395    32.3623    32.3617     2.4664     6.3479    6.45971     0.6483     0.0622    98.4565      8.124      76414         17  0.000e+00
          0     61.664     61.157   44.52470 -125.38776     9.7352     9.7369   3.529289   3.529358    32.3623    32.3615     2.4664     6.3473    6.45975     0.6556     0.0601    98.5096      8.120      76415         17  0.000e+00
          0     61.664     61.157   44.52470 -125.38776     9.7354     9.7373   3.529289   3.529364    32.3622    32.3612     2.4676     6.3511    6.45973     0.6556     0.0601    98.5096      8.120      76416         17  0.000e+00
          0     61.724     61.217   44.52470 -125.38776     9.7353     9.7371   3.529329   3.529395    32.3626    32.3617     2.4664     6.3472    6.45973     0.6556     0.0601    98.5096      8.120      76417         17  0.000e+00
          0     61.664     61.157   44.52470 -125.38776     9.7352     9.7371   3.529329   3.529389    32.3628    32.3617     2.4664     6.3471    6.45974     0.6556     0.0611    98.4831      8.124      76418         17  0.000e+00
          0     61.664     61.157   44.52470 -125.38776     9.7355     9.7374   3.529322   3.529395    32.3624    32.3614     2.4676     6.3510    6.45971     0.6556     0.0611    98.4831      8.124      76419         17  0.000e+00
          0     61.664     61.157   44.52470 -125.38776     9.7354     9.7374   3.529343   3.529389    32.3627    32.3614     2.4676     6.3514    6.45971     0.6483     0.0611    98.4831      8.124      76420         17  0.000e+00
          0     61.717     61.210   44.52470 -125.38776     9.7355     9.7374   3.529336   3.529395    32.3625    32.3614     2.4676     6.3515    6.45970     0.6483     0.0611    98.4831      8.124      76421         17  0.000e+00
          0     61.665     61.157   44.52470 -125.38776     9.7355     9.7374   3.529369   3.529450    32.3629    32.3620     2.4664     6.3470    6.45969     0.6483     0.0601    98.5096      8.120      76422         17  0.000e+00
          0     61.725     61.217   44.52470 -125.38776     9.7358     9.7374   3.529363   3.529395    32.3625    32.3614     2.4664     6.3471    6.45965     0.6483     0.0601    98.5096      8.124      76423         17  0.000e+00
          0     61.665     61.158   44.52470 -125.38776     9.7359     9.7377   3.529396   3.529450    32.3627    32.3617     2.4664     6.3471    6.45963     0.6483     0.0601    98.5096      8.120      76424         17  0.000e+00
          0     61.665     61.158   44.52470 -125.38776     9.7362     9.7376   3.529396   3.529395    32.3625    32.3613     2.4664     6.3467    6.45960     0.6263     0.0601    98.5096      8.124      76425         17  0.000e+00
          0     61.717     61.210   44.52470 -125.38776     9.7362     9.7376   3.529383   3.529426    32.3624    32.3616     2.4664     6.3464    6.45961     0.6043     0.0601    98.5096      8.120      76426         17  0.000e+00
          0     61.725     61.217   44.52470 -125.38776     9.7364     9.7376   3.529383   3.529389    32.3622    32.3612     2.4664     6.3460    6.45958     0.6043     0.0601    98.5096      8.124      76427         17  0.000e+00
          0     61.665     61.158   44.52470 -125.38776     9.7365     9.7376   3.529403   3.529395    32.3623    32.3613     2.4664     6.3461    6.45956     0.6043     0.0611    98.4831      8.120      76428         17  0.000e+00
          0     61.700     61.193   44.52470 -125.38776     9.7380     9.7389   3.529550   3.529512    32.3624    32.3613     2.4688     6.3582    6.45935     0.6190     0.0601    98.5096      8.124      77297         18  0.000e+00
          0     61.700     61.193   44.52470 -125.38776     9.7383     9.7387   3.529550   3.529487    32.3621    32.3612     2.4676     6.3538    6.45931     0.6190     0.0601    98.5096      8.124      77298         18  0.000e+00
          0     61.648     61.141   44.52470 -125.38776     9.7381     9.7389   3.529523   3.529512    32.3621    32.3613     2.4676     6.3534    6.45935     0.6190     0.0601    98.5096      8.124      77299         18  0.000e+00
          0     61.700     61.193   44.52470 -125.38776     9.7379     9.7389   3.529490   3.529518    32.3620    32.3613     2.4688     6.3579    6.45939     0.6190     0.0601    98.5096      8.120      77300         18  0.000e+00
          0     61.701     61.193   44.52470 -125.38776     9.7378     9.7390   3.529463   3.529518    32.3618    32.3612     2.4676     6.3536    6.45941     0.6190     0.0622    98.4565      8.124      77301         18  0.000e+00
          0     61.753     61.245   44.52470 -125.38776     9.7379     9.7389   3.529470   3.529481    32.3617    32.3609     2.4676     6.3533    6.45940     0.6190     0.0633    98.4299      8.120      77302         18  0.000e+00
