AT50-29/CTD Data/AT50-29_CTD-006.ros
* Sea-Bird SBE 9 Data File:
* FileName = C:\data\ctd\at50-29006.hex
* Software Version Seasave V 7.26.7.121
* Temperature SN = 4312
* Conductivity SN = 3521
* Number of Bytes Per Scan = 40
* Number of Voltage Words = 5
* Number of Scans Averaged by the Deck Unit = 1
* NMEA Latitude = 44 22.34 N
* NMEA Longitude = 124 57.16 W
* NMEA UTC (Time) = Aug 28 2024  03:28:33
** Ship: atlantis
** Station: Endurance Offshore
** Operator: JN
# nquan = 21
# nvalues = 2328                                  
# units = specified
# name 0 = modError: Modulo Error Count
# name 1 = prDM: Pressure, Digiquartz [db]
# name 2 = depSM: Depth [salt water, m]
# name 3 = latitude: Latitude [deg]
# name 4 = longitude: Longitude [deg]
# name 5 = t090C: Temperature [ITS-90, deg C]
# name 6 = t190C: Temperature, 2 [ITS-90, deg C]
# name 7 = c0S/m: Conductivity [S/m]
# name 8 = c1S/m: Conductivity, 2 [S/m]
# name 9 = sal00: Salinity, Practical [PSU]
# name 10 = sal11: Salinity, Practical, 2 [PSU]
# name 11 = sbeox0V: Oxygen raw, SBE 43 [V]
# name 12 = sbeox0ML/L: Oxygen, SBE 43 [ml/l]
# name 13 = oxsolML/L: Oxygen Saturation, Garcia & Gordon [ml/l]
# name 14 = flECO-AFL: Fluorescence, WET Labs ECO-AFL/FL [mg/m^3]
# name 15 = CStarAt0: Beam Attenuation, WET Labs C-Star [1/m]
# name 16 = CStarTr0: Beam Transmission, WET Labs C-Star [%]
# name 17 = ph: pH
# name 18 = scan: Scan Count
# name 19 = nbf: Bottles Fired
# name 20 = flag:  0.000e+00
# interval = seconds: 0.0416667
# start_time = Aug 28 2024 03:28:33 [NMEA time, header]
# bad_flag = -9.990e-29
*END*
[from data line 207]
          0    555.547    550.331   44.37236 -124.95268     5.3711     5.3717   3.328771   3.328776    34.1370    34.1364     0.6405     0.6151    7.05188     0.0475     0.0698    98.2704      7.564      34370          3  0.000e+00
          0    555.509    550.294   44.37236 -124.95268     5.3714     5.3717   3.328765   3.328776    34.1366    34.1364     0.6405     0.6148    7.05184     0.0475     0.0687    98.2969      7.569      34371          3  0.000e+00
          0    555.547    550.331   44.37236 -124.95268     5.3712     5.3717   3.328752   3.328776    34.1366    34.1364     0.6405     0.6145    7.05187     0.0475     0.0687    98.2969      7.564      34372          3  0.000e+00
          0    555.563    550.346   44.37236 -124.95268     5.3711     5.3719   3.328771   3.328776    34.1370    34.1362     0.6405     0.6142    7.05188     0.0475     0.0687    98.2969      7.564      34373          3  0.000e+00
          0    555.547    550.331   44.37236 -124.95268     5.3712     5.3717   3.328765   3.328800    34.1367    34.1367     0.6405     0.6147    7.05187     0.0475     0.0698    98.2704      7.564      34374          3  0.000e+00
          0    555.449    550.234   44.37236 -124.95268     5.3711     5.3717   3.328771   3.328746    34.1370    34.1361     0.6417     0.6205    7.05188     0.0475     0.0698    98.2704      7.564      34375          3  0.000e+00
          0    555.548    550.331   44.37236 -124.95268     5.3712     5.3715   3.328765   3.328596    34.1367    34.1345     0.6405     0.6156    7.05187     0.0549     0.0698    98.2704      7.564      34376          3  0.000e+00
          0    555.510    550.294   44.37236 -124.95268     5.3709     5.3717   3.328771   3.328776    34.1371    34.1364     0.6417     0.6207    7.05190     0.0475     0.0698    98.2704      7.564      34377          3  0.000e+00
          0    555.510    550.294   44.37236 -124.95268     5.3711     5.3717   3.328765   3.328776    34.1369    34.1364     0.6417     0.6219    7.05188     0.0549     0.0687    98.2969      7.564      34378          3  0.000e+00
          0    555.487    550.271   44.37236 -124.95268     5.3712     5.3720   3.328752   3.328746    34.1366    34.1357     0.6417     0.6223    7.05187     0.0475     0.0709    98.2438      7.564      34379          3  0.000e+00
          0    555.510    550.294   44.37236 -124.95268     5.3709     5.3719   3.328771   3.328800    34.1371    34.1365     0.6405     0.6174    7.05190     0.0475     0.0730    98.1906      7.564      34380          3  0.000e+00
          0    555.487    550.271   44.37236 -124.95268     5.3711     5.3717   3.328745   3.328746    34.1367    34.1361     0.6417     0.6224    7.05189     0.0402     0.0709    98.2438      7.564      34381          3  0.000e+00
          0    555.510    550.294   44.37236 -124.95268     5.3711     5.3717   3.328745   3.328746    34.1367    34.1361     0.6405     0.6174    7.05189     0.0329     0.0698    98.2704      7.564      34382          3  0.000e+00
          0    555.434    550.219   44.37236 -124.95268     5.3709     5.3719   3.328732   3.328776    34.1367    34.1363     0.6417     0.6224    7.05192     0.0329     0.0698    98.2704      7.564      34383          3  0.000e+00
          0    555.449    550.234   44.37236 -124.95268     5.3707     5.3715   3.328745   3.328776    34.1370    34.1366     0.6405     0.6174    7.05193     0.0329     0.0698    98.2704      7.564      34384          3  0.000e+00
          0    555.487    550.272   44.37236 -124.95268     5.3709     5.3712   3.328732   3.328740    34.1367    34.1365     0.6405     0.6178    7.05192     0.0402     0.0698    98.2704      7.569      34385          3  0.000e+00
          0    555.396    550.182   44.37236 -124.95268     5.3706     5.3712   3.328726   3.328746    34.1370    34.1366     0.6417     0.6227    7.05196     0.0329     0.0698    98.2704      7.564      34386          3  0.000e+00
          0    555.510    550.294   44.37236 -124.95268     5.3707     5.3712   3.328726   3.328746    34.1368    34.1365     0.6405     0.6185    7.05194     0.0402     0.0698    98.2704      7.564      34387          3  0.000e+00
          0    555.434    550.219   44.37236 -124.95268     5.3704     5.3714   3.328726   3.328746    34.1371    34.1364     0.6405     0.6181    7.05198     0.0329     0.0698    98.2704      7.564      34388          3  0.000e+00
          0    555.449    550.234   44.37236 -124.95268     5.3704     5.3712   3.328726   3.328746    34.1371    34.1366     0.6405     0.6186    7.05198     0.0329     0.0698    98.2704      7.564      34389          3  0.000e+00
          0    555.434    550.219   44.37236 -124.95268     5.3704     5.3714   3.328706   3.328740    34.1369    34.1363     0.6405     0.6182    7.05199     0.0329     0.0698    98.2704      7.569      34390          3  0.000e+00
          0    555.396    550.182   44.37236 -124.95268     5.3704     5.3712   3.328693   3.328716    34.1368    34.1362     0.6417     0.6232    7.05199     0.0329     0.0698    98.2704      7.564      34391          3  0.000e+00
          0    555.434    550.219   44.37236 -124.95268     5.3704     5.3711   3.328693   3.328716    34.1368    34.1364     0.6405     0.6182    7.05199     0.0329     0.0698    98.2704      7.569      34392          3  0.000e+00
          0    555.397    550.182   44.37236 -124.95268     5.3701     5.3712   3.328673   3.328716    34.1369    34.1362     0.6405     0.6179    7.05205     0.0329     0.0698    98.2704      7.564      34393          3  0.000e+00
          0    555.434    550.219   44.37236 -124.95268     5.3699     5.3711   3.328680   3.328716    34.1371    34.1364     0.6405     0.6167    7.05206     0.0402     0.0698    98.2704      7.564      34394          3  0.000e+00
          0    555.397    550.182   44.37236 -124.95268     5.3701     5.3709   3.328673   3.328776    34.1369    34.1373     0.6417     0.6217    7.05205     0.0329     0.0698    98.2704      7.564      34395          3  0.000e+00
          0    555.397    550.182   44.37236 -124.95268     5.3702     5.3711   3.328660   3.328710    34.1366    34.1363     0.6405     0.6166    7.05203     0.0402     0.0698    98.2704      7.564      34396          3  0.000e+00
          0    555.381    550.167   44.37236 -124.95268     5.3701     5.3709   3.328680   3.328716    34.1370    34.1366     0.6405     0.6162    7.05204     0.0329     0.0698    98.2704      7.569      34397          3  0.000e+00
          0    555.397    550.182   44.37236 -124.95268     5.3699     5.3709   3.328654   3.328716    34.1368    34.1366     0.6405     0.6158    7.05207     0.0329     0.0698    98.2704      7.564      34398          3  0.000e+00
          0    555.382    550.167   44.37236 -124.95268     5.3701     5.3711   3.328673   3.328746    34.1369    34.1368     0.6405     0.6161    7.05205     0.0329     0.0709    98.2438      7.564      34399          3  0.000e+00
          0    555.336    550.122   44.37236 -124.95268     5.3698     5.3709   3.328654   3.328746    34.1370    34.1369     0.6417     0.6211    7.05209     0.0329     0.0741    98.1640      7.564      34400          3  0.000e+00
          0    555.435    550.220   44.37236 -124.95268     5.3700     5.3714   3.328673   3.328770    34.1370    34.1367     0.6417     0.6221    7.05206     0.0329     0.0720    98.2172      7.564      34401          3  0.000e+00
          0    555.336    550.122   44.37236 -124.95268     5.3701     5.3717   3.328693   3.328746    34.1372    34.1361     0.6405     0.6171    7.05203     0.0329     0.0687    98.2969      7.564      34402          3  0.000e+00
          0    555.397    550.182   44.37236 -124.95268     5.3699     5.3712   3.328673   3.328746    34.1371    34.1366     0.6405     0.6167    7.05206     0.0402     0.0687    98.2969      7.564      34403          3  0.000e+00
          0    555.321    550.107   44.37236 -124.95268     5.3699     5.3714   3.328706   3.328776    34.1375    34.1368     0.6405     0.6162    7.05204     0.0329     0.0687    98.2969      7.564      34404          3  0.000e+00
          0    555.336    550.122   44.37236 -124.95268     5.3699     5.3714   3.328680   3.328776    34.1372    34.1368     0.6417     0.6211    7.05206     0.0329     0.0687    98.2969      7.564      34405          3  0.000e+00
          0    555.382    550.167   44.37236 -124.95268     5.3698     5.3712   3.328660   3.328776    34.1371    34.1369     0.6405     0.6169    7.05209     0.0329     0.0687    98.2969      7.564      34406          3  0.000e+00
          0    555.336    550.122   44.37236 -124.95268     5.3699     5.3714   3.328660   3.328740    34.1370    34.1364     0.6405     0.6164    7.05207     0.0329     0.0687    98.2969      7.564      34407          3  0.000e+00
          0    555.382    550.167   44.37236 -124.95268     5.3698     5.3712   3.328641   3.328776    34.1369    34.1369     0.6405     0.6160    7.05210     0.0329     0.0687    98.2969      7.564      34408          3  0.000e+00
          0    555.336    550.122   44.37236 -124.95268     5.3698     5.3712   3.328654   3.328746    34.1370    34.1366     0.6405     0.6163    7.05209     0.0329     0.0687    98.2969      7.564      34409          3  0.000e+00
          0    555.321    550.107   44.37236 -124.95268     5.3698     5.3712   3.328680   3.328776    34.1373    34.1370     0.6417     0.6213    7.05208     0.0402     0.0698    98.2704      7.564      34410          3  0.000e+00
          0    555.283    550.070   44.37236 -124.95268     5.3699     5.3714   3.328654   3.328746    34.1369    34.1365     0.6405     0.6162    7.05207     0.0329     0.0698    98.2704      7.564      34411          3  0.000e+00
          0    555.397    550.183   44.37236 -124.95268     5.3699     5.3714   3.328654   3.328770    34.1368    34.1367     0.6417     0.6212    7.05207     0.0402     0.0687    98.2969      7.564      34412          3  0.000e+00
          0    555.321    550.108   44.37236 -124.95268     5.3701     5.3712   3.328660   3.328746    34.1368    34.1366     0.6405     0.6168    7.05205     0.0329     0.0687    98.2969      7.564      34413          3  0.000e+00
          0    555.397    550.183   44.37236 -124.95268     5.3699     5.3714   3.328660   3.328716    34.1369    34.1361     0.6405     0.6164    7.05207     0.0329     0.0687    98.2969      7.564      34414          3  0.000e+00
          0    555.321    550.108   44.37236 -124.95268     5.3699     5.3714   3.328660   3.328776    34.1370    34.1368     0.6405     0.6160    7.05207     0.0329     0.0687    98.2969      7.564      34415          3  0.000e+00
          0    555.284    550.070   44.37236 -124.95268     5.3698     5.3712   3.328660   3.328746    34.1371    34.1366     0.6405     0.6156    7.05209     0.0329     0.0687    98.2969      7.564      34416          3  0.000e+00
          0    555.382    550.168   44.37236 -124.95268     5.3699     5.3712   3.328660   3.328746    34.1369    34.1366     0.6405     0.6151    7.05207     0.0402     0.0687    98.2969      7.564      34417          3  0.000e+00
          0    555.337    550.123   44.37236 -124.95268     5.3699     5.3714   3.328680   3.328770    34.1372    34.1367     0.6405     0.6147    7.05206     0.0329     0.0698    98.2704      7.564      34418          3  0.000e+00
          0    555.322    550.108   44.37236 -124.95268     5.3698     5.3712   3.328673   3.328746    34.1372    34.1366     0.6405     0.6143    7.05207     0.0329     0.0687    98.2969      7.564      34419          3  0.000e+00
          0    555.337    550.123   44.37236 -124.95268     5.3699     5.3715   3.328680   3.328746    34.1372    34.1363     0.6405     0.6138    7.05206     0.0329     0.0730    98.1906      7.564      34420          3  0.000e+00
          0    555.397    550.183   44.37236 -124.95268     5.3699     5.3714   3.328693   3.328776    34.1373    34.1368     0.6405     0.6134    7.05205     0.0329     0.0720    98.2172      7.569      34421          3  0.000e+00
          0    555.322    550.108   44.37236 -124.95268     5.3699     5.3717   3.328673   3.328746    34.1371    34.1361     0.6405     0.6130    7.05206     0.0329     0.0709    98.2438      7.564      34422          3  0.000e+00
          0    555.337    550.123   44.37236 -124.95268     5.3701     5.3714   3.328660   3.328770    34.1368    34.1367     0.6405     0.6125    7.05205     0.0329     0.0698    98.2704      7.564      34423          3  0.000e+00
          0    555.322    550.108   44.37236 -124.95268     5.3699     5.3712   3.328680   3.328746    34.1372    34.1366     0.6405     0.6129    7.05206     0.0402     0.0698    98.2704      7.564      34424          3  0.000e+00
          0    555.398    550.183   44.37236 -124.95268     5.3701     5.3715   3.328693   3.328716    34.1371    34.1359     0.6405     0.6125    7.05203     0.0329     0.0698    98.2704      7.564      34425          3  0.000e+00
          0    555.322    550.108   44.37236 -124.95268     5.3701     5.3712   3.328673   3.328716    34.1370    34.1363     0.6417     0.6182    7.05204     0.0329     0.0698    98.2704      7.569      34426          3  0.000e+00
          0    555.398    550.183   44.37236 -124.95268     5.3699     5.3712   3.328641   3.328746    34.1367    34.1366     0.6417     0.6193    7.05208     0.0329     0.0698    98.2704      7.564      34427          3  0.000e+00
          0    555.337    550.123   44.37236 -124.95268     5.3702     5.3711   3.328673   3.328740    34.1368    34.1367     0.6405     0.6151    7.05203     0.0329     0.0698    98.2704      7.564      34428          3  0.000e+00
          0    555.322    550.108   44.37236 -124.95268     5.3701     5.3709   3.328693   3.328746    34.1372    34.1369     0.6417     0.6200    7.05203     0.0329     0.0698    98.2704      7.564      34429          3  0.000e+00
          0    555.398    550.183   44.37236 -124.95268     5.3701     5.3709   3.328693   3.328746    34.1371    34.1369     0.6405     0.6158    7.05203     0.0329     0.0698    98.2704      7.564      34430          3  0.000e+00
          0    555.383    550.168   44.37236 -124.95268     5.3699     5.3707   3.328693   3.328686    34.1373    34.1364     0.6417     0.6208    7.05205     0.0402     0.0698    98.2704      7.564      34431          3  0.000e+00
          0    555.337    550.123   44.37236 -124.95268     5.3701     5.3707   3.328712   3.328686    34.1374    34.1364     0.6417     0.6219    7.05202     0.0329     0.0698    98.2704      7.564      34432          3  0.000e+00
          0    555.383    550.168   44.37236 -124.95268     5.3699     5.3707   3.328706   3.328716    34.1375    34.1367     0.6405     0.6169    7.05205     0.0402     0.0698    98.2704      7.564      34433          3  0.000e+00
          0    555.398    550.183   44.37236 -124.95268     5.3702     5.3706   3.328693   3.328710    34.1370    34.1368     0.6417     0.6218    7.05202     0.0402     0.0698    98.2704      7.564      34434          3  0.000e+00
          0    555.383    550.168   44.37236 -124.95268     5.3699     5.3706   3.328693   3.328686    34.1373    34.1366     0.6405     0.6176    7.05205     0.0402     0.0698    98.2704      7.564      34435          3  0.000e+00
          0    555.451    550.236   44.37236 -124.95268     5.3703     5.3707   3.328693   3.328686    34.1369    34.1364     0.6417     0.6225    7.05201     0.0402     0.0698    98.2704      7.564      34436          3  0.000e+00
          0    555.398    550.183   44.37236 -124.95268     5.3702     5.3706   3.328693   3.328716    34.1370    34.1369     0.6405     0.6175    7.05202     0.0402     0.0698    98.2704      7.564      34437          3  0.000e+00
