AT50-29/CTD Data/AT50-29_CTD-007.ros
* Sea-Bird SBE 9 Data File:
* FileName = C:\data\ctd\at50-29007.hex
* Software Version Seasave V 7.26.7.121
* Temperature SN = 4312
* Conductivity SN = 3521
* Number of Bytes Per Scan = 40
* Number of Voltage Words = 5
* Number of Scans Averaged by the Deck Unit = 1
* NMEA Latitude = 45 49.58 N
* NMEA Longitude = 129 45.80 W
* NMEA UTC (Time) = Aug 29 2024  22:36:03
** Ship: atlantis
** Station: Axial Base
** Operator: JN
# nquan = 20
# nvalues = 2328                                  
# units = specified
# name 0 = modError: Modulo Error Count
# name 1 = prDM: Pressure, Digiquartz [db]
# name 2 = depSM: Depth [salt water, m]
# name 3 = latitude: Latitude [deg]
# name 4 = longitude: Longitude [deg]
# name 5 = t090C: Temperature [ITS-90, deg C]
# name 6 = t190C: Temperature, 2 [ITS-90, deg C]
# name 7 = c0S/m: Conductivity [S/m]
# name 8 = c1S/m: Conductivity, 2 [S/m]
# name 9 = sal00: Salinity, Practical [PSU]
# name 10 = sal11: Salinity, Practical, 2 [PSU]
# name 11 = sbeox0V: Oxygen raw, SBE 43 [V]
# name 12 = sbeox0ML/L: Oxygen, SBE 43 [ml/l]
# name 13 = oxsolML/L: Oxygen Saturation, Garcia & Gordon [ml/l]
# name 14 = flECO-AFL: Fluorescence, WET Labs ECO-AFL/FL [mg/m^3]
# name 15 = CStarAt0: Beam Attenuation, WET Labs C-Star [1/m]
# name 16 = CStarTr0: Beam Transmission, WET Labs C-Star [%]
# name 17 = scan: Scan Count
# name 18 = nbf: Bottles Fired
# name 19 = flag:  0.000e+00
# interval = seconds: 0.0416667
# start_time = Aug 29 2024 22:36:03 [NMEA time, header]
# bad_flag = -9.990e-29
*END*
[from data line 1159]
          0   1517.905   1500.007   45.82640 -129.76328     2.4543     2.4550   3.145098   3.145054    34.5159    34.5146     0.6277     0.6969    7.54970     0.0402     0.0107    99.7327     136608         12  0.000e+00
          0   1518.029   1500.129   45.82640 -129.76328     2.4548     2.4549   3.145130   3.145025    34.5157    34.5144     0.6277     0.6979    7.54962     0.0475     0.0107    99.7327     136609         12  0.000e+00
          0   1517.967   1500.068   45.82640 -129.76328     2.4545     2.4549   3.145104   3.145072    34.5158    34.5150     0.6277     0.6976    7.54967     0.0402     0.0107    99.7327     136610         12  0.000e+00
          0   1517.967   1500.068   45.82640 -129.76328     2.4545     2.4549   3.145066   3.145054    34.5153    34.5148     0.6277     0.6973    7.54970     0.0402     0.0107    99.7327     136611         12  0.000e+00
          0   1518.037   1500.136   45.82640 -129.76328     2.4543     2.4550   3.145079   3.145078    34.5156    34.5148     0.6277     0.6971    7.54971     0.0402     0.0107    99.7327     136612         12  0.000e+00
          0   1264.771   1250.607   45.82638 -129.76328     2.8887     2.8890   3.168109   3.168109    34.4632    34.4629     0.5707     0.4180    7.47143     0.0475     0.0118    99.7061     149844         13  0.000e+00
          0   1264.825   1250.660   45.82638 -129.76328     2.8890     2.8891   3.168129   3.168079    34.4632    34.4624     0.5707     0.4182    7.47138     0.0475     0.0118    99.7061     149845         13  0.000e+00
          0   1264.771   1250.607   45.82638 -129.76328     2.8888     2.8890   3.168129   3.168139    34.4634    34.4633     0.5694     0.4117    7.47140     0.0475     0.0118    99.7061     149846         13  0.000e+00
          0   1264.717   1250.554   45.82638 -129.76328     2.8886     2.8890   3.168096   3.168038    34.4633    34.4621     0.5694     0.4107    7.47146     0.0549     0.0118    99.7061     149847         13  0.000e+00
          0   1264.825   1250.660   45.82638 -129.76328     2.8885     2.8890   3.168109   3.168079    34.4634    34.4625     0.5707     0.4174    7.47146     0.0475     0.0118    99.7061     149848         13  0.000e+00
          0   1264.717   1250.554   45.82638 -129.76328     2.8887     2.8887   3.168096   3.168079    34.4632    34.4629     0.5707     0.4175    7.47144     0.0549     0.0118    99.7061     149849         13  0.000e+00
          0   1264.771   1250.607   45.82638 -129.76328     2.8887     2.8888   3.168129   3.168109    34.4635    34.4631     0.5707     0.4175    7.47142     0.0475     0.0118    99.7061     149850         13  0.000e+00
          0   1264.771   1250.607   45.82638 -129.76328     2.8885     2.8888   3.168109   3.168050    34.4635    34.4624     0.5707     0.4175    7.47146     0.0475     0.0118    99.7061     149851         13  0.000e+00
          0   1264.771   1250.607   45.82638 -129.76328     2.8885     2.8888   3.168129   3.168068    34.4637    34.4626     0.5707     0.4175    7.47145     0.0402     0.0118    99.7061     149852         13  0.000e+00
          0   1264.717   1250.554   45.82638 -129.76328     2.8887     2.8887   3.168148   3.168079    34.4637    34.4629     0.5707     0.4185    7.47140     0.0256     0.0118    99.7061     149853         13  0.000e+00
          0   1264.771   1250.607   45.82638 -129.76328     2.8887     2.8888   3.168109   3.168079    34.4633    34.4627     0.5707     0.4184    7.47144     0.0329     0.0118    99.7061     149854         13  0.000e+00
          0   1264.771   1250.607   45.82638 -129.76328     2.8888     2.8888   3.168109   3.168050    34.4631    34.4624     0.5707     0.4183    7.47142     0.0256     0.0118    99.7061     149855         13  0.000e+00
          0   1264.710   1250.547   45.82638 -129.76328     2.8887     2.8887   3.168135   3.168079    34.4636    34.4629     0.5707     0.4193    7.47141     0.0329     0.0118    99.7061     149856         13  0.000e+00
          0   1264.771   1250.608   45.82638 -129.76328     2.8885     2.8887   3.168109   3.168068    34.4635    34.4628     0.5707     0.4203    7.47146     0.0256     0.0118    99.7061     149857         13  0.000e+00
          0   1264.710   1250.547   45.82638 -129.76328     2.8887     2.8885   3.168109   3.168050    34.4633    34.4628     0.5694     0.4147    7.47144     0.0256     0.0118    99.7061     149858         13  0.000e+00
          0   1264.771   1250.608   45.82638 -129.76328     2.8887     2.8887   3.168116   3.168050    34.4633    34.4626     0.5694     0.4134    7.47143     0.0256     0.0118    99.7061     149859         13  0.000e+00
          0   1264.710   1250.547   45.82638 -129.76328     2.8888     2.8888   3.168116   3.168050    34.4632    34.4624     0.5707     0.4199    7.47141     0.0256     0.0118    99.7061     149860         13  0.000e+00
          0   1264.771   1250.608   45.82638 -129.76328     2.8890     2.8888   3.168096   3.168079    34.4628    34.4627     0.5694     0.4132    7.47140     0.0256     0.0150    99.6264     149861         13  0.000e+00
          0   1264.771   1250.608   45.82638 -129.76328     2.8886     2.8888   3.168129   3.168068    34.4636    34.4626     0.5707     0.4197    7.47144     0.0256     0.0150    99.6264     149862         13  0.000e+00
          0   1264.710   1250.547   45.82638 -129.76328     2.8888     2.8890   3.168129   3.168079    34.4634    34.4626     0.5694     0.4141    7.47140     0.0329     0.0128    99.6795     149863         13  0.000e+00
          0   1264.772   1250.608   45.82638 -129.76328     2.8888     2.8890   3.168116   3.168079    34.4632    34.4626     0.5694     0.4129    7.47141     0.0256     0.0118    99.7061     149864         13  0.000e+00
          0   1264.772   1250.608   45.82638 -129.76328     2.8890     2.8890   3.168135   3.168109    34.4632    34.4629     0.5707     0.4182    7.47137     0.0256     0.0118    99.7061     149865         13  0.000e+00
          0   1264.718   1250.555   45.82638 -129.76328     2.8891     2.8895   3.168148   3.168079    34.4633    34.4621     0.5707     0.4193    7.47135     0.0256     0.0107    99.7327     149866         13  0.000e+00
          0   1264.772   1250.608   45.82638 -129.76328     2.8891     2.8892   3.168148   3.168097    34.4633    34.4626     0.5707     0.4191    7.47135     0.0256     0.0118    99.7061     149867         13  0.000e+00
          0   1264.772   1250.608   45.82638 -129.76328     2.8892     2.8896   3.168167   3.168109    34.4634    34.4623     0.5694     0.4124    7.47133     0.0329     0.0118    99.7061     149868         13  0.000e+00
          0   1264.772   1250.608   45.82638 -129.76328     2.8893     2.8895   3.168173   3.168139    34.4634    34.4628     0.5707     0.4188    7.47131     0.0256     0.0118    99.7061     149869         13  0.000e+00
          0   1264.772   1250.608   45.82638 -129.76328     2.8891     2.8893   3.168154   3.168109    34.4633    34.4626     0.5707     0.4186    7.47135     0.0256     0.0118    99.7061     149870         13  0.000e+00
          0   1264.772   1250.608   45.82638 -129.76328     2.8892     2.8893   3.168129   3.168097    34.4630    34.4625     0.5707     0.4184    7.47136     0.0256     0.0118    99.7061     149871         13  0.000e+00
          0   1264.772   1250.608   45.82638 -129.76328     2.8890     2.8893   3.168135   3.168109    34.4633    34.4626     0.5707     0.4193    7.47138     0.0256     0.0118    99.7061     149872         13  0.000e+00
          0   1264.772   1250.608   45.82638 -129.76328     2.8893     2.8895   3.168148   3.168109    34.4631    34.4624     0.5694     0.4136    7.47133     0.0256     0.0107    99.7327     149873         13  0.000e+00
          0   1264.772   1250.608   45.82638 -129.76328     2.8892     2.8895   3.168148   3.168109    34.4632    34.4625     0.5694     0.4123    7.47134     0.0256     0.0118    99.7061     149874         13  0.000e+00
          0   1264.833   1250.669   45.82638 -129.76328     2.8893     2.8893   3.168148   3.168079    34.4631    34.4622     0.5707     0.4186    7.47133     0.0329     0.0118    99.7061     149875         13  0.000e+00
          0   1264.772   1250.608   45.82638 -129.76328     2.8893     2.8895   3.168148   3.168127    34.4631    34.4626     0.5707     0.4184    7.47133     0.0256     0.0118    99.7061     149876         13  0.000e+00
          0   1264.833   1250.669   45.82638 -129.76328     2.8892     2.8893   3.168167   3.168079    34.4634    34.4622     0.5694     0.4116    7.47133     0.0256     0.0118    99.7061     149877         13  0.000e+00
          0   1264.826   1250.661   45.82638 -129.76328     2.8891     2.8893   3.168154   3.168109    34.4633    34.4626     0.5707     0.4167    7.47135     0.0329     0.0118    99.7061     149878         13  0.000e+00
          0   1264.833   1250.669   45.82638 -129.76328     2.8893     2.8897   3.168148   3.168109    34.4631    34.4622     0.5707     0.4164    7.47133     0.0329     0.0118    99.7061     149879         13  0.000e+00
          0   1264.772   1250.608   45.82638 -129.76328     2.8892     2.8895   3.168148   3.168109    34.4632    34.4625     0.5707     0.4172    7.47134     0.0402     0.0118    99.7061     149880         13  0.000e+00
          0   1264.895   1250.729   45.82638 -129.76328     2.8890     2.8895   3.168148   3.168097    34.4634    34.4622     0.5707     0.4180    7.47137     0.0329     0.0150    99.6264     149881         13  0.000e+00
          0   1264.826   1250.661   45.82638 -129.76328     2.8891     2.8895   3.168167   3.168139    34.4635    34.4627     0.5694     0.4110    7.47134     0.0402     0.0160    99.5998     149882         13  0.000e+00
          0   1264.834   1250.669   45.82638 -129.76328     2.8892     2.8891   3.168154   3.168079    34.4633    34.4624     0.5694     0.4095    7.47134     0.0329     0.0118    99.7061     149883         13  0.000e+00
          0   1264.826   1250.661   45.82638 -129.76328     2.8891     2.8895   3.168167   3.168139    34.4635    34.4627     0.5707     0.4158    7.47134     0.0329     0.0118    99.7061     149884         13  0.000e+00
          0   1264.895   1250.730   45.82638 -129.76328     2.8893     2.8897   3.168154   3.168109    34.4631    34.4622     0.5707     0.4154    7.47133     0.0329     0.0107    99.7327     149885         13  0.000e+00
          0   1264.826   1250.661   45.82638 -129.76328     2.8892     2.8895   3.168148   3.168097    34.4632    34.4623     0.5694     0.4084    7.47134     0.0329     0.0118    99.7061     149886         13  0.000e+00
          0   1264.895   1250.730   45.82638 -129.76328     2.8891     2.8895   3.168167   3.168079    34.4634    34.4620     0.5694     0.4069    7.47134     0.0402     0.0107    99.7327     149887         13  0.000e+00
          0   1264.888   1250.722   45.82638 -129.76328     2.8891     2.8895   3.168174   3.168139    34.4635    34.4627     0.5694     0.4065    7.47134     0.0329     0.0118    99.7061     149888         13  0.000e+00
          0   1264.895   1250.730   45.82638 -129.76328     2.8892     2.8896   3.168135   3.168109    34.4630    34.4622     0.5694     0.4050    7.47135     0.0402     0.0118    99.7061     149889         13  0.000e+00
          0   1264.895   1250.730   45.82638 -129.76328     2.8890     2.8897   3.168135   3.168139    34.4632    34.4625     0.5694     0.4047    7.47138     0.0329     0.0107    99.7327     149890         13  0.000e+00
          0   1264.941   1250.775   45.82638 -129.76328     2.8890     2.8895   3.168148   3.168097    34.4633    34.4622     0.5707     0.4109    7.47138     0.0329     0.0118    99.7061     149891         13  0.000e+00
          0   1264.895   1250.730   45.82638 -129.76328     2.8889     2.8896   3.168148   3.168139    34.4635    34.4626     0.5694     0.4052    7.47139     0.0329     0.0107    99.7327     149892         13  0.000e+00
          0   1264.888   1250.722   45.82638 -129.76328     2.8893     2.8895   3.168148   3.168109    34.4630    34.4623     0.5694     0.4050    7.47133     0.0329     0.0118    99.7061     149893         13  0.000e+00
          0   1265.011   1250.843   45.82638 -129.76328     2.8890     2.8897   3.168129   3.168109    34.4631    34.4621     0.5694     0.4048    7.47139     0.0402     0.0107    99.7327     149894         13  0.000e+00
          0   1264.942   1250.775   45.82638 -129.76328     2.8890     2.8896   3.168135   3.168109    34.4631    34.4622     0.5707     0.4100    7.47138     0.0329     0.0118    99.7061     149895         13  0.000e+00
          0   1264.949   1250.783   45.82638 -129.76328     2.8891     2.8898   3.168141   3.168127    34.4631    34.4622     0.5707     0.4098    7.47136     0.0402     0.0118    99.7061     149896         13  0.000e+00
          0   1264.942   1250.775   45.82638 -129.76328     2.8890     2.8895   3.168141   3.168109    34.4633    34.4623     0.5694     0.4041    7.47138     0.0329     0.0107    99.7327     149897         13  0.000e+00
          0   1264.949   1250.783   45.82638 -129.76328     2.8890     2.8895   3.168148   3.168162    34.4633    34.4630     0.5707     0.4105    7.47137     0.0329     0.0118    99.7061     149898         13  0.000e+00
          0   1264.942   1250.776   45.82638 -129.76328     2.8890     2.8897   3.168148   3.168109    34.4633    34.4621     0.5694     0.4049    7.47138     0.0329     0.0107    99.7327     149899         13  0.000e+00
          0   1265.011   1250.844   45.82638 -129.76328     2.8891     2.8897   3.168148   3.168109    34.4631    34.4621     0.5707     0.4113    7.47136     0.0329     0.0118    99.7061     149900         13  0.000e+00
          0   1265.003   1250.836   45.82638 -129.76328     2.8892     2.8896   3.168186   3.168097    34.4636    34.4620     0.5707     0.4123    7.47133     0.0402     0.0128    99.6795     149901         13  0.000e+00
          0   1265.011   1250.844   45.82638 -129.76328     2.8893     2.8897   3.168186   3.168109    34.4634    34.4621     0.5707     0.4133    7.47131     0.0329     0.0160    99.5998     149902         13  0.000e+00
          0   1265.003   1250.836   45.82638 -129.76328     2.8890     2.8895   3.168154   3.168139    34.4634    34.4627     0.5707     0.4143    7.47137     0.0402     0.0128    99.6795     149903         13  0.000e+00
          0   1265.011   1250.844   45.82638 -129.76328     2.8892     2.8893   3.168167   3.168109    34.4633    34.4625     0.5707     0.4152    7.47134     0.0329     0.0107    99.7327     149904         13  0.000e+00
          0   1265.011   1250.844   45.82638 -129.76328     2.8893     2.8895   3.168154   3.168139    34.4630    34.4626     0.5707     0.4162    7.47133     0.0329     0.0118    99.7061     149905         13  0.000e+00
          0   1265.057   1250.889   45.82638 -129.76328     2.8891     2.8893   3.168186   3.168097    34.4636    34.4623     0.5694     0.4107    7.47133     0.0329     0.0107    99.7327     149906         13  0.000e+00
          0   1265.011   1250.844   45.82638 -129.76328     2.8894     2.8895   3.168167   3.168139    34.4631    34.4626     0.5694     0.4094    7.47132     0.0329     0.0107    99.7327     149907         13  0.000e+00
          0   1265.057   1250.889   45.82638 -129.76328     2.8895     2.8897   3.168167   3.168139    34.4630    34.4624     0.5694     0.4081    7.47130     0.0402     0.0107    99.7327     149908         13  0.000e+00
          0   1265.065   1250.897   45.82638 -129.76328     2.8895     2.8895   3.168174   3.168139    34.4631    34.4627     0.5694     0.4080    7.47130     0.0329     0.0118    99.7061     149909         13  0.000e+00
