AT50-29/CTD Data/AT50-29_CTD-007.ros
* Sea-Bird SBE 9 Data File:
* FileName = C:\data\ctd\at50-29007.hex
* Software Version Seasave V 7.26.7.121
* Temperature SN = 4312
* Conductivity SN = 3521
* Number of Bytes Per Scan = 40
* Number of Voltage Words = 5
* Number of Scans Averaged by the Deck Unit = 1
* NMEA Latitude = 45 49.58 N
* NMEA Longitude = 129 45.80 W
* NMEA UTC (Time) = Aug 29 2024  22:36:03
** Ship: atlantis
** Station: Axial Base
** Operator: JN
# nquan = 20
# nvalues = 2328                                  
# units = specified
# name 0 = modError: Modulo Error Count
# name 1 = prDM: Pressure, Digiquartz [db]
# name 2 = depSM: Depth [salt water, m]
# name 3 = latitude: Latitude [deg]
# name 4 = longitude: Longitude [deg]
# name 5 = t090C: Temperature [ITS-90, deg C]
# name 6 = t190C: Temperature, 2 [ITS-90, deg C]
# name 7 = c0S/m: Conductivity [S/m]
# name 8 = c1S/m: Conductivity, 2 [S/m]
# name 9 = sal00: Salinity, Practical [PSU]
# name 10 = sal11: Salinity, Practical, 2 [PSU]
# name 11 = sbeox0V: Oxygen raw, SBE 43 [V]
# name 12 = sbeox0ML/L: Oxygen, SBE 43 [ml/l]
# name 13 = oxsolML/L: Oxygen Saturation, Garcia & Gordon [ml/l]
# name 14 = flECO-AFL: Fluorescence, WET Labs ECO-AFL/FL [mg/m^3]
# name 15 = CStarAt0: Beam Attenuation, WET Labs C-Star [1/m]
# name 16 = CStarTr0: Beam Transmission, WET Labs C-Star [%]
# name 17 = scan: Scan Count
# name 18 = nbf: Bottles Fired
# name 19 = flag:  0.000e+00
# interval = seconds: 0.0416667
# start_time = Aug 29 2024 22:36:03 [NMEA time, header]
# bad_flag = -9.990e-29
*END*
[from data line 145]
          0   2601.781   2564.583   45.82640 -129.76328     1.8199     1.8202   3.141610   3.141451    34.6189    34.6166     0.7973     1.7410    7.66529     0.0182     0.0139    99.6529      81836          2  0.000e+00
          0   2601.843   2564.645   45.82640 -129.76328     1.8199     1.8203   3.141578   3.141522    34.6185    34.6174     0.7973     1.7397    7.66531     0.0182     0.0139    99.6529      81837          2  0.000e+00
          0   2601.781   2564.583   45.82640 -129.76328     1.8197     1.8202   3.141578   3.141522    34.6187    34.6175     0.7973     1.7383    7.66533     0.0256     0.0150    99.6264      81838          2  0.000e+00
          0   2601.844   2564.645   45.82640 -129.76328     1.8197     1.8204   3.141585   3.141469    34.6187    34.6166     0.7973     1.7370    7.66533     0.0182     0.0150    99.6264      81839          2  0.000e+00
          0   2601.899   2564.699   45.82640 -129.76328     1.8195     1.8202   3.141604   3.141493    34.6191    34.6170     0.7973     1.7357    7.66534     0.0182     0.0150    99.6264      81840          2  0.000e+00
          0   2601.844   2564.645   45.82640 -129.76328     1.8199     1.8202   3.141598   3.141493    34.6187    34.6171     0.7973     1.7343    7.66530     0.0182     0.0150    99.6264      81841          2  0.000e+00
          0   2601.899   2564.699   45.82640 -129.76328     1.8197     1.8203   3.141585   3.141522    34.6187    34.6173     0.7973     1.7330    7.66533     0.0182     0.0139    99.6529      81842          2  0.000e+00
          0   2601.962   2564.760   45.82640 -129.76328     1.8197     1.8204   3.141585   3.141493    34.6187    34.6168     0.7973     1.7336    7.66533     0.0182     0.0139    99.6529      81843          2  0.000e+00
          0   2601.907   2564.707   45.82640 -129.76328     1.8197     1.8201   3.141578   3.141469    34.6186    34.6169     0.7986     1.7410    7.66534     0.0182     0.0139    99.6529      81844          2  0.000e+00
          0   2601.962   2564.761   45.82640 -129.76328     1.8199     1.8201   3.141604   3.141522    34.6187    34.6175     0.7986     1.7416    7.66530     0.0256     0.0150    99.6264      81845          2  0.000e+00
          0   2601.962   2564.761   45.82640 -129.76328     1.8197     1.8204   3.141617   3.141469    34.6191    34.6165     0.7973     1.7354    7.66531     0.0182     0.0182    99.5466      81846          2  0.000e+00
          0   2601.962   2564.761   45.82640 -129.76328     1.8197     1.8203   3.141591   3.141522    34.6188    34.6173     0.7986     1.7427    7.66533     0.0182     0.0182    99.5466      81847          2  0.000e+00
          0   2602.025   2564.822   45.82640 -129.76328     1.8199     1.8202   3.141585   3.141493    34.6185    34.6170     0.7986     1.7432    7.66531     0.0182     0.0160    99.5998      81848          2  0.000e+00
          0   2602.017   2564.815   45.82640 -129.76328     1.8197     1.8202   3.141566   3.141493    34.6184    34.6170     0.7973     1.7369    7.66535     0.0182     0.0139    99.6529      81849          2  0.000e+00
          0   2602.017   2564.815   45.82640 -129.76328     1.8197     1.8201   3.141598   3.141469    34.6188    34.6168     0.7973     1.7374    7.66533     0.0182     0.0139    99.6529      81850          2  0.000e+00
          0   2602.088   2564.884   45.82640 -129.76328     1.8197     1.8204   3.141610   3.141469    34.6189    34.6165     0.7973     1.7361    7.66532     0.0256     0.0139    99.6529      81851          2  0.000e+00
          0   2602.017   2564.815   45.82640 -129.76328     1.8198     1.8202   3.141578   3.141522    34.6185    34.6173     0.7973     1.7347    7.66533     0.0182     0.0150    99.6264      81852          2  0.000e+00
          0   2602.088   2564.884   45.82640 -129.76328     1.8199     1.8201   3.141598   3.141493    34.6186    34.6171     0.7986     1.7441    7.66531     0.0182     0.0150    99.6264      81853          2  0.000e+00
          0   2602.080   2564.877   45.82640 -129.76328     1.8197     1.8202   3.141610   3.141493    34.6189    34.6170     0.7973     1.7379    7.66532     0.0182     0.0150    99.6264      81854          2  0.000e+00
          0   2602.088   2564.884   45.82640 -129.76328     1.8197     1.8204   3.141578   3.141469    34.6185    34.6165     0.7973     1.7367    7.66534     0.0182     0.0150    99.6264      81855          2  0.000e+00
          0   2602.080   2564.877   45.82640 -129.76328     1.8197     1.8201   3.141598   3.141475    34.6188    34.6169     0.7973     1.7374    7.66533     0.0182     0.0150    99.6264      81856          2  0.000e+00
          0   2602.080   2564.877   45.82640 -129.76328     1.8199     1.8204   3.141591   3.141493    34.6185    34.6168     0.7973     1.7362    7.66531     0.0256     0.0150    99.6264      81857          2  0.000e+00
          0   2602.143   2564.938   45.82640 -129.76328     1.8197     1.8203   3.141604   3.141493    34.6188    34.6169     0.7973     1.7350    7.66533     0.0182     0.0150    99.6264      81858          2  0.000e+00
          0   2602.143   2564.938   45.82640 -129.76328     1.8199     1.8202   3.141598   3.141522    34.6186    34.6173     0.7961     1.7271    7.66531     0.0182     0.0150    99.6264      81859          2  0.000e+00
          0   2602.143   2564.939   45.82640 -129.76328     1.8199     1.8201   3.141604   3.141493    34.6187    34.6170     0.7973     1.7329    7.66530     0.0182     0.0150    99.6264      81860          2  0.000e+00
          0   2602.143   2564.939   45.82640 -129.76328     1.8197     1.8202   3.141610   3.141493    34.6189    34.6169     0.7973     1.7318    7.66532     0.0182     0.0150    99.6264      81861          2  0.000e+00
          0   2602.088   2564.885   45.82640 -129.76328     1.8195     1.8204   3.141598   3.141522    34.6189    34.6171     0.7973     1.7308    7.66535     0.0182     0.0150    99.6264      81862          2  0.000e+00
          0   2602.198   2564.993   45.82640 -129.76328     1.8198     1.8201   3.141604   3.141522    34.6187    34.6174     0.7973     1.7298    7.66531     0.0256     0.0139    99.6529      81863          2  0.000e+00
          0   2602.144   2564.939   45.82640 -129.76328     1.8197     1.8202   3.141591   3.141493    34.6187    34.6169     0.7973     1.7287    7.66534     0.0329     0.0150    99.6264      81864          2  0.000e+00
          0   2602.144   2564.939   45.82640 -129.76328     1.8199     1.8201   3.141604   3.141522    34.6187    34.6174     0.7973     1.7297    7.66530     0.0256     0.0150    99.6264      81865          2  0.000e+00
          0   2602.144   2564.939   45.82640 -129.76328     1.8199     1.8202   3.141598   3.141522    34.6186    34.6173     0.7986     1.7374    7.66531     0.0256     0.0171    99.5732      81866          2  0.000e+00
          0   2602.144   2564.939   45.82640 -129.76328     1.8199     1.8204   3.141585   3.141522    34.6184    34.6171     0.7986     1.7383    7.66532     0.0256     0.0192    99.5200      81867          2  0.000e+00
          0   2602.199   2564.993   45.82640 -129.76328     1.8199     1.8203   3.141604   3.141552    34.6186    34.6176     0.7986     1.7391    7.66531     0.0256     0.0150    99.6264      81868          2  0.000e+00
          0   2602.144   2564.939   45.82640 -129.76328     1.8199     1.8204   3.141610   3.141493    34.6187    34.6167     0.7986     1.7398    7.66530     0.0256     0.0139    99.6529      81869          2  0.000e+00
          0   2602.144   2564.939   45.82640 -129.76328     1.8199     1.8205   3.141617   3.141493    34.6188    34.6166     0.7973     1.7318    7.66530     0.0256     0.0128    99.6795      81870          2  0.000e+00
          0   2602.199   2564.993   45.82640 -129.76328     1.8199     1.8202   3.141617   3.141493    34.6188    34.6169     0.7986     1.7411    7.66530     0.0329     0.0139    99.6529      81871          2  0.000e+00
          0   2602.144   2564.939   45.82640 -129.76328     1.8197     1.8205   3.141591   3.141522    34.6187    34.6169     0.7973     1.7331    7.66534     0.0256     0.0150    99.6264      81872          2  0.000e+00
          0   2602.144   2564.939   45.82640 -129.76328     1.8198     1.8204   3.141585   3.141522    34.6185    34.6171     0.7973     1.7318    7.66532     0.0256     0.0139    99.6529      81873          2  0.000e+00
          0   2602.089   2564.886   45.82640 -129.76328     1.8199     1.8204   3.141585   3.141493    34.6184    34.6167     0.7973     1.7325    7.66532     0.0256     0.0139    99.6529      81874          2  0.000e+00
          0   2602.199   2564.993   45.82640 -129.76328     1.8202     1.8204   3.141623   3.141522    34.6185    34.6171     0.7973     1.7333    7.66525     0.0256     0.0150    99.6264      81875          2  0.000e+00
          0   2602.089   2564.886   45.82640 -129.76328     1.8197     1.8202   3.141623   3.141534    34.6191    34.6175     0.7973     1.7322    7.66531     0.0256     0.0150    99.6264      81876          2  0.000e+00
          0   2602.144   2564.940   45.82640 -129.76328     1.8199     1.8201   3.141617   3.141493    34.6188    34.6170     0.7986     1.7398    7.66530     0.0256     0.0139    99.6529      81877          2  0.000e+00
          0   2602.144   2564.940   45.82640 -129.76328     1.8200     1.8202   3.141591   3.141493    34.6183    34.6169     0.7973     1.7338    7.66529     0.0256     0.0139    99.6529      81878          2  0.000e+00
          0   2602.144   2564.940   45.82640 -129.76328     1.8199     1.8206   3.141578   3.141522    34.6183    34.6169     0.7973     1.7327    7.66532     0.0329     0.0139    99.6529      81879          2  0.000e+00
          0   2602.082   2564.878   45.82640 -129.76328     1.8200     1.8201   3.141604   3.141493    34.6185    34.6171     0.7961     1.7229    7.66528     0.0256     0.0150    99.6264      81880          2  0.000e+00
          0   2602.090   2564.886   45.82640 -129.76328     1.8200     1.8204   3.141598   3.141493    34.6184    34.6168     0.7973     1.7306    7.66529     0.0256     0.0139    99.6529      81881          2  0.000e+00
          0   2602.145   2564.940   45.82640 -129.76328     1.8200     1.8204   3.141585   3.141522    34.6182    34.6171     0.7973     1.7317    7.66529     0.0256     0.0139    99.6529      81882          2  0.000e+00
          0   2602.082   2564.878   45.82640 -129.76328     1.8200     1.8201   3.141623   3.141493    34.6187    34.6171     0.7986     1.7434    7.66527     0.0256     0.0139    99.6529      81883          2  0.000e+00
          0   2602.027   2564.825   45.82640 -129.76328     1.8198     1.8203   3.141623   3.141493    34.6190    34.6169     0.7986     1.7445    7.66530     0.0256     0.0139    99.6529      81884          2  0.000e+00
          0   2434.483   2400.611   45.82640 -129.76326     1.8311     1.8314   3.135682   3.135572    34.6135    34.6118     0.7928     1.6816    7.66340     0.0256     0.0118    99.7061      90929          3  0.000e+00
          0   2434.428   2400.557   45.82640 -129.76326     1.8310     1.8313   3.135682   3.135578    34.6137    34.6121     0.7915     1.6751    7.66342     0.0329     0.0118    99.7061      90930          3  0.000e+00
          0   2434.483   2400.611   45.82640 -129.76326     1.8311     1.8314   3.135701   3.135578    34.6137    34.6119     0.7928     1.6818    7.66339     0.0256     0.0118    99.7061      90931          3  0.000e+00
          0   2434.476   2400.603   45.82640 -129.76326     1.8311     1.8313   3.135695   3.135607    34.6136    34.6124     0.7915     1.6734    7.66339     0.0256     0.0118    99.7061      90932          3  0.000e+00
          0   2434.483   2400.611   45.82640 -129.76326     1.8311     1.8314   3.135682   3.135607    34.6135    34.6122     0.7928     1.6818    7.66340     0.0329     0.0118    99.7061      90933          3  0.000e+00
          0   2434.546   2400.672   45.82640 -129.76326     1.8310     1.8318   3.135714   3.135607    34.6140    34.6118     0.7915     1.6735    7.66340     0.0256     0.0118    99.7061      90934          3  0.000e+00
          0   2434.546   2400.673   45.82640 -129.76326     1.8310     1.8314   3.135721   3.135578    34.6141    34.6118     0.7915     1.6717    7.66340     0.0256     0.0118    99.7061      90935          3  0.000e+00
          0   2434.484   2400.611   45.82640 -129.76326     1.8311     1.8314   3.135695   3.135607    34.6136    34.6122     0.7928     1.6764    7.66339     0.0329     0.0118    99.7061      90936          3  0.000e+00
          0   2434.609   2400.734   45.82640 -129.76326     1.8311     1.8312   3.135682   3.135607    34.6134    34.6125     0.7915     1.6678    7.66340     0.0256     0.0118    99.7061      90937          3  0.000e+00
          0   2434.546   2400.673   45.82640 -129.76326     1.8311     1.8314   3.135701   3.135601    34.6137    34.6121     0.7915     1.6659    7.66339     0.0256     0.0118    99.7061      90938          3  0.000e+00
          0   2434.547   2400.673   45.82640 -129.76326     1.8311     1.8313   3.135695   3.135607    34.6136    34.6124     0.7928     1.6742    7.66339     0.0329     0.0160    99.5998      90939          3  0.000e+00
          0   2434.664   2400.788   45.82640 -129.76326     1.8310     1.8314   3.135682   3.135607    34.6136    34.6121     0.7915     1.6657    7.66343     0.0256     0.0139    99.6529      90940          3  0.000e+00
          0   2434.547   2400.673   45.82640 -129.76326     1.8311     1.8314   3.135714   3.135637    34.6138    34.6125     0.7928     1.6740    7.66338     0.0256     0.0118    99.7061      90941          3  0.000e+00
          0   2434.609   2400.734   45.82640 -129.76326     1.8312     1.8316   3.135695   3.135607    34.6135    34.6120     0.7915     1.6654    7.66339     0.0329     0.0118    99.7061      90942          3  0.000e+00
          0   2434.609   2400.735   45.82640 -129.76326     1.8310     1.8314   3.135701   3.135607    34.6138    34.6122     0.7915     1.6635    7.66341     0.0256     0.0118    99.7061      90943          3  0.000e+00
          0   2434.657   2400.781   45.82640 -129.76326     1.8310     1.8314   3.135714   3.135578    34.6140    34.6118     0.7915     1.6616    7.66341     0.0256     0.0118    99.7061      90944          3  0.000e+00
          0   2434.727   2400.850   45.82640 -129.76326     1.8311     1.8313   3.135714   3.135578    34.6137    34.6119     0.7928     1.6699    7.66339     0.0329     0.0118    99.7061      90945          3  0.000e+00
          0   2434.610   2400.735   45.82640 -129.76326     1.8310     1.8314   3.135695   3.135601    34.6137    34.6121     0.7928     1.6716    7.66342     0.0256     0.0118    99.7061      90946          3  0.000e+00
          0   2434.665   2400.789   45.82640 -129.76326     1.8311     1.8314   3.135701   3.135578    34.6136    34.6118     0.7928     1.6715    7.66339     0.0256     0.0118    99.7061      90947          3  0.000e+00
          0   2434.727   2400.850   45.82640 -129.76326     1.8313     1.8314   3.135695   3.135607    34.6133    34.6121     0.7928     1.6731    7.66338     0.0329     0.0118    99.7061      90948          3  0.000e+00
          0   2434.665   2400.789   45.82640 -129.76326     1.8310     1.8314   3.135714   3.135578    34.6139    34.6118     0.7928     1.6748    7.66340     0.0256     0.0118    99.7061      90949          3  0.000e+00
          0   2434.727   2400.850   45.82640 -129.76326     1.8310     1.8313   3.135721   3.135607    34.6140    34.6123     0.7916     1.6680    7.66340     0.0256     0.0118    99.7061      90950          3  0.000e+00
          0   2434.728   2400.850   45.82640 -129.76326     1.8313     1.8313   3.135714   3.135607    34.6136    34.6123     0.7928     1.6763    7.66336     0.0329     0.0118    99.7061      90951          3  0.000e+00
