AT50-29/CTD Data/AT50-29_CTD-005.ros
* Sea-Bird SBE 9 Data File:
* FileName = C:\data\ctd\at50-29005.hex
* Software Version Seasave V 7.26.7.121
* Temperature SN = 4312
* Conductivity SN = 3521
* Number of Bytes Per Scan = 40
* Number of Voltage Words = 5
* Number of Scans Averaged by the Deck Unit = 1
* NMEA Latitude = 44 31.90 N
* NMEA Longitude = 125 22.82 W
* NMEA UTC (Time) = Aug 23 2024  09:16:46
** Ship: atlantis
** Station: Slope Base
** Operator: JN
# nquan = 20
# nvalues = 2328                                  
# units = specified
# name 0 = modError: Modulo Error Count
# name 1 = prDM: Pressure, Digiquartz [db]
# name 2 = depSM: Depth [salt water, m]
# name 3 = latitude: Latitude [deg]
# name 4 = longitude: Longitude [deg]
# name 5 = t090C: Temperature [ITS-90, deg C]
# name 6 = t190C: Temperature, 2 [ITS-90, deg C]
# name 7 = c0S/m: Conductivity [S/m]
# name 8 = c1S/m: Conductivity, 2 [S/m]
# name 9 = sal00: Salinity, Practical [PSU]
# name 10 = sal11: Salinity, Practical, 2 [PSU]
# name 11 = sbeox0V: Oxygen raw, SBE 43 [V]
# name 12 = sbeox0ML/L: Oxygen, SBE 43 [ml/l]
# name 13 = oxsolML/L: Oxygen Saturation, Garcia & Gordon [ml/l]
# name 14 = flECO-AFL: Fluorescence, WET Labs ECO-AFL/FL [mg/m^3]
# name 15 = CStarAt0: Beam Attenuation, WET Labs C-Star [1/m]
# name 16 = CStarTr0: Beam Transmission, WET Labs C-Star [%]
# name 17 = scan: Scan Count
# name 18 = nbf: Bottles Fired
# name 19 = flag:  0.000e+00
# interval = seconds: 0.0416667
# start_time = Aug 23 2024 09:16:46 [NMEA time, header]
# bad_flag = -9.990e-29
*END*
[from data line 290]
          0   2789.628   2748.876   44.53164 -125.38040     1.7180     1.7183   3.141681   3.141550    34.6402    34.6384     0.8274     1.9499    7.68388     0.0109     0.0171    99.5732      94143          3  0.000e+00
          0   2790.750   2749.975   44.53166 -125.38040     1.7181     1.7182   3.141732   3.141609    34.6402    34.6387     0.8274     1.9494    7.68386     0.0256     0.0160    99.5998      94760          4  0.000e+00
          0   2790.679   2749.906   44.53166 -125.38040     1.7183     1.7184   3.141771   3.141609    34.6405    34.6384     0.8274     1.9494    7.68382     0.0256     0.0160    99.5998      94761          4  0.000e+00
          0   2790.750   2749.976   44.53166 -125.38040     1.7181     1.7183   3.141745   3.141580    34.6404    34.6381     0.8274     1.9494    7.68386     0.0256     0.0160    99.5998      94762          4  0.000e+00
          0   2790.695   2749.922   44.53166 -125.38040     1.7180     1.7183   3.141751   3.141609    34.6406    34.6385     0.8274     1.9515    7.68387     0.0256     0.0160    99.5998      94763          4  0.000e+00
          0   2790.680   2749.906   44.53166 -125.38040     1.7179     1.7184   3.141758   3.141609    34.6408    34.6385     0.8274     1.9516    7.68388     0.0256     0.0160    99.5998      94764          4  0.000e+00
          0   2790.632   2749.860   44.53166 -125.38040     1.7181     1.7183   3.141758   3.141609    34.6406    34.6386     0.8274     1.9517    7.68384     0.0256     0.0160    99.5998      94765          4  0.000e+00
          0   2790.617   2749.845   44.53166 -125.38040     1.7181     1.7186   3.141739   3.141609    34.6404    34.6383     0.8274     1.9518    7.68386     0.0256     0.0171    99.5732      94766          4  0.000e+00
          0   2790.569   2749.798   44.53166 -125.38040     1.7180     1.7184   3.141751   3.141609    34.6406    34.6385     0.8274     1.9518    7.68386     0.0256     0.0160    99.5998      94767          4  0.000e+00
          0   2790.569   2749.798   44.53166 -125.38040     1.7180     1.7186   3.141758   3.141639    34.6407    34.6386     0.8261     1.9408    7.68386     0.0256     0.0171    99.5732      94768          4  0.000e+00
          0   2790.499   2749.729   44.53166 -125.38040     1.7182     1.7188   3.141738   3.141609    34.6403    34.6381     0.8274     1.9478    7.68384     0.0256     0.0160    99.5998      94769          4  0.000e+00
          0   2790.514   2749.745   44.53166 -125.38040     1.7180     1.7184   3.141732   3.141639    34.6404    34.6388     0.8274     1.9479    7.68387     0.0256     0.0171    99.5732      94770          4  0.000e+00
          0   2790.499   2749.729   44.53166 -125.38040     1.7181     1.7186   3.141732   3.141580    34.6403    34.6380     0.8274     1.9480    7.68386     0.0256     0.0160    99.5998      94771          4  0.000e+00
          0   2790.452   2749.683   44.53166 -125.38040     1.7179     1.7184   3.141732   3.141609    34.6406    34.6385     0.8274     1.9481    7.68389     0.0329     0.0171    99.5732      94772          4  0.000e+00
          0   2790.381   2749.614   44.53166 -125.38040     1.7181     1.7185   3.141706   3.141609    34.6401    34.6384     0.8274     1.9481    7.68387     0.0256     0.0182    99.5466      94773          4  0.000e+00
          0   2790.389   2749.621   44.53166 -125.38040     1.7179     1.7186   3.141700   3.141609    34.6402    34.6384     0.8274     1.9482    7.68391     0.0329     0.0214    99.4668      94774          4  0.000e+00
          0   2790.389   2749.621   44.53166 -125.38040     1.7181     1.7184   3.141738   3.141609    34.6405    34.6385     0.8261     1.9393    7.68385     0.0256     0.0192    99.5200      94775          4  0.000e+00
          0   2790.318   2749.552   44.53166 -125.38040     1.7180     1.7184   3.141738   3.141609    34.6406    34.6386     0.8274     1.9464    7.68386     0.0402     0.0171    99.5732      94776          4  0.000e+00
          0   2790.271   2749.506   44.53166 -125.38040     1.7181     1.7184   3.141732   3.141621    34.6404    34.6387     0.8274     1.9465    7.68385     0.0402     0.0171    99.5732      94777          4  0.000e+00
          0   2790.318   2749.552   44.53166 -125.38040     1.7180     1.7184   3.141732   3.141580    34.6405    34.6382     0.8274     1.9467    7.68387     0.0549     0.0171    99.5732      94778          4  0.000e+00
          0   2790.153   2749.390   44.53166 -125.38040     1.7181     1.7184   3.141745   3.141609    34.6407    34.6387     0.8274     1.9490    7.68385     0.0475     0.0171    99.5732      94779          4  0.000e+00
          0   2790.271   2749.506   44.53166 -125.38040     1.7179     1.7188   3.141713   3.141580    34.6405    34.6379     0.8274     1.9493    7.68390     0.0549     0.0160    99.5998      94780          4  0.000e+00
          0   2790.137   2749.375   44.53166 -125.38040     1.7181     1.7186   3.141700   3.141580    34.6401    34.6381     0.8274     1.9495    7.68387     0.0475     0.0171    99.5732      94781          4  0.000e+00
          0   2790.153   2749.390   44.53166 -125.38040     1.7181     1.7185   3.141738   3.141639    34.6406    34.6389     0.8261     1.9429    7.68385     0.0475     0.0160    99.5998      94782          4  0.000e+00
          0   2790.074   2749.313   44.53166 -125.38040     1.7181     1.7186   3.141758   3.141580    34.6409    34.6381     0.8274     1.9503    7.68384     0.0475     0.0171    99.5732      94783          4  0.000e+00
          0   2790.090   2749.329   44.53166 -125.38040     1.7181     1.7186   3.141738   3.141609    34.6406    34.6385     0.8274     1.9507    7.68384     0.0475     0.0160    99.5998      94784          4  0.000e+00
          0   2790.090   2749.329   44.53166 -125.38040     1.7181     1.7184   3.141694   3.141609    34.6400    34.6387     0.8274     1.9511    7.68387     0.0475     0.0171    99.5732      94785          4  0.000e+00
          0   2789.956   2749.198   44.53166 -125.38040     1.7181     1.7184   3.141713   3.141580    34.6403    34.6384     0.8274     1.9515    7.68386     0.0475     0.0171    99.5732      94786          4  0.000e+00
          0   2790.027   2749.267   44.53166 -125.38040     1.7180     1.7186   3.141706   3.141609    34.6403    34.6385     0.8274     1.9520    7.68388     0.0475     0.0171    99.5732      94787          4  0.000e+00
          0   2789.893   2749.136   44.53166 -125.38040     1.7179     1.7184   3.141700   3.141580    34.6404    34.6384     0.8274     1.9524    7.68389     0.0475     0.0171    99.5732      94788          4  0.000e+00
          0   2789.909   2749.152   44.53166 -125.38040     1.7179     1.7186   3.141719   3.141609    34.6407    34.6386     0.8274     1.9528    7.68389     0.0475     0.0171    99.5732      94789          4  0.000e+00
          0   2789.909   2749.152   44.53166 -125.38040     1.7181     1.7183   3.141732   3.141580    34.6406    34.6385     0.8274     1.9532    7.68384     0.0475     0.0171    99.5732      94790          4  0.000e+00
          0   2789.775   2749.021   44.53166 -125.38040     1.7181     1.7185   3.141706   3.141609    34.6404    34.6387     0.8274     1.9536    7.68386     0.0549     0.0171    99.5732      94791          4  0.000e+00
          0   2789.783   2749.028   44.53166 -125.38040     1.7180     1.7186   3.141681   3.141580    34.6401    34.6383     0.8274     1.9519    7.68389     0.0475     0.0171    99.5732      94792          4  0.000e+00
          0   2789.775   2749.021   44.53166 -125.38040     1.7179     1.7183   3.141713   3.141580    34.6407    34.6386     0.8274     1.9522    7.68388     0.0549     0.0182    99.5466      94793          4  0.000e+00
          0   2789.728   2748.975   44.53166 -125.38040     1.7180     1.7184   3.141687   3.141580    34.6403    34.6385     0.8274     1.9526    7.68388     0.0475     0.0225    99.4402      94794          4  0.000e+00
          0   2789.728   2748.975   44.53166 -125.38040     1.7180     1.7186   3.141674   3.141580    34.6401    34.6383     0.8274     1.9529    7.68389     0.0549     0.0192    99.5200      94795          4  0.000e+00
          0   2789.594   2748.844   44.53166 -125.38040     1.7181     1.7186   3.141713   3.141609    34.6405    34.6387     0.8274     1.9532    7.68385     0.0475     0.0182    99.5466      94796          4  0.000e+00
          0   2789.665   2748.913   44.53166 -125.38040     1.7180     1.7186   3.141732   3.141591    34.6408    34.6385     0.8262     1.9446    7.68385     0.0549     0.0160    99.5998      94797          4  0.000e+00
          0   2789.594   2748.844   44.53166 -125.38040     1.7184     1.7184   3.141687   3.141580    34.6399    34.6385     0.8274     1.9498    7.68383     0.0475     0.0171    99.5732      94798          4  0.000e+00
          0   2789.547   2748.797   44.53166 -125.38040     1.7180     1.7184   3.141713   3.141580    34.6407    34.6386     0.8274     1.9501    7.68386     0.0475     0.0160    99.5998      94799          4  0.000e+00
          0   2789.484   2748.736   44.53166 -125.38040     1.7180     1.7184   3.141687   3.141550    34.6404    34.6382     0.8274     1.9505    7.68388     0.0475     0.0171    99.5732      94800          4  0.000e+00
          0   2789.468   2748.720   44.53166 -125.38040     1.7179     1.7185   3.141687   3.141580    34.6405    34.6385     0.8274     1.9487    7.68390     0.0475     0.0171    99.5732      94801          4  0.000e+00
          0   2789.484   2748.736   44.53166 -125.38040     1.7181     1.7184   3.141661   3.141580    34.6400    34.6386     0.8274     1.9489    7.68389     0.0402     0.0171    99.5732      94802          4  0.000e+00
          0   2789.413   2748.667   44.53166 -125.38040     1.7181     1.7184   3.141681   3.141550    34.6402    34.6383     0.8262     1.9401    7.68386     0.0402     0.0171    99.5732      94803          4  0.000e+00
          0   2789.366   2748.620   44.53166 -125.38040     1.7179     1.7184   3.141681   3.141579    34.6405    34.6387     0.8274     1.9474    7.68390     0.0475     0.0171    99.5732      94804          4  0.000e+00
          0   2789.366   2748.620   44.53166 -125.38040     1.7179     1.7186   3.141687   3.141579    34.6406    34.6385     0.8274     1.9499    7.68390     0.0402     0.0160    99.5998      94805          4  0.000e+00
          0   2789.287   2748.543   44.53166 -125.38040     1.7179     1.7183   3.141681   3.141550    34.6406    34.6384     0.8274     1.9503    7.68390     0.0475     0.0171    99.5732      94806          4  0.000e+00
          0   2789.303   2748.559   44.53166 -125.38040     1.7177     1.7184   3.141693   3.141579    34.6408    34.6387     0.8274     1.9508    7.68391     0.0402     0.0171    99.5732      94807          4  0.000e+00
          0   2789.232   2748.489   44.53166 -125.38040     1.7180     1.7183   3.141719   3.141550    34.6409    34.6385     0.8274     1.9512    7.68385     0.0402     0.0160    99.5998      94808          4  0.000e+00
          0   2789.240   2748.497   44.53166 -125.38040     1.7180     1.7184   3.141706   3.141579    34.6407    34.6387     0.8274     1.9516    7.68386     0.0402     0.0171    99.5732      94809          4  0.000e+00
          0   2789.122   2748.382   44.53166 -125.38040     1.7180     1.7184   3.141700   3.141550    34.6407    34.6385     0.8274     1.9520    7.68386     0.0402     0.0160    99.5998      94810          4  0.000e+00
          0   2789.169   2748.428   44.53166 -125.38040     1.7180     1.7183   3.141700   3.141497    34.6407    34.6379     0.8274     1.9524    7.68386     0.0402     0.0171    99.5732      94811          4  0.000e+00
          0   2789.122   2748.382   44.53166 -125.38040     1.7179     1.7184   3.141655   3.141550    34.6403    34.6384     0.8274     1.9528    7.68390     0.0402     0.0160    99.5998      94812          4  0.000e+00
          0   2789.107   2748.366   44.53166 -125.38040     1.7180     1.7186   3.141642   3.141526    34.6400    34.6379     0.8274     1.9533    7.68390     0.0402     0.0171    99.5732      94813          4  0.000e+00
          0   2789.004   2748.266   44.53166 -125.38040     1.7177     1.7184   3.141642   3.141579    34.6404    34.6388     0.8274     1.9537    7.68394     0.0402     0.0203    99.4934      94814          4  0.000e+00
          0   2789.059   2748.320   44.53166 -125.38040     1.7179     1.7184   3.141680   3.141526    34.6407    34.6381     0.8274     1.9541    7.68389     0.0402     0.0203    99.4934      94815          4  0.000e+00
          0   2788.989   2748.251   44.53166 -125.38040     1.7177     1.7184   3.141680   3.141526    34.6409    34.6382     0.8274     1.9545    7.68391     0.0402     0.0171    99.5732      94816          4  0.000e+00
          0   2789.004   2748.266   44.53166 -125.38040     1.7179     1.7184   3.141674   3.141562    34.6405    34.6386     0.8274     1.9528    7.68389     0.0475     0.0171    99.5732      94817          4  0.000e+00
          0   2789.004   2748.266   44.53166 -125.38040     1.7179     1.7184   3.141687   3.141550    34.6408    34.6385     0.8274     1.9532    7.68389     0.0402     0.0171    99.5732      94818          4  0.000e+00
          0   2788.871   2748.135   44.53166 -125.38040     1.7180     1.7183   3.141680   3.141526    34.6406    34.6384     0.8262     1.9445    7.68387     0.0475     0.0171    99.5732      94819          4  0.000e+00
          0   2788.878   2748.143   44.53166 -125.38040     1.7181     1.7186   3.141674   3.141526    34.6404    34.6381     0.8274     1.9518    7.68386     0.0402     0.0171    99.5732      94820          4  0.000e+00
          0   2788.871   2748.135   44.53166 -125.38040     1.7181     1.7183   3.141655   3.141526    34.6402    34.6384     0.8274     1.9523    7.68388     0.0475     0.0171    99.5732      94821          4  0.000e+00
          0   2788.879   2748.143   44.53166 -125.38040     1.7177     1.7184   3.141661   3.141526    34.6407    34.6382     0.8274     1.9527    7.68392     0.0402     0.0171    99.5732      94822          4  0.000e+00
          0   2788.823   2748.089   44.53166 -125.38040     1.7180     1.7184   3.141668   3.141526    34.6404    34.6383     0.8274     1.9531    7.68387     0.0475     0.0171    99.5732      94823          4  0.000e+00
          0   2788.745   2748.012   44.53166 -125.38040     1.7180     1.7184   3.141674   3.141550    34.6405    34.6386     0.8274     1.9514    7.68387     0.0402     0.0171    99.5732      94824          4  0.000e+00
          0   2788.824   2748.089   44.53166 -125.38040     1.7177     1.7183   3.141648   3.141550    34.6405    34.6387     0.8274     1.9518    7.68393     0.0475     0.0171    99.5732      94825          4  0.000e+00
          0   2788.690   2747.958   44.53166 -125.38040     1.7179     1.7183   3.141680   3.141497    34.6408    34.6381     0.8274     1.9521    7.68388     0.0402     0.0171    99.5732      94826          4  0.000e+00
          0   2788.761   2748.028   44.53166 -125.38040     1.7179     1.7183   3.141661   3.141526    34.6406    34.6384     0.8274     1.9524    7.68390     0.0402     0.0160    99.5998      94827          4  0.000e+00
          0   2788.698   2747.966   44.53166 -125.38040     1.7180     1.7184   3.141661   3.141550    34.6404    34.6387     0.8274     1.9527    7.68387     0.0329     0.0171    99.5732      94828          4  0.000e+00
          0   2788.690   2747.958   44.53166 -125.38040     1.7180     1.7184   3.141648   3.141497    34.6403    34.6380     0.8287     1.9621    7.68388     0.0256     0.0160    99.5998      94829          4  0.000e+00
