AT50-29/CTD Data/AT50-29_CTD-001.cnv
* Sea-Bird SBE 9 Data File:
* FileName = C:\data\ctd\at50-29001.hex
* Software Version Seasave V 7.26.7.121
* Temperature SN = 4312
* Conductivity SN = 3521
* Number of Bytes Per Scan = 40
* Number of Voltage Words = 5
* Number of Scans Averaged by the Deck Unit = 1
* NMEA Latitude = 44 22.17 N
* NMEA Longitude = 124 57.68 W
* NMEA UTC (Time) = Aug 09 2024  07:03:31
** Ship: atlantis
** Station: Endurance Offshore
** Operator: JN
** 500 m SW of shallow profiler
# nquan = 19
# nvalues = 17924                                 
# units = specified
# name 0 = modError: Modulo Error Count
# name 1 = prDM: Pressure, Digiquartz [db]
# name 2 = depSM: Depth [salt water, m]
# name 3 = latitude: Latitude [deg]
# name 4 = longitude: Longitude [deg]
# name 5 = t090C: Temperature [ITS-90, deg C]
# name 6 = t190C: Temperature, 2 [ITS-90, deg C]
# name 7 = c0S/m: Conductivity [S/m]
# name 8 = c1S/m: Conductivity, 2 [S/m]
# name 9 = sal00: Salinity, Practical [PSU]
# name 10 = sal11: Salinity, Practical, 2 [PSU]
# name 11 = sbeox0V: Oxygen raw, SBE 43 [V]
# name 12 = sbeox0ML/L: Oxygen, SBE 43 [ml/l]
# name 13 = oxsolML/L: Oxygen Saturation, Garcia & Gordon [ml/l]
# name 14 = flECO-AFL: Fluorescence, WET Labs ECO-AFL/FL [mg/m^3]
# name 15 = CStarAt0: Beam Attenuation, WET Labs C-Star [1/m]
# name 16 = CStarTr0: Beam Transmission, WET Labs C-Star [%]
# name 17 = ph: pH
# name 18 = flag:  0.000e+00
# span 0 =          0,          0                 
# span 1 =      1.104,    222.759                 
# span 2 =      1.095,    220.844                 
# span 3 =   44.36944,   44.36946                 
# span 4 = -124.96138, -124.96134                 
# span 5 =     7.1169,    15.5989                 
# span 6 =     7.1168,    15.5739                 
# span 7 =   3.456553,   4.014201                 
# span 8 =   3.456428,   4.012026                 
# span 9 =    31.8362,    33.9847                 
# span 10 =    31.7272,    33.9836                
# span 11 =     0.8994,     2.6667                
# span 12 =     1.4468,     6.6828                
# span 13 =    5.73030,    6.77818                
# span 14 =     0.0109,     1.7545                
# span 15 =     0.0407,     0.3861                
# span 16 =    90.7991,    98.9882                
# span 17 =      7.580,      8.254                
# span 18 = 0.0000e+00, 0.0000e+00                
# interval = seconds: 0.0416667
# start_time = Aug 09 2024 07:03:31 [NMEA time, header]
# bad_flag = -9.990e-29
*END*
[from data line 9296]
          0    118.480    117.491   44.36946 -124.96136     7.4618     7.4658   3.477768   3.478059    33.9264    33.9255     1.1205     2.1322    6.72757     0.0329     0.0926    97.7120      7.664  0.000e+00
          0    118.480    117.491   44.36946 -124.96136     7.4620     7.4661   3.477815   3.478053    33.9266    33.9252     1.1218     2.1364    6.72752     0.0329     0.0926    97.7120      7.669  0.000e+00
          0    118.480    117.491   44.36946 -124.96136     7.4617     7.4663   3.477821   3.478053    33.9271    33.9250     1.1205     2.1313    6.72756     0.0329     0.0926    97.7120      7.664  0.000e+00
          0    118.533    117.544   44.36946 -124.96136     7.4619     7.4668   3.477762   3.478084    33.9262    33.9248     1.1193     2.1265    6.72757     0.0329     0.0937    97.6854      7.664  0.000e+00
          0    118.442    117.454   44.36946 -124.96136     7.4617     7.4670   3.477815   3.478115    33.9270    33.9251     1.1193     2.1259    6.72756     0.0329     0.0937    97.6854      7.664  0.000e+00
          0    118.533    117.544   44.36946 -124.96136     7.4615     7.4670   3.477795   3.478090    33.9269    33.9248     1.1193     2.1261    6.72759     0.0329     0.0969    97.6057      7.664  0.000e+00
          0    118.533    117.544   44.36946 -124.96136     7.4616     7.4673   3.477775   3.478115    33.9266    33.9247     1.1193     2.1259    6.72759     0.0329     0.0958    97.6322      7.664  0.000e+00
          0    118.480    117.491   44.36946 -124.96136     7.4619     7.4676   3.477775   3.478115    33.9264    33.9244     1.1205     2.1306    6.72756     0.0329     0.0948    97.6588      7.664  0.000e+00
          0    118.533    117.544   44.36946 -124.96136     7.4619     7.4679   3.477775   3.478084    33.9263    33.9237     1.1181     2.1220    6.72756     0.0329     0.0948    97.6588      7.664  0.000e+00
          0    118.533    117.544   44.36946 -124.96136     7.4617     7.4681   3.477775   3.478115    33.9265    33.9239     1.1193     2.1259    6.72758     0.0329     0.0937    97.6854      7.664  0.000e+00
          0    118.533    117.544   44.36946 -124.96136     7.4619     7.4682   3.477795   3.478182    33.9265    33.9245     1.1181     2.1211    6.72755     0.0329     0.0937    97.6854      7.664  0.000e+00
          0    118.593    117.603   44.36946 -124.96136     7.4618     7.4681   3.477788   3.478182    33.9265    33.9246     1.1181     2.1208    6.72757     0.0402     0.0937    97.6854      7.664  0.000e+00
          0    118.533    117.544   44.36946 -124.96136     7.4619     7.4682   3.477755   3.478182    33.9261    33.9245     1.1181     2.1211    6.72757     0.0402     0.0948    97.6588      7.664  0.000e+00
          0    118.593    117.603   44.36946 -124.96136     7.4619     7.4682   3.477815   3.478145    33.9267    33.9241     1.1169     2.1164    6.72754     0.0402     0.0948    97.6588      7.664  0.000e+00
          0    118.593    117.603   44.36946 -124.96136     7.4619     7.4676   3.477821   3.478145    33.9268    33.9247     1.1169     2.1160    6.72754     0.0329     0.0948    97.6588      7.664  0.000e+00
          0    118.593    117.603   44.36946 -124.96136     7.4617     7.4666   3.477768   3.478115    33.9264    33.9253     1.1181     2.1200    6.72759     0.0329     0.0948    97.6588      7.664  0.000e+00
          0    118.593    117.603   44.36946 -124.96136     7.4616     7.4663   3.477788   3.478121    33.9267    33.9257     1.1181     2.1205    6.72758     0.0329     0.0948    97.6588      7.664  0.000e+00
          0    118.593    117.603   44.36946 -124.96136     7.4620     7.4666   3.477788   3.478115    33.9263    33.9253     1.1169     2.1166    6.72754     0.0329     0.0948    97.6588      7.669  0.000e+00
          0    118.646    117.656   44.36946 -124.96136     7.4615     7.4663   3.477775   3.478084    33.9266    33.9253     1.1169     2.1170    6.72760     0.0329     0.0948    97.6588      7.664  0.000e+00
          0    118.593    117.603   44.36946 -124.96136     7.4619     7.4655   3.477795   3.478053    33.9265    33.9258     1.1169     2.1170    6.72755     0.0329     0.0948    97.6588      7.664  0.000e+00
          0    118.646    117.656   44.36946 -124.96136     7.4619     7.4647   3.477808   3.477962    33.9266    33.9255     1.1156     2.1126    6.72755     0.0329     0.0948    97.6588      7.664  0.000e+00
          0    118.698    117.708   44.36946 -124.96136     7.4618     7.4641   3.477788   3.477998    33.9265    33.9265     1.1169     2.1165    6.72757     0.0329     0.0948    97.6588      7.664  0.000e+00
          0    118.646    117.656   44.36946 -124.96136     7.4619     7.4644   3.477775   3.477900    33.9263    33.9252     1.1181     2.1212    6.72756     0.0329     0.0948    97.6588      7.664  0.000e+00
          0    118.646    117.656   44.36946 -124.96136     7.4617     7.4650   3.477755   3.477900    33.9263    33.9245     1.1169     2.1172    6.72759     0.0329     0.0937    97.6854      7.664  0.000e+00
          0    118.698    117.708   44.36946 -124.96136     7.4619     7.4655   3.477722   3.477931    33.9257    33.9244     1.1156     2.1134    6.72759     0.0402     0.0948    97.6588      7.669  0.000e+00
          0    118.698    117.708   44.36946 -124.96136     7.4619     7.4652   3.477782   3.477931    33.9263    33.9247     1.1169     2.1181    6.72756     0.0402     0.0980    97.5791      7.664  0.000e+00
          0    118.698    117.708   44.36946 -124.96136     7.4615     7.4642   3.477742   3.477968    33.9263    33.9260     1.1156     2.1141    6.72762     0.0329     0.0958    97.6322      7.664  0.000e+00
          0    118.758    117.767   44.36946 -124.96136     7.4617     7.4638   3.477755   3.477900    33.9262    33.9256     1.1156     2.1144    6.72760     0.0329     0.0915    97.7386      7.664  0.000e+00
          0    118.759    117.767   44.36946 -124.96136     7.4614     7.4634   3.477755   3.477839    33.9265    33.9254     1.1156     2.1143    6.72763     0.0329     0.0904    97.7652      7.664  0.000e+00
          0    118.759    117.767   44.36946 -124.96136     7.4612     7.4634   3.477748   3.477808    33.9266    33.9251     1.1144     2.1097    6.72765     0.0329     0.0915    97.7386      7.664  0.000e+00
          0    118.759    117.767   44.36946 -124.96136     7.4614     7.4629   3.477762   3.477772    33.9266    33.9252     1.1144     2.1100    6.72763     0.0329     0.0904    97.7652      7.664  0.000e+00
          0    118.759    117.768   44.36946 -124.96136     7.4613     7.4626   3.477735   3.477710    33.9264    33.9248     1.1144     2.1105    6.72765     0.0329     0.0904    97.7652      7.664  0.000e+00
          0    118.811    117.820   44.36946 -124.96136     7.4614     7.4623   3.477735   3.477747    33.9262    33.9255     1.1144     2.1106    6.72764     0.0329     0.0904    97.7652      7.664  0.000e+00
          0    118.811    117.820   44.36946 -124.96136     7.4612     7.4621   3.477722   3.477710    33.9262    33.9252     1.1144     2.1103    6.72766     0.0329     0.0904    97.7652      7.664  0.000e+00
          0    118.811    117.820   44.36946 -124.96136     7.4610     7.4618   3.477735   3.477649    33.9266    33.9249     1.1144     2.1108    6.72768     0.0329     0.0904    97.7652      7.664  0.000e+00
          0    118.864    117.872   44.36946 -124.96136     7.4612     7.4616   3.477748   3.477680    33.9265    33.9254     1.1144     2.1114    6.72765     0.0402     0.0904    97.7652      7.664  0.000e+00
          0    118.864    117.872   44.36946 -124.96136     7.4615     7.4615   3.477742   3.477680    33.9262    33.9255     1.1144     2.1123    6.72763     0.0402     0.0904    97.7652      7.664  0.000e+00
          0    118.864    117.872   44.36946 -124.96136     7.4612     7.4615   3.477748   3.477686    33.9265    33.9256     1.1132     2.1081    6.72765     0.0402     0.0904    97.7652      7.669  0.000e+00
          0    118.977    117.984   44.36946 -124.96136     7.4612     7.4611   3.477748   3.477619    33.9265    33.9251     1.1132     2.1076    6.72765     0.0329     0.0915    97.7386      7.664  0.000e+00
          0    118.924    117.932   44.36946 -124.96136     7.4610     7.4608   3.477742   3.477619    33.9266    33.9255     1.1144     2.1125    6.72768     0.0329     0.0904    97.7652      7.664  0.000e+00
          0    118.977    117.984   44.36946 -124.96136     7.4612     7.4608   3.477748   3.477588    33.9265    33.9251     1.1144     2.1134    6.72765     0.0329     0.0904    97.7652      7.664  0.000e+00
          0    118.887    117.894   44.36946 -124.96136     7.4610     7.4608   3.477748   3.477588    33.9267    33.9252     1.1144     2.1145    6.72768     0.0329     0.0915    97.7386      7.664  0.000e+00
          0    118.977    117.984   44.36946 -124.96136     7.4610     7.4607   3.477748   3.477588    33.9267    33.9252     1.1144     2.1152    6.72767     0.0329     0.0904    97.7652      7.664  0.000e+00
          0    119.037    118.044   44.36946 -124.96136     7.4609     7.4606   3.477762   3.477625    33.9269    33.9256     1.1132     2.1120    6.72769     0.0329     0.0904    97.7652      7.664  0.000e+00
          0    119.037    118.044   44.36946 -124.96136     7.4610     7.4605   3.477755   3.477588    33.9267    33.9254     1.1144     2.1171    6.72767     0.0329     0.0904    97.7652      7.664  0.000e+00
          0    119.090    118.096   44.36946 -124.96136     7.4612     7.4611   3.477728   3.477588    33.9262    33.9247     1.1132     2.1130    6.72766     0.0329     0.0926    97.7120      7.664  0.000e+00
          0    119.037    118.044   44.36946 -124.96136     7.4610     7.4611   3.477715   3.477588    33.9263    33.9248     1.1132     2.1132    6.72770     0.0402     0.0937    97.6854      7.664  0.000e+00
          0    119.142    118.148   44.36946 -124.96136     7.4609     7.4610   3.477755   3.477649    33.9268    33.9255     1.1132     2.1135    6.72769     0.0475     0.0926    97.7120      7.664  0.000e+00
          0    119.090    118.096   44.36946 -124.96136     7.4610     7.4608   3.477708   3.477655    33.9262    33.9258     1.1132     2.1139    6.72770     0.0549     0.0915    97.7386      7.669  0.000e+00
          0    119.142    118.148   44.36946 -124.96136     7.4605     7.4602   3.477702   3.477619    33.9266    33.9260     1.1144     2.1192    6.72775     0.0549     0.0915    97.7386      7.664  0.000e+00
          0    119.203    118.208   44.36946 -124.96136     7.4602     7.4598   3.477695   3.477558    33.9267    33.9256     1.1144     2.1211    6.72779     0.0549     0.0926    97.7120      7.664  0.000e+00
          0    119.203    118.208   44.36946 -124.96136     7.4596     7.4597   3.477642   3.477435    33.9267    33.9245     1.1144     2.1225    6.72788     0.0475     0.0926    97.7120      7.664  0.000e+00
          0    119.203    118.208   44.36946 -124.96136     7.4596     7.4596   3.477602   3.477496    33.9264    33.9252     1.1132     2.1188    6.72791     0.0475     0.0926    97.7120      7.664  0.000e+00
          0    119.255    118.260   44.36946 -124.96136     7.4589     7.4590   3.477589   3.477496    33.9269    33.9257     1.1132     2.1193    6.72799     0.0475     0.0926    97.7120      7.664  0.000e+00
          0    119.255    118.260   44.36946 -124.96136     7.4587     7.4586   3.477589   3.477472    33.9270    33.9259     1.1132     2.1199    6.72801     0.0475     0.0926    97.7120      7.664  0.000e+00
          0    119.308    118.312   44.36946 -124.96136     7.4587     7.4587   3.477569   3.477466    33.9268    33.9257     1.1132     2.1206    6.72802     0.0475     0.0926    97.7120      7.664  0.000e+00
          0    119.308    118.312   44.36946 -124.96136     7.4586     7.4584   3.477576   3.477435    33.9269    33.9256     1.1132     2.1220    6.72803     0.0475     0.0926    97.7120      7.664  0.000e+00
          0    119.368    118.372   44.36946 -124.96136     7.4586     7.4583   3.477569   3.477435    33.9269    33.9257     1.1132     2.1224    6.72804     0.0475     0.0915    97.7386      7.664  0.000e+00
          0    119.368    118.372   44.36946 -124.96136     7.4586     7.4582   3.477556   3.477435    33.9268    33.9258     1.1132     2.1235    6.72804     0.0475     0.0915    97.7386      7.664  0.000e+00
          0    119.421    118.424   44.36946 -124.96136     7.4584     7.4581   3.477576   3.477435    33.9271    33.9259     1.1132     2.1241    6.72805     0.0475     0.0915    97.7386      7.664  0.000e+00
          0    119.421    118.424   44.36946 -124.96136     7.4581     7.4579   3.477522   3.477404    33.9269    33.9258     1.1120     2.1202    6.72811     0.0549     0.0915    97.7386      7.664  0.000e+00
          0    119.481    118.484   44.36946 -124.96136     7.4576     7.4576   3.477476   3.477398    33.9268    33.9259     1.1132     2.1251    6.72819     0.0549     0.0926    97.7120      7.664  0.000e+00
          0    119.481    118.484   44.36946 -124.96136     7.4577     7.4576   3.477509   3.477398    33.9270    33.9260     1.1120     2.1208    6.72816     0.0549     0.0926    97.7120      7.664  0.000e+00
          0    119.534    118.536   44.36946 -124.96136     7.4574     7.4573   3.477483   3.477368    33.9270    33.9259     1.1120     2.1207    6.72821     0.0475     0.0926    97.7120      7.664  0.000e+00
          0    119.534    118.536   44.36946 -124.96136     7.4574     7.4572   3.477463   3.477337    33.9268    33.9256     1.1120     2.1212    6.72822     0.0475     0.0926    97.7120      7.664  0.000e+00
          0    119.586    118.588   44.36946 -124.96136     7.4570     7.4571   3.477443   3.477368    33.9270    33.9261     1.1132     2.1266    6.72828     0.0475     0.0937    97.6854      7.664  0.000e+00
          0    119.609    118.611   44.36946 -124.96136     7.4566     7.4567   3.477436   3.477343    33.9273    33.9262     1.1132     2.1273    6.72832     0.0475     0.0958    97.6322      7.660  0.000e+00
          0    119.647    118.648   44.36946 -124.96136     7.4563     7.4568   3.477389   3.477307    33.9271    33.9257     1.1120     2.1234    6.72838     0.0475     0.0948    97.6588      7.664  0.000e+00
          0    119.647    118.648   44.36946 -124.96136     7.4564     7.4564   3.477416   3.477307    33.9272    33.9261     1.1120     2.1238    6.72835     0.0475     0.0937    97.6854      7.664  0.000e+00
          0    119.699    118.700   44.36946 -124.96136     7.4561     7.4563   3.477416   3.477307    33.9275    33.9262     1.1132     2.1283    6.72839     0.0475     0.0937    97.6854      7.664  0.000e+00
          0    119.759    118.760   44.36946 -124.96136     7.4558     7.4560   3.477403   3.477307    33.9276    33.9264     1.1120     2.1247    6.72842     0.0475     0.0937    97.6854      7.664  0.000e+00
          0    119.759    118.760   44.36946 -124.96136     7.4556     7.4554   3.477376   3.477276    33.9275    33.9266     1.1120     2.1258    6.72846     0.0475     0.0937    97.6854      7.664  0.000e+00
          0    119.759    118.760   44.36946 -124.96136     7.4554     7.4554   3.477350   3.477282    33.9274    33.9267     1.1120     2.1265    6.72849     0.0402     0.0937    97.6854      7.660  0.000e+00
          0    119.812    118.812   44.36946 -124.96136     7.4553     7.4550   3.477336   3.477215    33.9274    33.9263     1.1132     2.1314    6.72852     0.0402     0.0937    97.6854      7.664  0.000e+00
          0    119.865    118.864   44.36946 -124.96136     7.4548     7.4548   3.477336   3.477215    33.9278    33.9265     1.1132     2.1328    6.72857     0.0402     0.0937    97.6854      7.664  0.000e+00
