AT50-29/CTD Data/AT50-29_CTD-001.ros
* Sea-Bird SBE 9 Data File:
* FileName = C:\data\ctd\at50-29001.hex
* Software Version Seasave V 7.26.7.121
* Temperature SN = 4312
* Conductivity SN = 3521
* Number of Bytes Per Scan = 40
* Number of Voltage Words = 5
* Number of Scans Averaged by the Deck Unit = 1
* NMEA Latitude = 44 22.17 N
* NMEA Longitude = 124 57.68 W
* NMEA UTC (Time) = Aug 09 2024  07:03:31
** Ship: atlantis
** Station: Endurance Offshore
** Operator: JN
** 500 m SW of shallow profiler
# nquan = 21
# nvalues = 2231                                  
# units = specified
# name 0 = modError: Modulo Error Count
# name 1 = prDM: Pressure, Digiquartz [db]
# name 2 = depSM: Depth [salt water, m]
# name 3 = latitude: Latitude [deg]
# name 4 = longitude: Longitude [deg]
# name 5 = t090C: Temperature [ITS-90, deg C]
# name 6 = t190C: Temperature, 2 [ITS-90, deg C]
# name 7 = c0S/m: Conductivity [S/m]
# name 8 = c1S/m: Conductivity, 2 [S/m]
# name 9 = sal00: Salinity, Practical [PSU]
# name 10 = sal11: Salinity, Practical, 2 [PSU]
# name 11 = sbeox0V: Oxygen raw, SBE 43 [V]
# name 12 = sbeox0ML/L: Oxygen, SBE 43 [ml/l]
# name 13 = oxsolML/L: Oxygen Saturation, Garcia & Gordon [ml/l]
# name 14 = flECO-AFL: Fluorescence, WET Labs ECO-AFL/FL [mg/m^3]
# name 15 = CStarAt0: Beam Attenuation, WET Labs C-Star [1/m]
# name 16 = CStarTr0: Beam Transmission, WET Labs C-Star [%]
# name 17 = ph: pH
# name 18 = scan: Scan Count
# name 19 = nbf: Bottles Fired
# name 20 = flag:  0.000e+00
# interval = seconds: 0.0416667
# start_time = Aug 09 2024 07:03:31 [NMEA time, header]
# bad_flag = -9.990e-29
*END*
[from data line 2207]
          0     10.444     10.359   44.36944 -124.96136    11.9563    12.0268   3.697890   3.704060    32.1016    32.1005     2.5964     6.4015    6.16874     1.1831     0.2889    93.0325      8.148      70763         23  0.000e+00
          0     10.399     10.315   44.36944 -124.96136    11.9585    12.0252   3.697862   3.704430    32.0994    32.1054     2.5964     6.3994    6.16854     1.1757     0.2889    93.0325      8.148      70764         23  0.000e+00
          0     10.444     10.359   44.36944 -124.96136    11.9604    12.0246   3.697733   3.704794    32.0966    32.1095     2.5977     6.4015    6.16841     1.1904     0.2889    93.0325      8.148      70765         23  0.000e+00
          0     10.444     10.359   44.36944 -124.96136    11.9590    12.0249   3.697678   3.704826    32.0972    32.1095     2.5964     6.3964    6.16856     1.1831     0.2889    93.0325      8.148      70766         23  0.000e+00
          0     10.451     10.367   44.36944 -124.96136    11.9582    12.0256   3.697740   3.704757    32.0985    32.1082     2.5964     6.3949    6.16862     1.1831     0.2889    93.0325      8.148      70767         23  0.000e+00
          0     10.444     10.359   44.36944 -124.96136    11.9570    12.0249   3.698258   3.704625    32.1045    32.1075     2.5977     6.3972    6.16854     1.1977     0.2889    93.0325      8.148      70768         23  0.000e+00
          0     10.444     10.359   44.36944 -124.96136    11.9629    12.0244   3.698987   3.704625    32.1065    32.1080     2.5977     6.3954    6.16769     1.1831     0.2889    93.0325      8.148      70769         23  0.000e+00
          0     10.399     10.315   44.36944 -124.96136    11.9687    12.0242   3.699280   3.704455    32.1044    32.1065     2.5964     6.3897    6.16703     1.1831     0.2889    93.0325      8.148      70770         23  0.000e+00
          0     10.496     10.412   44.36944 -124.96136    11.9734    12.0232   3.699436   3.704267    32.1018    32.1055     2.5977     6.3919    6.16652     1.1904     0.2889    93.0325      8.148      70771         23  0.000e+00
          0     10.444     10.359   44.36944 -124.96136    11.9761    12.0224   3.699743   3.704072    32.1025    32.1043     2.5964     6.3869    6.16614     1.1831     0.2889    93.0325      8.148      70772         23  0.000e+00
          0     10.399     10.315   44.36944 -124.96136    11.9773    12.0207   3.699934   3.703909    32.1033    32.1043     2.5977     6.3898    6.16595     1.1904     0.2889    93.0325      8.148      70773         23  0.000e+00
          0     10.496     10.412   44.36944 -124.96136    11.9798    12.0102   3.700111   3.703646    32.1028    32.1107     2.5977     6.3889    6.16564     1.1977     0.2889    93.0325      8.148      70774         23  0.000e+00
          0     10.444     10.360   44.36944 -124.96136    11.9835    11.9847   3.700261   3.702930    32.1011    32.1258     2.5977     6.3879    6.16523     1.1831     0.2889    93.0325      8.148      70775         23  0.000e+00
          0     10.399     10.315   44.36944 -124.96136    11.9844    11.9546   3.700274   3.701160    32.1005    32.1347     2.5977     6.3875    6.16514     1.1904     0.2889    93.0325      8.148      70776         23  0.000e+00
          0     10.444     10.360   44.36944 -124.96136    11.9820    11.9431   3.700268   3.698355    32.1024    32.1175     2.5977     6.3877    6.16537     1.1977     0.2912    92.9793      8.148      70777         23  0.000e+00
          0     10.452     10.367   44.36944 -124.96136    11.9805    11.9262   3.700363   3.695939    32.1047    32.1087     2.5989     6.3917    6.16549     1.1831     0.2889    93.0325      8.148      70778         23  0.000e+00
          0     10.444     10.360   44.36944 -124.96136    11.9806    11.9034   3.700520   3.694566    32.1060    32.1151     2.5989     6.3918    6.16541     1.1904     0.2786    93.2718      8.148      70779         23  0.000e+00
          0     10.444     10.360   44.36944 -124.96136    11.9847    11.8893   3.700513   3.693587    32.1025    32.1178     2.5989     6.3920    6.16502     1.1977     0.2763    93.3250      8.148      70780         23  0.000e+00
          0     10.452     10.367   44.36944 -124.96136    11.9853    11.8825   3.700711   3.692578    32.1038    32.1139     2.5989     6.3928    6.16488     1.1831     0.2752    93.3515      8.148      70781         23  0.000e+00
          0     10.384     10.300   44.36944 -124.96136    11.9876    11.8734   3.701256   3.691819    32.1072    32.1144     2.5989     6.3929    6.16446     1.1904     0.2752    93.3515      8.148      70782         23  0.000e+00
          0     10.444     10.360   44.36944 -124.96136    11.9910    11.8659   3.701685   3.690916    32.1084    32.1121     2.6001     6.3971    6.16397     1.1977     0.2763    93.3250      8.148      70783         23  0.000e+00
          0     10.399     10.315   44.36944 -124.96136    11.9941    11.8484   3.701658   3.690202    32.1054    32.1203     2.5989     6.3936    6.16368     1.1904     0.2763    93.3250      8.148      70784         23  0.000e+00
          0     10.444     10.360   44.36944 -124.96136    11.9881    11.8366   3.701324   3.689123    32.1074    32.1201     2.6001     6.3991    6.16439     1.1904     0.2763    93.3250      8.148      70785         23  0.000e+00
          0     10.384     10.300   44.36944 -124.96136    11.9860    11.8259   3.701263   3.687701    32.1086    32.1156     2.6001     6.4003    6.16461     1.1977     0.2763    93.3250      8.148      70786         23  0.000e+00
