AT50-29/CTD Data/AT50-29_CTD-007.ros
* Sea-Bird SBE 9 Data File:
* FileName = C:\data\ctd\at50-29007.hex
* Software Version Seasave V 7.26.7.121
* Temperature SN = 4312
* Conductivity SN = 3521
* Number of Bytes Per Scan = 40
* Number of Voltage Words = 5
* Number of Scans Averaged by the Deck Unit = 1
* NMEA Latitude = 45 49.58 N
* NMEA Longitude = 129 45.80 W
* NMEA UTC (Time) = Aug 29 2024  22:36:03
** Ship: atlantis
** Station: Axial Base
** Operator: JN
# nquan = 20
# nvalues = 2328                                  
# units = specified
# name 0 = modError: Modulo Error Count
# name 1 = prDM: Pressure, Digiquartz [db]
# name 2 = depSM: Depth [salt water, m]
# name 3 = latitude: Latitude [deg]
# name 4 = longitude: Longitude [deg]
# name 5 = t090C: Temperature [ITS-90, deg C]
# name 6 = t190C: Temperature, 2 [ITS-90, deg C]
# name 7 = c0S/m: Conductivity [S/m]
# name 8 = c1S/m: Conductivity, 2 [S/m]
# name 9 = sal00: Salinity, Practical [PSU]
# name 10 = sal11: Salinity, Practical, 2 [PSU]
# name 11 = sbeox0V: Oxygen raw, SBE 43 [V]
# name 12 = sbeox0ML/L: Oxygen, SBE 43 [ml/l]
# name 13 = oxsolML/L: Oxygen Saturation, Garcia & Gordon [ml/l]
# name 14 = flECO-AFL: Fluorescence, WET Labs ECO-AFL/FL [mg/m^3]
# name 15 = CStarAt0: Beam Attenuation, WET Labs C-Star [1/m]
# name 16 = CStarTr0: Beam Transmission, WET Labs C-Star [%]
# name 17 = scan: Scan Count
# name 18 = nbf: Bottles Fired
# name 19 = flag:  0.000e+00
# interval = seconds: 0.0416667
# start_time = Aug 29 2024 22:36:03 [NMEA time, header]
# bad_flag = -9.990e-29
*END*
[from data line 1593]
          0    757.609    750.032   45.82642 -129.76326     3.9990     3.9993   3.225483   3.225447    34.2443    34.2436     0.5443     0.2709    7.28197     0.0549     0.0128    99.6795     176163         17  0.000e+00
          0    757.594    750.017   45.82642 -129.76326     3.9984     3.9996   3.225457   3.225435    34.2446    34.2432     0.5443     0.2713    7.28205     0.0475     0.0128    99.6795     176164         17  0.000e+00
          0    757.670    750.092   45.82642 -129.76326     3.9983     3.9999   3.225431   3.225477    34.2444    34.2433     0.5443     0.2708    7.28209     0.0475     0.0128    99.6795     176165         17  0.000e+00
          0    757.609    750.032   45.82642 -129.76326     3.9987     4.0001   3.225483   3.225477    34.2446    34.2431     0.5443     0.2712    7.28200     0.0475     0.0139    99.6529     176166         17  0.000e+00
          0    757.655    750.077   45.82642 -129.76326     3.9995     4.0005   3.225490   3.225495    34.2439    34.2428     0.5443     0.2707    7.28190     0.0475     0.0139    99.6529     176167         17  0.000e+00
          0    757.670    750.092   45.82642 -129.76326     3.9991     4.0004   3.225502   3.225537    34.2445    34.2435     0.5443     0.2702    7.28195     0.0549     0.0128    99.6795     176168         17  0.000e+00
          0    757.708    750.129   45.82642 -129.76326     3.9996     4.0004   3.225528   3.225554    34.2442    34.2437     0.5443     0.2705    7.28187     0.0475     0.0128    99.6795     176169         17  0.000e+00
          0    757.670    750.092   45.82642 -129.76326     3.9999     4.0004   3.225580   3.225537    34.2445    34.2435     0.5443     0.2708    7.28180     0.0475     0.0128    99.6795     176170         17  0.000e+00
          0    757.724    750.145   45.82642 -129.76326     3.9996     4.0005   3.225580   3.225590    34.2447    34.2439     0.5443     0.2711    7.28183     0.0549     0.0160    99.5998     176171         17  0.000e+00
          0    757.709    750.130   45.82642 -129.76326     3.9997     4.0007   3.225509   3.225525    34.2438    34.2430     0.5443     0.2715    7.28186     0.0475     0.0171    99.5732     176172         17  0.000e+00
          0    757.777    750.197   45.82642 -129.76326     3.9997     4.0007   3.225522   3.225566    34.2439    34.2435     0.5443     0.2718    7.28186     0.0475     0.0150    99.6264     176173         17  0.000e+00
          0    757.671    750.092   45.82642 -129.76326     3.9999     4.0010   3.225535   3.225566    34.2440    34.2432     0.5443     0.2721    7.28183     0.0549     0.0139    99.6529     176174         17  0.000e+00
          0    757.770    750.190   45.82642 -129.76326     4.0000     4.0009   3.225561   3.225614    34.2441    34.2438     0.5443     0.2725    7.28180     0.0475     0.0139    99.6529     176175         17  0.000e+00
          0    757.838    750.258   45.82642 -129.76326     4.0000     4.0010   3.225567   3.225566    34.2441    34.2431     0.5443     0.2719    7.28179     0.0549     0.0139    99.6529     176176         17  0.000e+00
          0    757.724    750.145   45.82642 -129.76326     4.0005     4.0008   3.225612   3.225614    34.2442    34.2439     0.5443     0.2713    7.28170     0.0549     0.0150    99.6264     176177         17  0.000e+00
          0    757.823    750.243   45.82642 -129.76326     4.0005     4.0012   3.225651   3.225620    34.2446    34.2435     0.5430     0.2657    7.28168     0.0475     0.0139    99.6529     176178         17  0.000e+00
          0    757.838    750.258   45.82642 -129.76326     4.0008     4.0010   3.225638   3.225566    34.2442    34.2431     0.5443     0.2709    7.28166     0.0549     0.0139    99.6529     176179         17  0.000e+00
          0    757.838    750.258   45.82642 -129.76326     4.0007     4.0010   3.225651   3.225614    34.2444    34.2437     0.5443     0.2721    7.28166     0.0475     0.0139    99.6529     176180         17  0.000e+00
          0    757.884    750.303   45.82642 -129.76326     4.0011     4.0007   3.225658   3.225566    34.2440    34.2434     0.5455     0.2792    7.28160     0.0475     0.0139    99.6529     176181         17  0.000e+00
          0    757.838    750.258   45.82642 -129.76326     4.0011     4.0011   3.225638   3.225614    34.2438    34.2435     0.5430     0.2679    7.28161     0.0549     0.0139    99.6529     176182         17  0.000e+00
          0    757.884    750.303   45.82642 -129.76326     4.0013     4.0007   3.225651   3.225566    34.2438    34.2434     0.5443     0.2731    7.28159     0.0475     0.0139    99.6529     176183         17  0.000e+00
          0    757.892    750.311   45.82642 -129.76326     4.0013     4.0007   3.225658   3.225590    34.2438    34.2437     0.5443     0.2725    7.28158     0.0475     0.0139    99.6529     176184         17  0.000e+00
          0    757.892    750.311   45.82642 -129.76326     4.0011     4.0011   3.225638   3.225584    34.2438    34.2431     0.5430     0.2670    7.28161     0.0549     0.0139    99.6529     176185         17  0.000e+00
          0    757.937    750.356   45.82642 -129.76326     4.0013     4.0008   3.225645   3.225566    34.2437    34.2432     0.5443     0.2732    7.28159     0.0475     0.0150    99.6264     176186         17  0.000e+00
          0    757.953    750.371   45.82642 -129.76326     4.0013     4.0010   3.225658   3.225620    34.2439    34.2436     0.5430     0.2678    7.28159     0.0475     0.0139    99.6529     176187         17  0.000e+00
          0    757.953    750.371   45.82642 -129.76326     4.0011     4.0008   3.225638   3.225584    34.2437    34.2434     0.5443     0.2731    7.28161     0.0475     0.0150    99.6264     176188         17  0.000e+00
          0    757.991    750.408   45.82642 -129.76326     4.0010     4.0008   3.225645   3.225590    34.2440    34.2435     0.5443     0.2735    7.28163     0.0475     0.0139    99.6529     176189         17  0.000e+00
          0    757.953    750.371   45.82642 -129.76326     4.0010     4.0009   3.225638   3.225584    34.2439    34.2434     0.5443     0.2730    7.28163     0.0549     0.0139    99.6529     176190         17  0.000e+00
          0    758.006    750.424   45.82642 -129.76326     4.0011     4.0008   3.225645   3.225590    34.2438    34.2435     0.5430     0.2676    7.28162     0.0475     0.0160    99.5998     176191         17  0.000e+00
          0    757.991    750.409   45.82642 -129.76326     4.0010     4.0007   3.225677   3.225566    34.2443    34.2434     0.5443     0.2729    7.28161     0.0475     0.0182    99.5466     176192         17  0.000e+00
          0    758.006    750.424   45.82642 -129.76326     4.0011     4.0009   3.225645   3.225614    34.2438    34.2437     0.5443     0.2733    7.28161     0.0549     0.0150    99.6264     176193         17  0.000e+00
          0    758.067    750.484   45.82642 -129.76326     4.0013     4.0011   3.225671   3.225590    34.2439    34.2431     0.5443     0.2737    7.28158     0.0475     0.0139    99.6529     176194         17  0.000e+00
          0    758.052    750.469   45.82642 -129.76326     4.0016     4.0008   3.225683   3.225566    34.2438    34.2432     0.5443     0.2732    7.28154     0.0475     0.0128    99.6795     176195         17  0.000e+00
          0    758.067    750.484   45.82642 -129.76326     4.0020     4.0009   3.225703   3.225584    34.2436    34.2433     0.5430     0.2677    7.28148     0.0475     0.0139    99.6529     176196         17  0.000e+00
          0    758.067    750.484   45.82642 -129.76326     4.0020     4.0010   3.225735   3.225620    34.2439    34.2436     0.5430     0.2673    7.28146     0.0475     0.0139    99.6529     176197         17  0.000e+00
          0    758.105    750.522   45.82642 -129.76326     4.0018     4.0007   3.225722   3.225584    34.2440    34.2435     0.5443     0.2717    7.28149     0.0549     0.0139    99.6529     176198         17  0.000e+00
          0    758.067    750.484   45.82642 -129.76326     4.0018     4.0010   3.225696   3.225620    34.2437    34.2436     0.5443     0.2712    7.28151     0.0475     0.0139    99.6529     176199         17  0.000e+00
          0    758.166    750.582   45.82642 -129.76326     4.0019     4.0010   3.225703   3.225590    34.2436    34.2432     0.5430     0.2648    7.28148     0.0475     0.0139    99.6529     176200         17  0.000e+00
          0    758.121    750.537   45.82642 -129.76326     4.0020     4.0008   3.225735   3.225584    34.2439    34.2434     0.5443     0.2701    7.28146     0.0549     0.0139    99.6529     176201         17  0.000e+00
          0    758.121    750.537   45.82642 -129.76326     4.0018     4.0009   3.225703   3.225590    34.2438    34.2434     0.5443     0.2696    7.28150     0.0475     0.0139    99.6529     176202         17  0.000e+00
          0    758.166    750.582   45.82642 -129.76326     4.0021     4.0008   3.225703   3.225590    34.2434    34.2434     0.5430     0.2632    7.28146     0.0475     0.0139    99.6529     176203         17  0.000e+00
          0    758.182    750.597   45.82642 -129.76326     4.0019     4.0005   3.225735   3.225584    34.2439    34.2436     0.5455     0.2742    7.28147     0.0475     0.0139    99.6529     176204         17  0.000e+00
          0    758.121    750.537   45.82642 -129.76326     4.0021     4.0007   3.225761   3.225590    34.2441    34.2435     0.5455     0.2754    7.28142     0.0475     0.0139    99.6529     176205         17  0.000e+00
          0    758.166    750.582   45.82642 -129.76326     4.0023     4.0005   3.225774   3.225584    34.2440    34.2436     0.5443     0.2717    7.28140     0.0549     0.0128    99.6795     176206         17  0.000e+00
          0    758.182    750.597   45.82642 -129.76326     4.0020     4.0007   3.225755   3.225590    34.2441    34.2436     0.5443     0.2720    7.28145     0.0475     0.0139    99.6529     176207         17  0.000e+00
          0    758.235    750.650   45.82642 -129.76326     4.0022     4.0007   3.225742   3.225590    34.2437    34.2435     0.5443     0.2713    7.28142     0.0475     0.0128    99.6795     176208         17  0.000e+00
          0    758.166    750.582   45.82642 -129.76326     4.0021     4.0005   3.225748   3.225555    34.2439    34.2433     0.5430     0.2658    7.28143     0.0549     0.0139    99.6529     176209         17  0.000e+00
          0    758.235    750.650   45.82642 -129.76326     4.0023     4.0007   3.225703   3.225590    34.2432    34.2435     0.5443     0.2701    7.28144     0.0475     0.0139    99.6529     176210         17  0.000e+00
          0    758.235    750.650   45.82642 -129.76326     4.0020     4.0007   3.225729   3.225566    34.2438    34.2433     0.5443     0.2703    7.28146     0.0475     0.0139    99.6529     176211         17  0.000e+00
          0    758.167    750.582   45.82642 -129.76326     4.0021     4.0007   3.225742   3.225614    34.2439    34.2438     0.5430     0.2648    7.28144     0.0475     0.0182    99.5466     176212         17  0.000e+00
          0    758.235    750.650   45.82642 -129.76326     4.0021     4.0004   3.225748   3.225566    34.2439    34.2435     0.5443     0.2700    7.28143     0.0475     0.0150    99.6264     176213         17  0.000e+00
          0    758.235    750.650   45.82642 -129.76326     4.0018     4.0007   3.225742   3.225584    34.2442    34.2435     0.5443     0.2703    7.28148     0.0549     0.0139    99.6529     176214         17  0.000e+00
          0    758.220    750.635   45.82642 -129.76326     4.0020     4.0007   3.225703   3.225566    34.2435    34.2432     0.5443     0.2706    7.28148     0.0475     0.0139    99.6529     176215         17  0.000e+00
          0    758.235    750.650   45.82642 -129.76326     4.0019     4.0007   3.225709   3.225566    34.2436    34.2433     0.5430     0.2651    7.28148     0.0475     0.0128    99.6795     176216         17  0.000e+00
          0    758.235    750.650   45.82642 -129.76326     4.0018     4.0008   3.225696   3.225614    34.2436    34.2436     0.5430     0.2646    7.28151     0.0475     0.0139    99.6529     176217         17  0.000e+00
          0    758.220    750.635   45.82642 -129.76326     4.0015     4.0009   3.225690   3.225590    34.2439    34.2433     0.5430     0.2640    7.28155     0.0475     0.0139    99.6529     176218         17  0.000e+00
          0    757.693    750.114   45.82640 -129.76326     3.9996     4.0007   3.225561   3.225566    34.2446    34.2435     0.5430     0.2684    7.28185     0.0329     0.0139    99.6529     176907         18  0.000e+00
          0    757.677    750.099   45.82640 -129.76326     3.9999     4.0007   3.225548   3.225566    34.2441    34.2435     0.5442     0.2723    7.28182     0.0329     0.0128    99.6795     176908         18  0.000e+00
          0    757.693    750.114   45.82640 -129.76326     4.0000     4.0008   3.225580   3.225554    34.2444    34.2432     0.5442     0.2721    7.28179     0.0402     0.0128    99.6795     176909         18  0.000e+00
          0    757.746    750.166   45.82640 -129.76326     4.0000     4.0007   3.225580   3.225566    34.2443    34.2435     0.5455     0.2777    7.28178     0.0329     0.0128    99.6795     176910         18  0.000e+00
          0    757.677    750.099   45.82640 -129.76326     4.0000     4.0009   3.225574   3.225590    34.2443    34.2436     0.5442     0.2726    7.28178     0.0329     0.0128    99.6795     176911         18  0.000e+00
          0    757.746    750.167   45.82640 -129.76326     4.0000     4.0008   3.225586   3.225584    34.2444    34.2435     0.5442     0.2723    7.28178     0.0402     0.0139    99.6529     176912         18  0.000e+00
          0    757.678    750.099   45.82640 -129.76326     4.0002     4.0010   3.225580   3.225566    34.2442    34.2432     0.5455     0.2779    7.28177     0.0329     0.0128    99.6795     176913         18  0.000e+00
          0    757.799    750.219   45.82640 -129.76326     4.0002     4.0012   3.225548   3.225614    34.2437    34.2435     0.5442     0.2727    7.28178     0.0329     0.0128    99.6795     176914         18  0.000e+00
          0    757.746    750.167   45.82640 -129.76326     4.0002     4.0010   3.225561   3.225590    34.2439    34.2434     0.5442     0.2725    7.28177     0.0329     0.0128    99.6795     176915         18  0.000e+00
          0    757.792    750.212   45.82640 -129.76326     4.0002     4.0010   3.225587   3.225590    34.2442    34.2434     0.5442     0.2732    7.28176     0.0329     0.0139    99.6529     176916         18  0.000e+00
          0    757.746    750.167   45.82640 -129.76326     3.9998     4.0010   3.225554   3.225614    34.2443    34.2437     0.5455     0.2787    7.28183     0.0402     0.0128    99.6795     176917         18  0.000e+00
          0    757.746    750.167   45.82640 -129.76326     4.0000     4.0008   3.225535   3.225590    34.2438    34.2436     0.5442     0.2726    7.28181     0.0329     0.0139    99.6529     176918         18  0.000e+00
          0    757.792    750.212   45.82640 -129.76326     3.9994     4.0008   3.225541   3.225614    34.2445    34.2439     0.5442     0.2724    7.28188     0.0329     0.0182    99.5466     176919         18  0.000e+00
          0    757.800    750.219   45.82640 -129.76326     3.9991     4.0014   3.225496   3.225620    34.2443    34.2434     0.5442     0.2721    7.28196     0.0402     0.0150    99.6264     176920         18  0.000e+00
          0    757.860    750.280   45.82640 -129.76326     3.9990     4.0015   3.225438   3.225620    34.2436    34.2432     0.5442     0.2718    7.28200     0.0329     0.0139    99.6529     176921         18  0.000e+00
          0    757.792    750.212   45.82640 -129.76326     3.9984     4.0016   3.225438   3.225703    34.2443    34.2441     0.5430     0.2657    7.28207     0.0329     0.0128    99.6795     176922         18  0.000e+00
