AT50-29/CTD Data/AT50-29_CTD-005.ros
* Sea-Bird SBE 9 Data File:
* FileName = C:\data\ctd\at50-29005.hex
* Software Version Seasave V 7.26.7.121
* Temperature SN = 4312
* Conductivity SN = 3521
* Number of Bytes Per Scan = 40
* Number of Voltage Words = 5
* Number of Scans Averaged by the Deck Unit = 1
* NMEA Latitude = 44 31.90 N
* NMEA Longitude = 125 22.82 W
* NMEA UTC (Time) = Aug 23 2024  09:16:46
** Ship: atlantis
** Station: Slope Base
** Operator: JN
# nquan = 20
# nvalues = 2328                                  
# units = specified
# name 0 = modError: Modulo Error Count
# name 1 = prDM: Pressure, Digiquartz [db]
# name 2 = depSM: Depth [salt water, m]
# name 3 = latitude: Latitude [deg]
# name 4 = longitude: Longitude [deg]
# name 5 = t090C: Temperature [ITS-90, deg C]
# name 6 = t190C: Temperature, 2 [ITS-90, deg C]
# name 7 = c0S/m: Conductivity [S/m]
# name 8 = c1S/m: Conductivity, 2 [S/m]
# name 9 = sal00: Salinity, Practical [PSU]
# name 10 = sal11: Salinity, Practical, 2 [PSU]
# name 11 = sbeox0V: Oxygen raw, SBE 43 [V]
# name 12 = sbeox0ML/L: Oxygen, SBE 43 [ml/l]
# name 13 = oxsolML/L: Oxygen Saturation, Garcia & Gordon [ml/l]
# name 14 = flECO-AFL: Fluorescence, WET Labs ECO-AFL/FL [mg/m^3]
# name 15 = CStarAt0: Beam Attenuation, WET Labs C-Star [1/m]
# name 16 = CStarTr0: Beam Transmission, WET Labs C-Star [%]
# name 17 = scan: Scan Count
# name 18 = nbf: Bottles Fired
# name 19 = flag:  0.000e+00
# interval = seconds: 0.0416667
# start_time = Aug 23 2024 09:16:46 [NMEA time, header]
# bad_flag = -9.990e-29
*END*
[from data line 218]
          0   2790.112   2749.350   44.53164 -125.38040     1.7179     1.7184   3.141713   3.141527    34.6406    34.6377     0.8274     1.9446    7.68390     0.0329     0.0171    99.5732      94071          3  0.000e+00
          0   2790.033   2749.273   44.53164 -125.38040     1.7180     1.7183   3.141700   3.141550    34.6403    34.6381     0.8261     1.9352    7.68388     0.0329     0.0160    99.5998      94072          3  0.000e+00
          0   2789.986   2749.227   44.53164 -125.38040     1.7179     1.7183   3.141694   3.141580    34.6403    34.6385     0.8286     1.9509    7.68390     0.0329     0.0171    99.5732      94073          3  0.000e+00
          0   2790.033   2749.273   44.53164 -125.38040     1.7179     1.7183   3.141681   3.141550    34.6402    34.6381     0.8274     1.9437    7.68392     0.0402     0.0160    99.5998      94074          3  0.000e+00
          0   2789.986   2749.227   44.53164 -125.38040     1.7179     1.7183   3.141694   3.141550    34.6404    34.6381     0.8274     1.9454    7.68391     0.0329     0.0171    99.5732      94075          3  0.000e+00
          0   2790.049   2749.289   44.53164 -125.38040     1.7179     1.7184   3.141719   3.141550    34.6407    34.6380     0.8286     1.9542    7.68389     0.0329     0.0160    99.5998      94076          3  0.000e+00
          0   2789.970   2749.212   44.53164 -125.38040     1.7177     1.7184   3.141687   3.141591    34.6405    34.6385     0.8286     1.9580    7.68393     0.0329     0.0171    99.5732      94077          3  0.000e+00
          0   2789.986   2749.227   44.53164 -125.38040     1.7176     1.7183   3.141713   3.141580    34.6409    34.6385     0.8274     1.9507    7.68393     0.0329     0.0171    99.5732      94078          3  0.000e+00
          0   2789.915   2749.158   44.53164 -125.38040     1.7180     1.7184   3.141687   3.141550    34.6402    34.6381     0.8274     1.9504    7.68389     0.0329     0.0171    99.5732      94079          3  0.000e+00
          0   2789.986   2749.227   44.53164 -125.38040     1.7179     1.7183   3.141687   3.141580    34.6403    34.6385     0.8274     1.9500    7.68391     0.0329     0.0171    99.5732      94080          3  0.000e+00
          0   2789.931   2749.173   44.53164 -125.38040     1.7177     1.7183   3.141662   3.141580    34.6402    34.6385     0.8274     1.9497    7.68395     0.0329     0.0171    99.5732      94081          3  0.000e+00
          0   2789.915   2749.158   44.53164 -125.38040     1.7177     1.7183   3.141706   3.141550    34.6407    34.6382     0.8261     1.9403    7.68392     0.0329     0.0160    99.5998      94082          3  0.000e+00
          0   2789.931   2749.173   44.53164 -125.38040     1.7177     1.7183   3.141706   3.141580    34.6407    34.6385     0.8274     1.9492    7.68391     0.0402     0.0171    99.5732      94083          3  0.000e+00
          0   2789.915   2749.158   44.53164 -125.38040     1.7180     1.7184   3.141681   3.141550    34.6401    34.6380     0.8274     1.9490    7.68389     0.0329     0.0171    99.5732      94084          3  0.000e+00
          0   2789.868   2749.112   44.53164 -125.38040     1.7177     1.7183   3.141693   3.141550    34.6406    34.6382     0.8286     1.9578    7.68393     0.0402     0.0171    99.5732      94085          3  0.000e+00
          0   2789.868   2749.112   44.53164 -125.38040     1.7179     1.7183   3.141700   3.141609    34.6405    34.6389     0.8274     1.9506    7.68390     0.0329     0.0182    99.5466      94086          3  0.000e+00
          0   2789.789   2749.035   44.53164 -125.38040     1.7177     1.7184   3.141700   3.141550    34.6407    34.6381     0.8274     1.9503    7.68391     0.0402     0.0214    99.4668      94087          3  0.000e+00
          0   2789.931   2749.174   44.53164 -125.38040     1.7179     1.7184   3.141694   3.141550    34.6404    34.6381     0.8286     1.9591    7.68391     0.0329     0.0192    99.5200      94088          3  0.000e+00
          0   2789.790   2749.035   44.53164 -125.38040     1.7177     1.7183   3.141719   3.141580    34.6410    34.6386     0.8274     1.9518    7.68391     0.0329     0.0160    99.5998      94089          3  0.000e+00
          0   2789.805   2749.050   44.53164 -125.38040     1.7179     1.7182   3.141706   3.141609    34.6406    34.6391     0.8274     1.9514    7.68390     0.0256     0.0171    99.5732      94090          3  0.000e+00
          0   2789.805   2749.051   44.53164 -125.38040     1.7179     1.7184   3.141693   3.141550    34.6405    34.6381     0.8274     1.9511    7.68390     0.0256     0.0160    99.5998      94091          3  0.000e+00
          0   2789.735   2748.981   44.53164 -125.38040     1.7177     1.7182   3.141681   3.141580    34.6405    34.6388     0.8286     1.9598    7.68392     0.0256     0.0171    99.5732      94092          3  0.000e+00
          0   2789.806   2749.051   44.53164 -125.38040     1.7177     1.7183   3.141693   3.141550    34.6406    34.6382     0.8274     1.9545    7.68393     0.0256     0.0160    99.5998      94093          3  0.000e+00
          0   2789.790   2749.035   44.53164 -125.38040     1.7180     1.7182   3.141719   3.141550    34.6406    34.6384     0.8274     1.9542    7.68386     0.0256     0.0171    99.5732      94094          3  0.000e+00
          0   2789.743   2748.989   44.53164 -125.38040     1.7177     1.7183   3.141668   3.141550    34.6404    34.6382     0.8286     1.9628    7.68394     0.0256     0.0171    99.5732      94095          3  0.000e+00
          0   2789.743   2748.989   44.53164 -125.38040     1.7179     1.7184   3.141661   3.141550    34.6401    34.6381     0.8274     1.9576    7.68392     0.0329     0.0171    99.5732      94096          3  0.000e+00
          0   2789.735   2748.981   44.53164 -125.38040     1.7176     1.7183   3.141687   3.141532    34.6407    34.6381     0.8274     1.9572    7.68394     0.0256     0.0160    99.5998      94097          3  0.000e+00
          0   2789.743   2748.989   44.53164 -125.38040     1.7179     1.7183   3.141681   3.141580    34.6403    34.6386     0.8274     1.9569    7.68391     0.0329     0.0171    99.5732      94098          3  0.000e+00
          0   2789.735   2748.982   44.53164 -125.38040     1.7177     1.7182   3.141655   3.141550    34.6402    34.6384     0.8274     1.9566    7.68395     0.0256     0.0171    99.5732      94099          3  0.000e+00
          0   2789.743   2748.989   44.53164 -125.38040     1.7179     1.7184   3.141681   3.141550    34.6403    34.6381     0.8274     1.9562    7.68391     0.0329     0.0160    99.5998      94100          3  0.000e+00
          0   2789.625   2748.874   44.53164 -125.38040     1.7180     1.7184   3.141700   3.141580    34.6405    34.6385     0.8274     1.9558    7.68387     0.0256     0.0171    99.5732      94101          3  0.000e+00
          0   2789.735   2748.982   44.53164 -125.38040     1.7176     1.7182   3.141655   3.141527    34.6403    34.6381     0.8274     1.9555    7.68396     0.0256     0.0160    99.5998      94102          3  0.000e+00
          0   2789.625   2748.874   44.53164 -125.38040     1.7177     1.7182   3.141681   3.141609    34.6406    34.6392     0.8274     1.9552    7.68393     0.0256     0.0171    99.5732      94103          3  0.000e+00
          0   2789.672   2748.920   44.53164 -125.38040     1.7179     1.7182   3.141700   3.141580    34.6406    34.6388     0.8274     1.9548    7.68390     0.0256     0.0171    99.5732      94104          3  0.000e+00
          0   2789.688   2748.936   44.53164 -125.38040     1.7177     1.7183   3.141693   3.141580    34.6407    34.6386     0.8286     1.9635    7.68392     0.0256     0.0171    99.5732      94105          3  0.000e+00
          0   2789.688   2748.936   44.53164 -125.38040     1.7179     1.7183   3.141681   3.141550    34.6403    34.6383     0.8274     1.9561    7.68390     0.0256     0.0171    99.5732      94106          3  0.000e+00
          0   2789.554   2748.805   44.53164 -125.38040     1.7177     1.7180   3.141674   3.141550    34.6405    34.6387     0.8286     1.9647    7.68393     0.0329     0.0214    99.4668      94107          3  0.000e+00
          0   2789.688   2748.936   44.53164 -125.38040     1.7179     1.7182   3.141713   3.141580    34.6408    34.6388     0.8274     1.9572    7.68389     0.0256     0.0192    99.5200      94108          3  0.000e+00
          0   2789.610   2748.859   44.53164 -125.38040     1.7177     1.7182   3.141687   3.141580    34.6407    34.6388     0.8274     1.9567    7.68393     0.0329     0.0171    99.5732      94109          3  0.000e+00
          0   2789.625   2748.874   44.53164 -125.38040     1.7179     1.7182   3.141674   3.141550    34.6403    34.6385     0.8274     1.9562    7.68391     0.0256     0.0171    99.5732      94110          3  0.000e+00
          0   2789.626   2748.874   44.53164 -125.38040     1.7176     1.7180   3.141674   3.141550    34.6405    34.6386     0.8274     1.9557    7.68394     0.0329     0.0160    99.5998      94111          3  0.000e+00
          0   2789.610   2748.859   44.53164 -125.38040     1.7179     1.7182   3.141687   3.141527    34.6405    34.6382     0.8274     1.9573    7.68390     0.0256     0.0171    99.5732      94112          3  0.000e+00
          0   2789.626   2748.874   44.53164 -125.38040     1.7177     1.7183   3.141693   3.141527    34.6407    34.6380     0.8274     1.9569    7.68392     0.0256     0.0160    99.5998      94113          3  0.000e+00
          0   2789.610   2748.859   44.53164 -125.38040     1.7177     1.7182   3.141681   3.141580    34.6406    34.6388     0.8286     1.9655    7.68393     0.0256     0.0171    99.5732      94114          3  0.000e+00
          0   2789.563   2748.813   44.53164 -125.38040     1.7177     1.7181   3.141674   3.141527    34.6405    34.6383     0.8274     1.9580    7.68393     0.0256     0.0160    99.5998      94115          3  0.000e+00
          0   2789.563   2748.813   44.53164 -125.38040     1.7177     1.7182   3.141713   3.141580    34.6409    34.6389     0.8274     1.9553    7.68390     0.0256     0.0160    99.5998      94116          3  0.000e+00
          0   2789.610   2748.859   44.53164 -125.38040     1.7177     1.7183   3.141693   3.141532    34.6407    34.6381     0.8274     1.9547    7.68392     0.0256     0.0160    99.5998      94117          3  0.000e+00
          0   2789.563   2748.813   44.53164 -125.38040     1.7180     1.7182   3.141655   3.141580    34.6399    34.6389     0.8274     1.9520    7.68390     0.0256     0.0171    99.5732      94118          3  0.000e+00
          0   2789.610   2748.859   44.53164 -125.38040     1.7177     1.7184   3.141681   3.141527    34.6406    34.6379     0.8274     1.9513    7.68393     0.0256     0.0160    99.5998      94119          3  0.000e+00
          0   2789.563   2748.813   44.53164 -125.38040     1.7177     1.7184   3.141693   3.141580    34.6408    34.6386     0.8274     1.9506    7.68392     0.0256     0.0171    99.5732      94120          3  0.000e+00
          0   2789.563   2748.813   44.53164 -125.38040     1.7176     1.7183   3.141700   3.141550    34.6409    34.6383     0.8274     1.9478    7.68392     0.0256     0.0171    99.5732      94121          3  0.000e+00
          0   2789.555   2748.806   44.53164 -125.38040     1.7179     1.7182   3.141719   3.141580    34.6409    34.6389     0.8274     1.9492    7.68388     0.0329     0.0171    99.5732      94122          3  0.000e+00
          0   2789.563   2748.813   44.53164 -125.38040     1.7177     1.7182   3.141687   3.141550    34.6407    34.6385     0.8274     1.9485    7.68392     0.0256     0.0171    99.5732      94123          3  0.000e+00
          0   2789.555   2748.806   44.53164 -125.38040     1.7177     1.7182   3.141693   3.141550    34.6408    34.6385     0.8274     1.9478    7.68392     0.0329     0.0160    99.5998      94124          3  0.000e+00
          0   2789.626   2748.875   44.53164 -125.38040     1.7176     1.7183   3.141681   3.141580    34.6406    34.6387     0.8274     1.9493    7.68394     0.0256     0.0171    99.5732      94125          3  0.000e+00
          0   2789.563   2748.814   44.53164 -125.38040     1.7179     1.7183   3.141674   3.141550    34.6403    34.6383     0.8274     1.9508    7.68391     0.0256     0.0160    99.5998      94126          3  0.000e+00
          0   2789.556   2748.806   44.53164 -125.38040     1.7179     1.7182   3.141687   3.141580    34.6405    34.6389     0.8286     1.9593    7.68390     0.0256     0.0203    99.4934      94127          3  0.000e+00
          0   2789.564   2748.814   44.53164 -125.38040     1.7179     1.7183   3.141719   3.141550    34.6409    34.6383     0.8274     1.9517    7.68388     0.0256     0.0203    99.4934      94128          3  0.000e+00
          0   2789.611   2748.860   44.53164 -125.38040     1.7175     1.7183   3.141706   3.141580    34.6411    34.6387     0.8274     1.9512    7.68394     0.0256     0.0182    99.5466      94129          3  0.000e+00
          0   2789.509   2748.760   44.53164 -125.38040     1.7177     1.7183   3.141681   3.141527    34.6406    34.6381     0.8274     1.9505    7.68392     0.0256     0.0171    99.5732      94130          3  0.000e+00
          0   2789.627   2748.876   44.53164 -125.38040     1.7179     1.7182   3.141674   3.141550    34.6403    34.6385     0.8274     1.9478    7.68391     0.0256     0.0182    99.5466      94131          3  0.000e+00
          0   2789.556   2748.806   44.53164 -125.38040     1.7177     1.7183   3.141693   3.141550    34.6408    34.6383     0.8274     1.9471    7.68392     0.0256     0.0171    99.5732      94132          3  0.000e+00
          0   2789.627   2748.876   44.53164 -125.38040     1.7179     1.7183   3.141700   3.141580    34.6406    34.6387     0.8286     1.9555    7.68389     0.0329     0.0182    99.5466      94133          3  0.000e+00
          0   2789.556   2748.806   44.53164 -125.38040     1.7179     1.7183   3.141693   3.141527    34.6406    34.6381     0.8286     1.9589    7.68390     0.0256     0.0182    99.5466      94134          3  0.000e+00
          0   2789.627   2748.876   44.53164 -125.38040     1.7176     1.7184   3.141681   3.141580    34.6406    34.6385     0.8274     1.9512    7.68394     0.0329     0.0171    99.5732      94135          3  0.000e+00
          0   2789.564   2748.814   44.53164 -125.38040     1.7180     1.7184   3.141674   3.141550    34.6402    34.6382     0.8274     1.9504    7.68389     0.0256     0.0182    99.5466      94136          3  0.000e+00
          0   2789.611   2748.860   44.53164 -125.38040     1.7180     1.7183   3.141713   3.141550    34.6406    34.6383     0.8274     1.9517    7.68386     0.0329     0.0171    99.5732      94137          3  0.000e+00
          0   2789.627   2748.876   44.53164 -125.38040     1.7180     1.7184   3.141706   3.141562    34.6405    34.6383     0.8274     1.9511    7.68387     0.0256     0.0171    99.5732      94138          3  0.000e+00
          0   2789.612   2748.861   44.53164 -125.38040     1.7179     1.7182   3.141681   3.141550    34.6404    34.6385     0.8286     1.9594    7.68391     0.0256     0.0171    99.5732      94139          3  0.000e+00
          0   2789.627   2748.876   44.53164 -125.38040     1.7179     1.7183   3.141713   3.141580    34.6407    34.6387     0.8261     1.9427    7.68388     0.0109     0.0171    99.5732      94140          3  0.000e+00
          0   2789.627   2748.876   44.53164 -125.38040     1.7177     1.7184   3.141706   3.141609    34.6409    34.6389     0.8274     1.9511    7.68391     0.0109     0.0171    99.5732      94141          3  0.000e+00
