AT50-29/CTD Data/AT50-29_CTD-004.cnv
* Sea-Bird SBE 9 Data File:
* FileName = C:\data\ctd\at50-29004.hex
* Software Version Seasave V 7.26.7.121
* Temperature SN = 4312
* Conductivity SN = 3521
* Number of Bytes Per Scan = 40
* Number of Voltage Words = 5
* Number of Scans Averaged by the Deck Unit = 1
* NMEA Latitude = 45 49.60 N
* NMEA Longitude = 129 44.94 W
* NMEA UTC (Time) = Aug 12 2024  01:28:09
** Ship: atlantis
** Station: Axial
** Operator: JN
# nquan = 18
# nvalues = 15964                                 
# units = specified
# name 0 = modError: Modulo Error Count
# name 1 = prDM: Pressure, Digiquartz [db]
# name 2 = depSM: Depth [salt water, m]
# name 3 = latitude: Latitude [deg]
# name 4 = longitude: Longitude [deg]
# name 5 = t090C: Temperature [ITS-90, deg C]
# name 6 = t190C: Temperature, 2 [ITS-90, deg C]
# name 7 = c0S/m: Conductivity [S/m]
# name 8 = c1S/m: Conductivity, 2 [S/m]
# name 9 = sal00: Salinity, Practical [PSU]
# name 10 = sal11: Salinity, Practical, 2 [PSU]
# name 11 = sbeox0V: Oxygen raw, SBE 43 [V]
# name 12 = sbeox0ML/L: Oxygen, SBE 43 [ml/l]
# name 13 = oxsolML/L: Oxygen Saturation, Garcia & Gordon [ml/l]
# name 14 = flECO-AFL: Fluorescence, WET Labs ECO-AFL/FL [mg/m^3]
# name 15 = CStarAt0: Beam Attenuation, WET Labs C-Star [1/m]
# name 16 = CStarTr0: Beam Transmission, WET Labs C-Star [%]
# name 17 = flag:  0.000e+00
# span 0 =          0,          0                 
# span 1 =      1.290,    223.061                 
# span 2 =      1.280,    221.114                 
# span 3 =   45.82660,   45.82662                 
# span 4 = -129.74904, -129.74900                 
# span 5 =     6.5239,    17.9159                 
# span 6 =     6.5294,    17.9149                 
# span 7 =   3.386508,   4.270146                 
# span 8 =   3.386503,   4.269829                 
# span 9 =    32.3437,    33.8030                 
# span 10 =    31.6705,    33.7991                
# span 11 =     1.4305,     3.8083                
# span 12 =     3.3239,     9.2649                
# span 13 =    5.46604,    6.87979                
# span 14 =    -0.0037,     1.9596                
# span 15 =     0.0332,     0.2889                
# span 16 =    93.0325,    99.1744                
# span 17 = 0.0000e+00, 0.0000e+00                
# interval = seconds: 0.0416667
# start_time = Aug 12 2024 01:28:09 [NMEA time, header]
# bad_flag = -9.990e-29
*END*
[from data line 6031]
          0    101.672    100.814   45.82662 -129.74902     8.8855     8.8858   3.484674   3.484343    32.6576    32.6539     2.1659     5.5245    6.56957     0.2307     0.0471    98.8287  0.000e+00
          0    101.702    100.844   45.82662 -129.74902     8.8835     8.8847   3.484654   3.484331    32.6593    32.6548     2.1659     5.5248    6.56980     0.2160     0.0471    98.8287  0.000e+00
          0    101.650    100.792   45.82662 -129.74902     8.8828     8.8831   3.484640   3.484300    32.6598    32.6560     2.1659     5.5243    6.56988     0.2160     0.0471    98.8287  0.000e+00
          0    101.702    100.844   45.82662 -129.74902     8.8836     8.8821   3.484620   3.484306    32.6588    32.6569     2.1659     5.5237    6.56979     0.2234     0.0461    98.8553  0.000e+00
          0    101.672    100.814   45.82662 -129.74902     8.8854     8.8824   3.484607   3.484270    32.6570    32.6563     2.1659     5.5229    6.56961     0.2160     0.0471    98.8287  0.000e+00
          0    101.702    100.844   45.82662 -129.74902     8.8863     8.8834   3.484614   3.484343    32.6563    32.6561     2.1659     5.5227    6.56951     0.2160     0.0504    98.7489  0.000e+00
          0    101.650    100.792   45.82662 -129.74902     8.8864     8.8860   3.484540   3.484361    32.6555    32.6540     2.1647     5.5176    6.56954     0.2234     0.0493    98.7755  0.000e+00
          0    101.725    100.866   45.82662 -129.74902     8.8850     8.8858   3.484494   3.484423    32.6562    32.6547     2.1659     5.5217    6.56971     0.2307     0.0471    98.8287  0.000e+00
          0    101.702    100.844   45.82662 -129.74902     8.8844     8.8863   3.484487   3.484496    32.6567    32.6550     2.1647     5.5172    6.56978     0.2380     0.0461    98.8553  0.000e+00
          0    101.650    100.792   45.82662 -129.74902     8.8840     8.8879   3.484441   3.484521    32.6566    32.6538     2.1659     5.5211    6.56984     0.2453     0.0461    98.8553  0.000e+00
          0    101.672    100.814   45.82662 -129.74902     8.8829     8.8886   3.484327   3.484582    32.6564    32.6538     2.1659     5.5207    6.57000     0.2527     0.0461    98.8553  0.000e+00
          0    101.702    100.844   45.82662 -129.74902     8.8807     8.8893   3.484314   3.484650    32.6583    32.6539     2.1659     5.5209    6.57025     0.2453     0.0461    98.8553  0.000e+00
          0    101.702    100.844   45.82662 -129.74902     8.8799     8.8896   3.484308   3.484643    32.6589    32.6536     2.1659     5.5204    6.57033     0.2453     0.0461    98.8553  0.000e+00
          0    101.702    100.844   45.82662 -129.74902     8.8782     8.8896   3.484321   3.484643    32.6607    32.6536     2.1671     5.5244    6.57051     0.2527     0.0461    98.8553  0.000e+00
          0    101.725    100.866   45.82662 -129.74902     8.8784     8.8886   3.484308   3.484650    32.6603    32.6545     2.1659     5.5203    6.57049     0.2380     0.0461    98.8553  0.000e+00
          0    101.702    100.844   45.82662 -129.74902     8.8787     8.8876   3.484321   3.484705    32.6602    32.6560     2.1647     5.5161    6.57046     0.2380     0.0461    98.8553  0.000e+00
          0    101.702    100.844   45.82662 -129.74902     8.8790     8.8878   3.484308   3.484680    32.6598    32.6556     2.1659     5.5200    6.57043     0.2453     0.0450    98.8819  0.000e+00
          0    101.725    100.866   45.82662 -129.74902     8.8793     8.8868   3.484314   3.484613    32.6596    32.6558     2.1671     5.5243    6.57039     0.2453     0.0461    98.8553  0.000e+00
          0    101.702    100.844   45.82662 -129.74902     8.8795     8.8866   3.484348   3.484582    32.6598    32.6556     2.1671     5.5247    6.57036     0.2453     0.0461    98.8553  0.000e+00
          0    101.755    100.896   45.82662 -129.74902     8.8798     8.8862   3.484321   3.484619    32.6591    32.6564     2.1659     5.5211    6.57033     0.2453     0.0461    98.8553  0.000e+00
          0    101.672    100.814   45.82662 -129.74902     8.8804     8.8855   3.484321   3.484582    32.6586    32.6567     2.1659     5.5208    6.57027     0.2527     0.0461    98.8553  0.000e+00
          0    101.755    100.896   45.82662 -129.74902     8.8808     8.8850   3.484348   3.484521    32.6585    32.6565     2.1659     5.5207    6.57022     0.2380     0.0461    98.8553  0.000e+00
          0    101.755    100.896   45.82662 -129.74902     8.8808     8.8837   3.484321   3.484466    32.6583    32.6571     2.1659     5.5206    6.57024     0.2453     0.0461    98.8553  0.000e+00
          0    101.755    100.896   45.82662 -129.74902     8.8805     8.8811   3.484321   3.484362    32.6585    32.6584     2.1659     5.5205    6.57027     0.2527     0.0461    98.8553  0.000e+00
          0    101.725    100.866   45.82662 -129.74902     8.8801     8.8796   3.484328   3.484331    32.6590    32.6594     2.1659     5.5204    6.57030     0.2380     0.0461    98.8553  0.000e+00
          0    101.755    100.896   45.82662 -129.74902     8.8802     8.8793   3.484308   3.484214    32.6587    32.6585     2.1659     5.5203    6.57030     0.2380     0.0482    98.8021  0.000e+00
          0    101.755    100.896   45.82662 -129.74902     8.8799     8.8789   3.484341   3.484178    32.6592    32.6586     2.1647     5.5162    6.57031     0.2453     0.0493    98.7755  0.000e+00
          0    101.725    100.866   45.82662 -129.74902     8.8803     8.8787   3.484361   3.484153    32.6591    32.6585     2.1647     5.5155    6.57026     0.2453     0.0461    98.8553  0.000e+00
          0    101.815    100.956   45.82662 -129.74902     8.8804     8.8785   3.484321   3.484018    32.6586    32.6572     2.1647     5.5150    6.57027     0.2453     0.0450    98.8819  0.000e+00
          0    101.755    100.896   45.82662 -129.74902     8.8803     8.8808   3.484274   3.483988    32.6582    32.6548     2.1647     5.5145    6.57030     0.2453     0.0450    98.8819  0.000e+00
          0    101.838    100.978   45.82662 -129.74902     8.8799     8.8804   3.484201   3.484031    32.6578    32.6555     2.1647     5.5146    6.57038     0.2527     0.0450    98.8819  0.000e+00
          0    101.755    100.896   45.82662 -129.74902     8.8788     8.8791   3.484174   3.484116    32.6585    32.6576     2.1671     5.5232    6.57051     0.2453     0.0450    98.8819  0.000e+00
          0    101.755    100.896   45.82662 -129.74902     8.8781     8.8753   3.484154   3.484178    32.6590    32.6619     2.1659     5.5193    6.57059     0.2453     0.0450    98.8819  0.000e+00
          0    101.815    100.956   45.82662 -129.74902     8.8775     8.8715   3.484161   3.484061    32.6596    32.6641     2.1659     5.5194    6.57066     0.2453     0.0450    98.8819  0.000e+00
          0    101.838    100.978   45.82662 -129.74902     8.8771     8.8700   3.484081   3.483988    32.6591    32.6647     2.1659     5.5195    6.57073     0.2453     0.0450    98.8819  0.000e+00
          0    101.815    100.956   45.82662 -129.74902     8.8759     8.8684   3.483975   3.483865    32.6592    32.6649     2.1647     5.5156    6.57092     0.2380     0.0450    98.8819  0.000e+00
          0    101.815    100.956   45.82662 -129.74902     8.8753     8.8673   3.483968   3.483810    32.6596    32.6653     2.1659     5.5197    6.57098     0.2453     0.0450    98.8819  0.000e+00
          0    101.838    100.978   45.82662 -129.74902     8.8759     8.8678   3.484075   3.483737    32.6602    32.6641     2.1647     5.5157    6.57087     0.2453     0.0450    98.8819  0.000e+00
          0    101.815    100.956   45.82662 -129.74902     8.8786     8.8686   3.484248   3.483706    32.6595    32.6631     2.1659     5.5194    6.57050     0.2453     0.0450    98.8819  0.000e+00
          0    101.868    101.008   45.82662 -129.74902     8.8805     8.8676   3.484387   3.483749    32.6592    32.6644     2.1647     5.5153    6.57024     0.2453     0.0450    98.8819  0.000e+00
          0    101.815    100.956   45.82662 -129.74902     8.8816     8.8661   3.484381   3.483675    32.6581    32.6650     2.1659     5.5193    6.57012     0.2527     0.0450    98.8819  0.000e+00
          0    101.890    101.030   45.82662 -129.74902     8.8808     8.8635   3.484361   3.483553    32.6586    32.6661     2.1647     5.5151    6.57021     0.2453     0.0450    98.8819  0.000e+00
          0    101.868    101.008   45.82662 -129.74902     8.8808     8.8590   3.484341   3.483473    32.6584    32.6694     2.1659     5.5192    6.57023     0.2453     0.0450    98.8819  0.000e+00
          0    101.868    101.008   45.82662 -129.74902     8.8807     8.8548   3.484308   3.483332    32.6582    32.6718     2.1647     5.5149    6.57025     0.2527     0.0450    98.8819  0.000e+00
          0    101.838    100.978   45.82662 -129.74902     8.8808     8.8517   3.484301   3.483179    32.6580    32.6731     2.1647     5.5145    6.57025     0.2380     0.0450    98.8819  0.000e+00
          0    101.920    101.060   45.82662 -129.74902     8.8807     8.8504   3.484301   3.483099    32.6581    32.6734     2.1647     5.5143    6.57026     0.2453     0.0471    98.8287  0.000e+00
          0    101.868    101.008   45.82662 -129.74902     8.8806     8.8500   3.484281   3.482989    32.6580    32.6726     2.1647     5.5140    6.57028     0.2453     0.0482    98.8021  0.000e+00
          0    101.890    101.030   45.82662 -129.74902     8.8813     8.8494   3.484288   3.483050    32.6574    32.6739     2.1647     5.5136    6.57020     0.2453     0.0461    98.8553  0.000e+00
          0    101.920    101.060   45.82662 -129.74902     8.8816     8.8528   3.484301   3.483130    32.6572    32.6715     2.1647     5.5139    6.57016     0.2453     0.0439    98.9085  0.000e+00
          0    101.920    101.060   45.82662 -129.74902     8.8823     8.8583   3.484368   3.483301    32.6573    32.6682     2.1647     5.5136    6.57005     0.2453     0.0439    98.9085  0.000e+00
          0    101.920    101.060   45.82662 -129.74902     8.8850     8.8619   3.484481   3.483583    32.6559    32.6679     2.1647     5.5131    6.56971     0.2527     0.0439    98.9085  0.000e+00
          0    101.890    101.030   45.82662 -129.74902     8.8868     8.8630   3.484587   3.483718    32.6554    32.6682     2.1647     5.5127    6.56947     0.2380     0.0439    98.9085  0.000e+00
          0    101.920    101.060   45.82662 -129.74902     8.8882     8.8635   3.484634   3.483804    32.6546    32.6687     2.1659     5.5169    6.56930     0.2453     0.0439    98.9085  0.000e+00
          0    102.033    101.172   45.82662 -129.74902     8.8895     8.8650   3.484620   3.483835    32.6533    32.6676     2.1647     5.5127    6.56918     0.2453     0.0439    98.9085  0.000e+00
          0    101.890    101.030   45.82662 -129.74902     8.8903     8.8632   3.484614   3.483779    32.6525    32.6687     2.1647     5.5124    6.56908     0.2453     0.0450    98.8819  0.000e+00
          0    101.980    101.120   45.82662 -129.74902     8.8901     8.8592   3.484614   3.483675    32.6526    32.6713     2.1647     5.5119    6.56911     0.2380     0.0439    98.9085  0.000e+00
          0    101.980    101.120   45.82662 -129.74902     8.8905     8.8570   3.484680   3.483522    32.6530    32.6717     2.1634     5.5072    6.56904     0.2453     0.0439    98.9085  0.000e+00
          0    101.980    101.120   45.82662 -129.74902     8.8910     8.8562   3.484687   3.483314    32.6526    32.6703     2.1647     5.5106    6.56898     0.2453     0.0450    98.8819  0.000e+00
          0    102.003    101.142   45.82662 -129.74902     8.8911     8.8548   3.484694   3.483179    32.6525    32.6702     2.1647     5.5105    6.56897     0.2160     0.0439    98.9085  0.000e+00
          0    101.980    101.120   45.82662 -129.74902     8.8913     8.8518   3.484687   3.483148    32.6523    32.6726     2.1647     5.5104    6.56895     0.1941     0.0439    98.9085  0.000e+00
          0    101.980    101.120   45.82662 -129.74902     8.8915     8.8499   3.484694   3.483069    32.6522    32.6736     2.1647     5.5104    6.56893     0.1941     0.0439    98.9085  0.000e+00
          0    102.003    101.142   45.82662 -129.74902     8.8920     8.8487   3.484660   3.483020    32.6514    32.6741     2.1634     5.5059    6.56889     0.1867     0.0439    98.9085  0.000e+00
          0    101.980    101.120   45.82662 -129.74902     8.8913     8.8481   3.484574   3.482989    32.6512    32.6744     2.1634     5.5060    6.56900     0.1867     0.0439    98.9085  0.000e+00
          0    102.033    101.172   45.82662 -129.74902     8.8898     8.8479   3.484481   3.482971    32.6515    32.6743     2.1622     5.5013    6.56920     0.1941     0.0439    98.9085  0.000e+00
          0    102.063    101.202   45.82662 -129.74902     8.8858     8.8478   3.484314   3.482958    32.6534    32.6743     2.1634     5.5050    6.56970     0.1867     0.0450    98.8819  0.000e+00
          0    101.980    101.120   45.82662 -129.74902     8.8814     8.8481   3.484201   3.482928    32.6563    32.6737     2.1634     5.5051    6.57022     0.1941     0.0450    98.8819  0.000e+00
          0    102.033    101.172   45.82662 -129.74902     8.8790     8.8476   3.484155   3.482940    32.6580    32.6743     2.1634     5.5056    6.57050     0.1941     0.0482    98.8021  0.000e+00
          0    102.033    101.172   45.82662 -129.74902     8.8784     8.8476   3.484101   3.482897    32.6580    32.6739     2.1634     5.5060    6.57059     0.1941     0.0450    98.8819  0.000e+00
          0    102.063    101.202   45.82662 -129.74902     8.8785     8.8469   3.484035   3.482897    32.6573    32.6744     2.1634     5.5059    6.57061     0.1867     0.0428    98.9351  0.000e+00
          0    102.033    101.172   45.82662 -129.74902     8.8773     8.8468   3.484015   3.482909    32.6581    32.6747     2.1634     5.5059    6.57075     0.1867     0.0428    98.9351  0.000e+00
          0    102.093    101.232   45.82662 -129.74902     8.8752     8.8469   3.484015   3.482897    32.6601    32.6744     2.1622     5.5016    6.57098     0.2014     0.0418    98.9616  0.000e+00
          0    102.063    101.202   45.82662 -129.74902     8.8733     8.8475   3.483975   3.482928    32.6614    32.6742     2.1622     5.5013    6.57119     0.1867     0.0428    98.9351  0.000e+00
          0    102.033    101.172   45.82662 -129.74902     8.8734     8.8474   3.483935   3.482971    32.6609    32.6748     2.1622     5.5008    6.57120     0.1867     0.0428    98.9351  0.000e+00
          0    102.093    101.232   45.82662 -129.74902     8.8735     8.8481   3.483882   3.483020    32.6602    32.6746     2.1622     5.5005    6.57121     0.1941     0.0418    98.9616  0.000e+00
          0    102.093    101.232   45.82662 -129.74902     8.8726     8.8505   3.483815   3.482989    32.6604    32.6721     2.1610     5.4958    6.57135     0.1941     0.0428    98.9351  0.000e+00
          0    102.063    101.202   45.82662 -129.74902     8.8715     8.8553   3.483749   3.483087    32.6607    32.6687     2.1622     5.4992    6.57148     0.1941     0.0428    98.9351  0.000e+00
          0    102.093    101.232   45.82662 -129.74902     8.8697     8.8587   3.483709   3.483222    32.6619    32.6670     2.1622     5.4987    6.57169     0.1941     0.0418    98.9616  0.000e+00
          0    102.093    101.232   45.82662 -129.74902     8.8677     8.8590   3.483682   3.483271    32.6635    32.6672     2.1622     5.4982    6.57192     0.1941     0.0428    98.9351  0.000e+00
          0    102.063    101.202   45.82662 -129.74902     8.8680     8.8570   3.483602   3.483302    32.6624    32.6694     2.1622     5.4976    6.57192     0.1867     0.0428    98.9351  0.000e+00
