AT50-29/CTD Data/AT50-29_CTD-006.ros
* Sea-Bird SBE 9 Data File:
* FileName = C:\data\ctd\at50-29006.hex
* Software Version Seasave V 7.26.7.121
* Temperature SN = 4312
* Conductivity SN = 3521
* Number of Bytes Per Scan = 40
* Number of Voltage Words = 5
* Number of Scans Averaged by the Deck Unit = 1
* NMEA Latitude = 44 22.34 N
* NMEA Longitude = 124 57.16 W
* NMEA UTC (Time) = Aug 28 2024  03:28:33
** Ship: atlantis
** Station: Endurance Offshore
** Operator: JN
# nquan = 21
# nvalues = 2328                                  
# units = specified
# name 0 = modError: Modulo Error Count
# name 1 = prDM: Pressure, Digiquartz [db]
# name 2 = depSM: Depth [salt water, m]
# name 3 = latitude: Latitude [deg]
# name 4 = longitude: Longitude [deg]
# name 5 = t090C: Temperature [ITS-90, deg C]
# name 6 = t190C: Temperature, 2 [ITS-90, deg C]
# name 7 = c0S/m: Conductivity [S/m]
# name 8 = c1S/m: Conductivity, 2 [S/m]
# name 9 = sal00: Salinity, Practical [PSU]
# name 10 = sal11: Salinity, Practical, 2 [PSU]
# name 11 = sbeox0V: Oxygen raw, SBE 43 [V]
# name 12 = sbeox0ML/L: Oxygen, SBE 43 [ml/l]
# name 13 = oxsolML/L: Oxygen Saturation, Garcia & Gordon [ml/l]
# name 14 = flECO-AFL: Fluorescence, WET Labs ECO-AFL/FL [mg/m^3]
# name 15 = CStarAt0: Beam Attenuation, WET Labs C-Star [1/m]
# name 16 = CStarTr0: Beam Transmission, WET Labs C-Star [%]
# name 17 = ph: pH
# name 18 = scan: Scan Count
# name 19 = nbf: Bottles Fired
# name 20 = flag:  0.000e+00
# interval = seconds: 0.0416667
# start_time = Aug 28 2024 03:28:33 [NMEA time, header]
# bad_flag = -9.990e-29
*END*
[from data line 1104]
          0    353.207    350.061   44.37236 -124.95268     6.1439     6.1441   3.380691   3.380707    34.0457    34.0456     0.8137     1.2114    6.92937     0.0402     0.0364    99.0946      7.625      63314         12  0.000e+00
          0    353.093    349.948   44.37236 -124.95268     6.1439     6.1440   3.380684   3.380726    34.0456    34.0460     0.8137     1.2110    6.92937     0.0402     0.0353    99.1212      7.625      63315         12  0.000e+00
          0    353.154    350.008   44.37236 -124.95268     6.1439     6.1440   3.380684   3.380677    34.0456    34.0455     0.8137     1.2113    6.92937     0.0475     0.0353    99.1212      7.625      63316         12  0.000e+00
          0    353.093    349.949   44.37236 -124.95268     6.1439     6.1440   3.380711   3.380695    34.0459    34.0457     0.8137     1.2110    6.92935     0.0475     0.0353    99.1212      7.625      63317         12  0.000e+00
          0    353.116    349.971   44.37236 -124.95268     6.1438     6.1440   3.380697   3.380707    34.0459    34.0458     0.8137     1.2113    6.92938     0.0402     0.0364    99.0946      7.625      63318         12  0.000e+00
          0    353.154    350.008   44.37236 -124.95268     6.1439     6.1438   3.380684   3.380677    34.0456    34.0457     0.8137     1.2110    6.92937     0.0402     0.0364    99.0946      7.625      63319         12  0.000e+00
          0    353.094    349.949   44.37236 -124.95268     6.1438     6.1438   3.380691   3.380726    34.0458    34.0462     0.8137     1.2107    6.92938     0.0329     0.0364    99.0946      7.625      63320         12  0.000e+00
          0    353.154    350.009   44.37236 -124.95268     6.1437     6.1436   3.380711   3.380647    34.0461    34.0455     0.8137     1.2103    6.92938     0.0329     0.0364    99.0946      7.625      63321         12  0.000e+00
          0    353.094    349.949   44.37236 -124.95268     6.1438     6.1436   3.380717   3.380665    34.0461    34.0457     0.8125     1.2049    6.92937     0.0329     0.0364    99.0946      7.625      63322         12  0.000e+00
          0    353.094    349.949   44.37236 -124.95268     6.1437     6.1438   3.380697   3.380647    34.0459    34.0454     0.8137     1.2084    6.92938     0.0329     0.0364    99.0946      7.625      63323         12  0.000e+00
          0    353.094    349.949   44.37236 -124.95268     6.1438     6.1437   3.380691   3.380635    34.0458    34.0453     0.8137     1.2080    6.92938     0.0329     0.0353    99.1212      7.625      63324         12  0.000e+00
          0    353.041    349.896   44.37236 -124.95268     6.1437     6.1436   3.380691   3.380647    34.0459    34.0455     0.8137     1.2077    6.92939     0.0329     0.0364    99.0946      7.625      63325         12  0.000e+00
          0    353.094    349.949   44.37236 -124.95268     6.1438     6.1438   3.380704   3.380647    34.0460    34.0454     0.8149     1.2124    6.92937     0.0329     0.0353    99.1212      7.625      63326         12  0.000e+00
          0    353.094    349.949   44.37236 -124.95268     6.1437     6.1438   3.380678   3.380665    34.0457    34.0456     0.8149     1.2134    6.92939     0.0329     0.0364    99.0946      7.625      63327         12  0.000e+00
          0    353.094    349.949   44.37236 -124.95268     6.1438     6.1438   3.380678   3.380677    34.0457    34.0456     0.8149     1.2144    6.92939     0.0329     0.0364    99.0946      7.625      63328         12  0.000e+00
          0    353.041    349.897   44.37236 -124.95268     6.1437     6.1438   3.380684   3.380695    34.0458    34.0459     0.8137     1.2103    6.92939     0.0329     0.0364    99.0946      7.625      63329         12  0.000e+00
          0    353.094    349.949   44.37236 -124.95268     6.1438     6.1441   3.380691   3.380677    34.0458    34.0453     0.8137     1.2100    6.92938     0.0329     0.0364    99.0946      7.625      63330         12  0.000e+00
          0    352.981    349.837   44.37236 -124.95268     6.1437     6.1440   3.380664   3.380617    34.0456    34.0449     0.8137     1.2103    6.92940     0.0329     0.0364    99.0946      7.625      63331         12  0.000e+00
          0    353.094    349.949   44.37236 -124.95268     6.1438     6.1438   3.380717   3.380695    34.0461    34.0459     0.8137     1.2100    6.92937     0.0329     0.0375    99.0680      7.625      63332         12  0.000e+00
          0    353.041    349.897   44.37236 -124.95268     6.1439     6.1438   3.380704   3.380677    34.0459    34.0457     0.8137     1.2097    6.92936     0.0329     0.0407    98.9882      7.625      63333         12  0.000e+00
          0    353.056    349.912   44.37236 -124.95268     6.1439     6.1441   3.380710   3.380695    34.0459    34.0456     0.8137     1.2094    6.92935     0.0329     0.0375    99.0680      7.625      63334         12  0.000e+00
          0    353.041    349.897   44.37236 -124.95268     6.1441     6.1440   3.380737   3.380647    34.0461    34.0452     0.8149     1.2142    6.92932     0.0329     0.0364    99.0946      7.625      63335         12  0.000e+00
          0    353.041    349.897   44.37236 -124.95268     6.1439     6.1440   3.380743   3.380695    34.0463    34.0457     0.8137     1.2095    6.92934     0.0329     0.0364    99.0946      7.625      63336         12  0.000e+00
          0    353.041    349.897   44.37236 -124.95268     6.1441     6.1440   3.380730   3.380647    34.0460    34.0452     0.8137     1.2091    6.92932     0.0329     0.0364    99.0946      7.625      63337         12  0.000e+00
          0    353.041    349.897   44.37236 -124.95268     6.1439     6.1438   3.380737   3.380647    34.0463    34.0454     0.8137     1.2088    6.92934     0.0329     0.0364    99.0946      7.625      63338         12  0.000e+00
          0    353.041    349.897   44.37236 -124.95268     6.1441     6.1438   3.380704   3.380665    34.0457    34.0455     0.8137     1.2085    6.92934     0.0329     0.0364    99.0946      7.625      63339         12  0.000e+00
          0    353.041    349.897   44.37236 -124.95268     6.1440     6.1440   3.380704   3.380677    34.0457    34.0455     0.8137     1.2081    6.92934     0.0329     0.0364    99.0946      7.625      63340         12  0.000e+00
          0    352.981    349.837   44.37236 -124.95268     6.1443     6.1436   3.380763   3.380635    34.0462    34.0454     0.8137     1.2078    6.92929     0.0329     0.0364    99.0946      7.625      63341         12  0.000e+00
          0    353.042    349.897   44.37236 -124.95268     6.1440     6.1435   3.380757   3.380677    34.0463    34.0460     0.8149     1.2125    6.92932     0.0402     0.0364    99.0946      7.625      63342         12  0.000e+00
          0    353.042    349.897   44.37236 -124.95268     6.1441     6.1436   3.380763   3.380677    34.0463    34.0459     0.8137     1.2078    6.92931     0.0402     0.0364    99.0946      7.625      63343         12  0.000e+00
          0    353.042    349.897   44.37236 -124.95268     6.1439     6.1434   3.380763   3.380635    34.0466    34.0456     0.8137     1.2074    6.92933     0.0475     0.0364    99.0946      7.625      63344         12  0.000e+00
          0    352.981    349.837   44.37236 -124.95268     6.1439     6.1436   3.380750   3.380647    34.0464    34.0456     0.8137     1.2071    6.92933     0.0475     0.0364    99.0946      7.625      63345         12  0.000e+00
          0    353.042    349.897   44.37236 -124.95268     6.1440     6.1438   3.380724   3.380695    34.0460    34.0459     0.8137     1.2074    6.92933     0.0475     0.0364    99.0946      7.625      63346         12  0.000e+00
          0    353.042    349.897   44.37236 -124.95268     6.1439     6.1440   3.380717   3.380707    34.0460    34.0459     0.8125     1.2020    6.92935     0.0475     0.0364    99.0946      7.625      63347         12  0.000e+00
          0    353.042    349.897   44.37236 -124.95268     6.1439     6.1441   3.380737   3.380695    34.0463    34.0456     0.8137     1.2061    6.92934     0.0475     0.0364    99.0946      7.625      63348         12  0.000e+00
          0    353.042    349.897   44.37236 -124.95268     6.1439     6.1440   3.380743   3.380707    34.0463    34.0459     0.8137     1.2065    6.92934     0.0475     0.0364    99.0946      7.625      63349         12  0.000e+00
          0    353.004    349.860   44.37236 -124.95268     6.1440     6.1440   3.380743   3.380707    34.0462    34.0459     0.8137     1.2062    6.92932     0.0475     0.0375    99.0680      7.625      63350         12  0.000e+00
          0    353.042    349.898   44.37236 -124.95268     6.1441     6.1440   3.380750   3.380695    34.0462    34.0457     0.8137     1.2060    6.92931     0.0475     0.0375    99.0680      7.625      63351         12  0.000e+00
          0    353.042    349.898   44.37236 -124.95268     6.1442     6.1441   3.380750   3.380707    34.0461    34.0457     0.8149     1.2114    6.92930     0.0475     0.0375    99.0680      7.625      63352         12  0.000e+00
          0    352.982    349.838   44.37236 -124.95268     6.1444     6.1440   3.380789   3.380695    34.0464    34.0457     0.8137     1.2067    6.92926     0.0402     0.0407    98.9882      7.625      63353         12  0.000e+00
          0    353.042    349.898   44.37236 -124.95268     6.1446     6.1440   3.380770   3.380707    34.0459    34.0459     0.8137     1.2071    6.92925     0.0402     0.0375    99.0680      7.625      63354         12  0.000e+00
          0    352.982    349.838   44.37236 -124.95268     6.1447     6.1441   3.380770   3.380738    34.0458    34.0461     0.8137     1.2076    6.92923     0.0402     0.0353    99.1212      7.625      63355         12  0.000e+00
          0    353.042    349.898   44.37236 -124.95268     6.1448     6.1440   3.380776   3.380665    34.0458    34.0454     0.8137     1.2080    6.92922     0.0402     0.0353    99.1212      7.625      63356         12  0.000e+00
          0    353.042    349.898   44.37236 -124.95268     6.1446     6.1440   3.380776   3.380677    34.0460    34.0455     0.8137     1.2079    6.92925     0.0402     0.0353    99.1212      7.625      63357         12  0.000e+00
          0    353.042    349.898   44.37236 -124.95268     6.1446     6.1438   3.380783   3.380695    34.0461    34.0459     0.8149     1.2127    6.92924     0.0402     0.0353    99.1212      7.625      63358         12  0.000e+00
          0    353.042    349.898   44.37236 -124.95268     6.1444     6.1438   3.380776   3.380677    34.0462    34.0457     0.8137     1.2088    6.92927     0.0402     0.0353    99.1212      7.625      63359         12  0.000e+00
          0    353.042    349.898   44.37236 -124.95268     6.1444     6.1434   3.380757   3.380677    34.0460    34.0460     0.8137     1.2086    6.92928     0.0402     0.0364    99.0946      7.625      63360         12  0.000e+00
          0    353.042    349.898   44.37236 -124.95268     6.1447     6.1437   3.380770   3.380695    34.0458    34.0460     0.8137     1.2091    6.92923     0.0402     0.0364    99.0946      7.625      63361         12  0.000e+00
          0    353.042    349.898   44.37236 -124.95268     6.1444     6.1434   3.380783   3.380677    34.0463    34.0460     0.8137     1.2096    6.92926     0.0402     0.0364    99.0946      7.625      63362         12  0.000e+00
          0    353.042    349.898   44.37236 -124.95268     6.1444     6.1438   3.380757   3.380665    34.0460    34.0456     0.8137     1.2095    6.92928     0.0402     0.0353    99.1212      7.625      63363         12  0.000e+00
          0    353.095    349.951   44.37236 -124.95268     6.1443     6.1438   3.380730   3.380647    34.0458    34.0454     0.8137     1.2094    6.92931     0.0402     0.0353    99.1212      7.625      63364         12  0.000e+00
          0    353.043    349.898   44.37236 -124.95268     6.1439     6.1435   3.380724   3.380665    34.0461    34.0458     0.8149     1.2143    6.92935     0.0402     0.0353    99.1212      7.625      63365         12  0.000e+00
          0    353.058    349.913   44.37236 -124.95268     6.1438     6.1434   3.380697   3.380647    34.0459    34.0457     0.8149     1.2148    6.92938     0.0402     0.0364    99.0946      7.625      63366         12  0.000e+00
          0    353.043    349.898   44.37236 -124.95268     6.1435     6.1438   3.380645   3.380647    34.0456    34.0454     0.8149     1.2152    6.92943     0.0402     0.0353    99.1212      7.625      63367         12  0.000e+00
          0    353.096    349.951   44.37236 -124.95268     6.1436     6.1437   3.380678   3.380635    34.0459    34.0453     0.8137     1.2106    6.92941     0.0402     0.0364    99.0946      7.625      63368         12  0.000e+00
          0    353.043    349.898   44.37236 -124.95266     6.1437     6.1436   3.380710   3.380707    34.0461    34.0462     0.8137     1.2104    6.92938     0.0329     0.0353    99.1212      7.625      63369         12  0.000e+00
          0    353.096    349.951   44.37236 -124.95266     6.1438     6.1434   3.380671   3.380635    34.0456    34.0455     0.8137     1.2102    6.92939     0.0329     0.0353    99.1212      7.625      63370         12  0.000e+00
          0    353.096    349.951   44.37236 -124.95266     6.1439     6.1436   3.380704   3.380647    34.0458    34.0455     0.8137     1.2093    6.92936     0.0329     0.0353    99.1212      7.625      63371         12  0.000e+00
          0    353.096    349.951   44.37236 -124.95266     6.1440     6.1435   3.380671   3.380647    34.0453    34.0456     0.8125     1.2040    6.92936     0.0329     0.0353    99.1212      7.625      63372         12  0.000e+00
          0    353.096    349.951   44.37236 -124.95266     6.1436     6.1433   3.380651   3.380665    34.0456    34.0460     0.8149     1.2132    6.92942     0.0329     0.0396    99.0148      7.625      63373         12  0.000e+00
          0    327.989    325.088   44.37236 -124.95266     6.1750     6.1749   3.379814   3.379790    34.0173    34.0170     0.8639     1.3841    6.92566     0.0329     0.0246    99.3871      7.639      67039         13  0.000e+00
          0    327.914    325.013   44.37236 -124.95266     6.1750     6.1746   3.379807   3.379772    34.0172    34.0172     0.8639     1.3847    6.92567     0.0329     0.0246    99.3871      7.639      67040         13  0.000e+00
          0    327.990    325.088   44.37236 -124.95266     6.1750     6.1747   3.379794   3.379760    34.0170    34.0169     0.8651     1.3897    6.92567     0.0329     0.0246    99.3871      7.639      67041         13  0.000e+00
          0    327.974    325.073   44.37236 -124.95266     6.1750     6.1747   3.379820   3.379802    34.0173    34.0173     0.8639     1.3853    6.92566     0.0329     0.0246    99.3871      7.639      67042         13  0.000e+00
          0    327.937    325.036   44.37236 -124.95266     6.1750     6.1749   3.379774   3.379760    34.0168    34.0167     0.8639     1.3852    6.92568     0.0329     0.0246    99.3871      7.639      67043         13  0.000e+00
          0    328.027    325.125   44.37236 -124.95266     6.1750     6.1746   3.379820   3.379790    34.0173    34.0173     0.8639     1.3844    6.92566     0.0329     0.0246    99.3871      7.639      67044         13  0.000e+00
          0    327.975    325.073   44.37236 -124.95266     6.1748     6.1747   3.379827   3.379772    34.0176    34.0170     0.8639     1.3843    6.92568     0.0402     0.0246    99.3871      7.639      67045         13  0.000e+00
          0    327.937    325.036   44.37236 -124.95266     6.1750     6.1747   3.379847   3.379760    34.0176    34.0169     0.8639     1.3842    6.92565     0.0402     0.0246    99.3871      7.639      67046         13  0.000e+00
