AT50-29/CTD Data/AT50-29_CTD-002.cnv
* Sea-Bird SBE 9 Data File:
* FileName = C:\data\ctd\at50-29002.hex
* Software Version Seasave V 7.26.7.121
* Temperature SN = 4312
* Conductivity SN = 3521
* Number of Bytes Per Scan = 40
* Number of Voltage Words = 5
* Number of Scans Averaged by the Deck Unit = 1
* NMEA Latitude = 44 31.48 N
* NMEA Longitude = 125 23.27 W
* NMEA UTC (Time) = Aug 09 2024  19:36:49
** Ship: atlantis
** Station: Slope Base
** Operator: MW
# nquan = 19
# nvalues = 17919                                 
# units = specified
# name 0 = modError: Modulo Error Count
# name 1 = prDM: Pressure, Digiquartz [db]
# name 2 = depSM: Depth [salt water, m]
# name 3 = latitude: Latitude [deg]
# name 4 = longitude: Longitude [deg]
# name 5 = t090C: Temperature [ITS-90, deg C]
# name 6 = t190C: Temperature, 2 [ITS-90, deg C]
# name 7 = c0S/m: Conductivity [S/m]
# name 8 = c1S/m: Conductivity, 2 [S/m]
# name 9 = sal00: Salinity, Practical [PSU]
# name 10 = sal11: Salinity, Practical, 2 [PSU]
# name 11 = sbeox0V: Oxygen raw, SBE 43 [V]
# name 12 = sbeox0ML/L: Oxygen, SBE 43 [ml/l]
# name 13 = oxsolML/L: Oxygen Saturation, Garcia & Gordon [ml/l]
# name 14 = flECO-AFL: Fluorescence, WET Labs ECO-AFL/FL [mg/m^3]
# name 15 = CStarAt0: Beam Attenuation, WET Labs C-Star [1/m]
# name 16 = CStarTr0: Beam Transmission, WET Labs C-Star [%]
# name 17 = ph: pH
# name 18 = flag:  0.000e+00
# span 0 =          0,          0                 
# span 1 =      1.582,    222.861                 
# span 2 =      1.569,    220.942                 
# span 3 =   44.52470,   44.52472                 
# span 4 = -125.38778, -125.38776                 
# span 5 =     7.0474,    17.8816                 
# span 6 =     7.0466,    17.8826                 
# span 7 =   3.445240,   4.187603                 
# span 8 =   3.445101,   4.187684                 
# span 9 =    31.6763,    33.9293                 
# span 10 =    31.6694,    33.9291                
# span 11 =     1.1508,     2.6875                
# span 12 =     2.3181,     6.7557                
# span 13 =    5.49166,    6.79145                
# span 14 =     0.0036,     1.6153                
# span 15 =     0.0214,     0.1806                
# span 16 =    95.5850,    99.4668                
# span 17 =      7.694,      8.216                
# span 18 = 0.0000e+00, 0.0000e+00                
# interval = seconds: 0.0416667
# start_time = Aug 09 2024 19:36:49 [NMEA time, header]
# bad_flag = -9.990e-29
*END*
[from data line 4877]
          0     94.774     93.987   44.52470 -125.38776     8.6409     8.6412   3.486105   3.486054    32.9019    32.9011     1.9558     4.8435    6.59503     0.1867     0.0289    99.2807      7.945  0.000e+00
          0     94.736     93.950   44.52470 -125.38778     8.6409     8.6413   3.486159   3.486017    32.9025    32.9006     1.9546     4.8389    6.59501     0.1867     0.0289    99.2807      7.945  0.000e+00
          0     94.774     93.987   44.52470 -125.38778     8.6412     8.6412   3.486159   3.486017    32.9022    32.9007     1.9546     4.8389    6.59498     0.1941     0.0289    99.2807      7.940  0.000e+00
          0     94.849     94.061   44.52470 -125.38778     8.6409     8.6410   3.486212   3.486017    32.9030    32.9008     1.9546     4.8385    6.59499     0.1941     0.0289    99.2807      7.945  0.000e+00
          0     94.774     93.987   44.52470 -125.38778     8.6413     8.6413   3.486285   3.486017    32.9034    32.9006     1.9534     4.8340    6.59491     0.1941     0.0289    99.2807      7.940  0.000e+00
          0     94.849     94.061   44.52470 -125.38778     8.6412     8.6413   3.486305   3.486054    32.9037    32.9010     1.9546     4.8377    6.59492     0.1867     0.0289    99.2807      7.945  0.000e+00
          0     94.886     94.099   44.52470 -125.38778     8.6415     8.6412   3.486325   3.486017    32.9036    32.9006     1.9534     4.8329    6.59488     0.1941     0.0278    99.3073      7.940  0.000e+00
          0     94.826     94.039   44.52470 -125.38778     8.6416     8.6412   3.486358   3.486048    32.9039    32.9010     1.9534     4.8321    6.59485     0.1941     0.0278    99.3073      7.945  0.000e+00
          0     94.849     94.061   44.52470 -125.38778     8.6418     8.6413   3.486392   3.486054    32.9041    32.9009     1.9534     4.8314    6.59482     0.1941     0.0289    99.2807      7.940  0.000e+00
          0     94.939     94.151   44.52470 -125.38778     8.6418     8.6413   3.486378   3.486048    32.9039    32.9008     1.9534     4.8309    6.59482     0.1941     0.0289    99.2807      7.945  0.000e+00
          0     94.849     94.061   44.52470 -125.38778     8.6424     8.6415   3.486325   3.486146    32.9027    32.9017     1.9534     4.8302    6.59477     0.1941     0.0289    99.2807      7.945  0.000e+00
          0     94.939     94.151   44.52470 -125.38778     8.6433     8.6417   3.486305   3.486177    32.9017    32.9018     1.9534     4.8292    6.59469     0.1941     0.0289    99.2807      7.945  0.000e+00
          0     94.901     94.114   44.52470 -125.38778     8.6459     8.6415   3.486259   3.486207    32.8988    32.9023     1.9534     4.8285    6.59443     0.1941     0.0289    99.2807      7.945  0.000e+00
          0     94.939     94.151   44.52470 -125.38778     8.6480     8.6415   3.486239   3.486238    32.8966    32.9026     1.9534     4.8280    6.59421     0.2014     0.0289    99.2807      7.945  0.000e+00
          0     94.901     94.114   44.52470 -125.38778     8.6492     8.6413   3.486152   3.486207    32.8946    32.9025     1.9534     4.8275    6.59413     0.2014     0.0289    99.2807      7.945  0.000e+00
          0     94.939     94.151   44.52470 -125.38778     8.6510     8.6415   3.486159   3.486177    32.8930    32.9020     1.9521     4.8232    6.59393     0.2014     0.0278    99.3073      7.945  0.000e+00
          0     94.992     94.203   44.52470 -125.38778     8.6526     8.6417   3.486139   3.486207    32.8912    32.9021     1.9521     4.8224    6.59376     0.2014     0.0289    99.2807      7.945  0.000e+00
          0     94.901     94.114   44.52470 -125.38778     8.6543     8.6417   3.486099   3.486177    32.8893    32.9018     1.9521     4.8222    6.59360     0.1941     0.0289    99.2807      7.945  0.000e+00
          0     94.992     94.203   44.52470 -125.38778     8.6553     8.6416   3.486132   3.486207    32.8887    32.9022     1.9521     4.8217    6.59348     0.1941     0.0321    99.2009      7.945  0.000e+00
          0     94.962     94.173   44.52470 -125.38778     8.6564     8.6418   3.486165   3.486238    32.8880    32.9023     1.9521     4.8206    6.59334     0.1941     0.0299    99.2541      7.945  0.000e+00
          0     94.939     94.151   44.52470 -125.38778     8.6582     8.6420   3.486198   3.486207    32.8867    32.9019     1.9521     4.8196    6.59313     0.1941     0.0278    99.3073      7.940  0.000e+00
          0     95.014     94.225   44.52470 -125.38778     8.6596     8.6418   3.486232   3.486207    32.8858    32.9020     1.9509     4.8147    6.59298     0.1941     0.0278    99.3073      7.940  0.000e+00
          0     94.939     94.151   44.52470 -125.38778     8.6599     8.6424   3.486238   3.486177    32.8856    32.9011     1.9509     4.8140    6.59294     0.1941     0.0278    99.3073      7.945  0.000e+00
          0     95.014     94.225   44.52470 -125.38778     8.6601     8.6426   3.486152   3.486146    32.8844    32.9006     1.9509     4.8130    6.59296     0.1941     0.0278    99.3073      7.940  0.000e+00
          0     94.992     94.203   44.52470 -125.38778     8.6601     8.6426   3.486159   3.486078    32.8845    32.8999     1.9509     4.8125    6.59295     0.1941     0.0278    99.3073      7.940  0.000e+00
          0     94.992     94.203   44.52470 -125.38778     8.6601     8.6428   3.486198   3.486085    32.8849    32.8998     1.9521     4.8166    6.59293     0.2014     0.0278    99.3073      7.945  0.000e+00
          0     94.962     94.173   44.52470 -125.38778     8.6596     8.6437   3.486192   3.486078    32.8854    32.8989     1.9509     4.8129    6.59299     0.2014     0.0278    99.3073      7.945  0.000e+00
          0     95.052     94.263   44.52470 -125.38778     8.6582     8.6446   3.486205   3.486115    32.8867    32.8984     1.9497     4.8084    6.59313     0.2014     0.0278    99.3073      7.940  0.000e+00
          0     95.014     94.225   44.52470 -125.38778     8.6571     8.6453   3.486212   3.486048    32.8879    32.8971     1.9509     4.8120    6.59325     0.2014     0.0278    99.3073      7.945  0.000e+00
          0     94.992     94.203   44.52470 -125.38778     8.6564     8.6461   3.486232   3.486115    32.8887    32.8971     1.9509     4.8121    6.59331     0.1941     0.0278    99.3073      7.945  0.000e+00
          0     95.014     94.225   44.52470 -125.38778     8.6559     8.6472   3.486285   3.486054    32.8897    32.8954     1.9509     4.8123    6.59334     0.1941     0.0278    99.3073      7.945  0.000e+00
          0     94.992     94.203   44.52470 -125.38778     8.6553     8.6487   3.486285   3.486078    32.8903    32.8943     1.9497     4.8075    6.59341     0.2014     0.0278    99.3073      7.940  0.000e+00
          0     95.014     94.225   44.52470 -125.38778     8.6541     8.6498   3.486292   3.486085    32.8915    32.8933     1.9497     4.8075    6.59354     0.2160     0.0278    99.3073      7.945  0.000e+00
          0     94.992     94.203   44.52470 -125.38778     8.6537     8.6521   3.486258   3.486115    32.8915    32.8915     1.9497     4.8070    6.59360     0.2307     0.0278    99.3073      7.945  0.000e+00
          0     95.052     94.263   44.52470 -125.38778     8.6535     8.6536   3.486259   3.486115    32.8917    32.8901     1.9497     4.8072    6.59362     0.2307     0.0278    99.3073      7.945  0.000e+00
          0     95.014     94.225   44.52470 -125.38778     8.6535     8.6544   3.486272   3.486176    32.8919    32.8900     1.9497     4.8069    6.59361     0.2234     0.0278    99.3073      7.940  0.000e+00
          0     95.052     94.263   44.52470 -125.38778     8.6526     8.6542   3.486298   3.486176    32.8929    32.8901     1.9497     4.8068    6.59369     0.2234     0.0278    99.3073      7.945  0.000e+00
          0     95.014     94.225   44.52470 -125.38778     8.6517     8.6538   3.486325   3.486146    32.8941    32.8903     1.9485     4.8022    6.59378     0.2307     0.0278    99.3073      7.945  0.000e+00
          0     95.052     94.263   44.52470 -125.38778     8.6508     8.6529   3.486318   3.486146    32.8948    32.8910     1.9485     4.8019    6.59388     0.2307     0.0310    99.2275      7.945  0.000e+00
          0     94.962     94.173   44.52470 -125.38778     8.6517     8.6521   3.486305   3.486146    32.8939    32.8918     1.9485     4.8014    6.59379     0.2307     0.0310    99.2275      7.945  0.000e+00
          0     95.052     94.263   44.52470 -125.38778     8.6528     8.6515   3.486305   3.486054    32.8928    32.8914     1.9473     4.7961    6.59367     0.2307     0.0299    99.2541      7.940  0.000e+00
          0     95.052     94.263   44.52470 -125.38778     8.6533     8.6512   3.486305   3.486048    32.8923    32.8916     1.9485     4.8000    6.59362     0.2307     0.0299    99.2541      7.940  0.000e+00
          0     95.067     94.278   44.52470 -125.38778     8.6528     8.6515   3.486285   3.486017    32.8926    32.8910     1.9485     4.8001    6.59368     0.2234     0.0299    99.2541      7.945  0.000e+00
          0     94.992     94.203   44.52470 -125.38778     8.6526     8.6515   3.486272   3.485986    32.8926    32.8907     1.9485     4.7997    6.59370     0.2234     0.0310    99.2275      7.945  0.000e+00
          0     95.067     94.278   44.52470 -125.38778     8.6524     8.6525   3.486272   3.486017    32.8928    32.8901     1.9473     4.7950    6.59373     0.2234     0.0299    99.2541      7.940  0.000e+00
          0     95.052     94.263   44.52470 -125.38778     8.6532     8.6531   3.486252   3.485986    32.8919    32.8892     1.9473     4.7948    6.59366     0.2234     0.0299    99.2541      7.940  0.000e+00
          0     95.014     94.225   44.52470 -125.38778     8.6541     8.6525   3.486245   3.486017    32.8909    32.8901     1.9460     4.7897    6.59355     0.2234     0.0299    99.2541      7.940  0.000e+00
          0     95.052     94.263   44.52470 -125.38778     8.6556     8.6518   3.486239   3.486054    32.8895    32.8911     1.9460     4.7893    6.59340     0.2234     0.0310    99.2275      7.940  0.000e+00
          0     95.067     94.278   44.52470 -125.38778     8.6564     8.6512   3.486258   3.486048    32.8889    32.8916     1.9473     4.7936    6.59330     0.2307     0.0310    99.2275      7.945  0.000e+00
          0     95.052     94.263   44.52470 -125.38778     8.6568     8.6510   3.486252   3.486048    32.8885    32.8918     1.9473     4.7941    6.59327     0.2307     0.0299    99.2541      7.940  0.000e+00
          0     95.104     94.315   44.52470 -125.38778     8.6578     8.6508   3.486258   3.486085    32.8877    32.8923     1.9473     4.7941    6.59316     0.2307     0.0299    99.2541      7.945  0.000e+00
          0     95.067     94.278   44.52470 -125.38778     8.6588     8.6500   3.486252   3.486017    32.8867    32.8924     1.9460     4.7898    6.59305     0.2307     0.0299    99.2541      7.940  0.000e+00
          0     95.052     94.263   44.52470 -125.38778     8.6594     8.6493   3.486285   3.486054    32.8864    32.8935     1.9473     4.7941    6.59297     0.2307     0.0299    99.2541      7.940  0.000e+00
          0     95.067     94.278   44.52470 -125.38778     8.6589     8.6490   3.486285   3.485735    32.8869    32.8904     1.9473     4.7941    6.59302     0.2234     0.0299    99.2541      7.945  0.000e+00
          0     95.104     94.315   44.52470 -125.38778     8.6594     8.6490   3.486252   3.485704    32.8861    32.8900     1.9460     4.7903    6.59299     0.2307     0.0299    99.2541      7.940  0.000e+00
          0     95.127     94.337   44.52470 -125.38778     8.6609     8.6498   3.486265   3.485986    32.8848    32.8922     1.9460     4.7899    6.59282     0.2234     0.0310    99.2275      7.945  0.000e+00
          0     95.104     94.315   44.52470 -125.38778     8.6622     8.6499   3.486272   3.485986    32.8837    32.8921     1.9460     4.7896    6.59267     0.2234     0.0299    99.2541      7.945  0.000e+00
          0     95.104     94.315   44.52470 -125.38778     8.6624     8.6498   3.486292   3.486017    32.8837    32.8925     1.9448     4.7851    6.59265     0.2087     0.0310    99.2275      7.940  0.000e+00
          0     95.067     94.278   44.52470 -125.38778     8.6631     8.6498   3.486305   3.485986    32.8832    32.8922     1.9448     4.7846    6.59257     0.1867     0.0332    99.1744      7.940  0.000e+00
          0     95.104     94.315   44.52470 -125.38778     8.6631     8.6502   3.486305   3.485986    32.8832    32.8919     1.9448     4.7845    6.59257     0.1867     0.0332    99.1744      7.945  0.000e+00
          0     95.127     94.337   44.52470 -125.38778     8.6627     8.6503   3.486305   3.486054    32.8835    32.8925     1.9448     4.7844    6.59261     0.1867     0.0310    99.2275      7.940  0.000e+00
          0     95.165     94.374   44.52470 -125.38778     8.6619     8.6507   3.486285   3.486017    32.8841    32.8917     1.9460     4.7891    6.59270     0.1941     0.0299    99.2541      7.945  0.000e+00
          0     95.127     94.337   44.52470 -125.38778     8.6601     8.6510   3.486292   3.486054    32.8858    32.8919     1.9448     4.7855    6.59289     0.1941     0.0289    99.2807      7.940  0.000e+00
          0     95.165     94.374   44.52470 -125.38778     8.6602     8.6510   3.486305   3.486048    32.8858    32.8917     1.9436     4.7813    6.59287     0.1867     0.0289    99.2807      7.940  0.000e+00
          0     95.180     94.389   44.52470 -125.38778     8.6607     8.6510   3.486305   3.486078    32.8854    32.8921     1.9448     4.7853    6.59282     0.1867     0.0289    99.2807      7.940  0.000e+00
          0     95.165     94.374   44.52470 -125.38778     8.6614     8.6515   3.486285   3.486115    32.8845    32.8920     1.9436     4.7808    6.59276     0.1867     0.0289    99.2807      7.940  0.000e+00
          0     95.165     94.374   44.52470 -125.38778     8.6622     8.6518   3.486272   3.486078    32.8836    32.8913     1.9436     4.7805    6.59267     0.1867     0.0289    99.2807      7.945  0.000e+00
          0     95.240     94.449   44.52470 -125.38778     8.6624     8.6520   3.486272   3.486085    32.8835    32.8911     1.9448     4.7850    6.59266     0.1867     0.0289    99.2807      7.945  0.000e+00
          0     95.165     94.374   44.52470 -125.38778     8.6609     8.6525   3.486292   3.486115    32.8851    32.8911     1.9436     4.7811    6.59281     0.1867     0.0299    99.2541      7.940  0.000e+00
          0     95.180     94.389   44.52470 -125.38778     8.6594     8.6526   3.486305   3.486177    32.8866    32.8916     1.9436     4.7815    6.59296     0.1867     0.0299    99.2541      7.945  0.000e+00
          0     95.270     94.479   44.52470 -125.38778     8.6584     8.6525   3.486325   3.486146    32.8877    32.8914     1.9436     4.7814    6.59306     0.1867     0.0299    99.2541      7.940  0.000e+00
          0     95.240     94.449   44.52470 -125.38778     8.6571     8.6515   3.486358   3.486146    32.8893    32.8923     1.9436     4.7814    6.59319     0.1867     0.0299    99.2541      7.945  0.000e+00
          0     95.270     94.479   44.52470 -125.38778     8.6564     8.6495   3.486365   3.486146    32.8900    32.8941     1.9436     4.7816    6.59326     0.1941     0.0299    99.2541      7.945  0.000e+00
          0     95.217     94.427   44.52470 -125.38778     8.6562     8.6482   3.486352   3.486207    32.8900    32.8960     1.9436     4.7817    6.59328     0.1941     0.0289    99.2807      7.940  0.000e+00
          0     95.292     94.501   44.52470 -125.38778     8.6555     8.6468   3.486452   3.486207    32.8918    32.8972     1.9436     4.7827    6.59332     0.1867     0.0289    99.2807      7.940  0.000e+00
