AT50-29/CTD Data/AT50-29_CTD-001.ros
* Sea-Bird SBE 9 Data File:
* FileName = C:\data\ctd\at50-29001.hex
* Software Version Seasave V 7.26.7.121
* Temperature SN = 4312
* Conductivity SN = 3521
* Number of Bytes Per Scan = 40
* Number of Voltage Words = 5
* Number of Scans Averaged by the Deck Unit = 1
* NMEA Latitude = 44 22.17 N
* NMEA Longitude = 124 57.68 W
* NMEA UTC (Time) = Aug 09 2024  07:03:31
** Ship: atlantis
** Station: Endurance Offshore
** Operator: JN
** 500 m SW of shallow profiler
# nquan = 21
# nvalues = 2231                                  
# units = specified
# name 0 = modError: Modulo Error Count
# name 1 = prDM: Pressure, Digiquartz [db]
# name 2 = depSM: Depth [salt water, m]
# name 3 = latitude: Latitude [deg]
# name 4 = longitude: Longitude [deg]
# name 5 = t090C: Temperature [ITS-90, deg C]
# name 6 = t190C: Temperature, 2 [ITS-90, deg C]
# name 7 = c0S/m: Conductivity [S/m]
# name 8 = c1S/m: Conductivity, 2 [S/m]
# name 9 = sal00: Salinity, Practical [PSU]
# name 10 = sal11: Salinity, Practical, 2 [PSU]
# name 11 = sbeox0V: Oxygen raw, SBE 43 [V]
# name 12 = sbeox0ML/L: Oxygen, SBE 43 [ml/l]
# name 13 = oxsolML/L: Oxygen Saturation, Garcia & Gordon [ml/l]
# name 14 = flECO-AFL: Fluorescence, WET Labs ECO-AFL/FL [mg/m^3]
# name 15 = CStarAt0: Beam Attenuation, WET Labs C-Star [1/m]
# name 16 = CStarTr0: Beam Transmission, WET Labs C-Star [%]
# name 17 = ph: pH
# name 18 = scan: Scan Count
# name 19 = nbf: Bottles Fired
# name 20 = flag:  0.000e+00
# interval = seconds: 0.0416667
# start_time = Aug 09 2024 07:03:31 [NMEA time, header]
# bad_flag = -9.990e-29
*END*
[from data line 1932]
          0     42.561     42.213   44.36946 -124.96136     8.7847     8.7838   3.497059   3.496795    32.9067    32.9048     1.8773     4.5497    6.57372     0.3039     0.0450    98.8819      7.892      62244         20  0.000e+00
          0     42.561     42.213   44.36946 -124.96136     8.7847     8.7841   3.497065   3.496813    32.9068    32.9047     1.8773     4.5495    6.57372     0.2966     0.0461    98.8553      7.892      62245         20  0.000e+00
          0     42.576     42.228   44.36946 -124.96136     8.7847     8.7838   3.497105   3.496813    32.9072    32.9050     1.8761     4.5449    6.57370     0.3039     0.0461    98.8553      7.892      62246         20  0.000e+00
          0     42.613     42.265   44.36946 -124.96136     8.7847     8.7836   3.497105   3.496826    32.9072    32.9053     1.8761     4.5443    6.57370     0.2966     0.0461    98.8553      7.897      62247         20  0.000e+00
          0     42.561     42.213   44.36946 -124.96136     8.7845     8.7834   3.497092   3.496813    32.9072    32.9053     1.8761     4.5442    6.57372     0.3039     0.0450    98.8819      7.892      62248         20  0.000e+00
          0     42.576     42.228   44.36946 -124.96136     8.7844     8.7833   3.497072   3.496844    32.9071    32.9058     1.8761     4.5436    6.57375     0.2966     0.0461    98.8553      7.892      62249         20  0.000e+00
          0     42.613     42.266   44.36946 -124.96136     8.7842     8.7828   3.497085   3.496844    32.9074    32.9062     1.8773     4.5480    6.57376     0.2966     0.0461    98.8553      7.892      62250         20  0.000e+00
          0     42.561     42.213   44.36946 -124.96136     8.7842     8.7826   3.497099   3.496826    32.9076    32.9062     1.8761     4.5439    6.57375     0.3113     0.0461    98.8553      7.892      62251         20  0.000e+00
          0     20.664     20.497   44.36944 -124.96136     9.6104     9.6209   3.518365   3.518792    32.3812    32.3760     2.2350     5.6022    6.47668     0.7215     0.1188    97.0739      8.021      66664         21  0.000e+00
          0     20.604     20.437   44.36944 -124.96136     9.6099     9.6221   3.518359   3.518872    32.3816    32.3758     2.2350     5.6016    6.47674     0.7289     0.1188    97.0739      8.021      66665         21  0.000e+00
          0     20.680     20.512   44.36944 -124.96136     9.6096     9.6223   3.518392   3.518854    32.3822    32.3754     2.2350     5.6010    6.47676     0.7215     0.1188    97.0739      8.021      66666         21  0.000e+00
          0     20.665     20.497   44.36944 -124.96136     9.6096     9.6227   3.518399   3.518885    32.3823    32.3753     2.2350     5.6007    6.47675     0.7215     0.1188    97.0739      8.021      66667         21  0.000e+00
          0     20.665     20.497   44.36944 -124.96136     9.6099     9.6226   3.518399   3.518885    32.3820    32.3755     2.2350     5.6000    6.47672     0.7289     0.1188    97.0739      8.021      66668         21  0.000e+00
          0     20.665     20.497   44.36944 -124.96136     9.6099     9.6222   3.518379   3.518903    32.3818    32.3760     2.2363     5.6041    6.47673     0.7215     0.1188    97.0739      8.021      66669         21  0.000e+00
          0     20.665     20.497   44.36944 -124.96136     9.6100     9.6213   3.518412   3.518885    32.3820    32.3767     2.2350     5.6000    6.47670     0.7289     0.1188    97.0739      8.021      66670         21  0.000e+00
          0     20.665     20.497   44.36944 -124.96136     9.6096     9.6207   3.518392   3.518854    32.3822    32.3768     2.2363     5.6041    6.47676     0.7215     0.1188    97.0739      8.021      66671         21  0.000e+00
          0     20.665     20.497   44.36944 -124.96136     9.6090     9.6201   3.518372   3.518841    32.3825    32.3773     2.2363     5.6044    6.47682     0.7215     0.1188    97.0739      8.021      66672         21  0.000e+00
          0     20.680     20.512   44.36944 -124.96136     9.6090     9.6206   3.518385   3.518792    32.3826    32.3763     2.2350     5.6002    6.47682     0.7289     0.1199    97.0473      8.021      66673         21  0.000e+00
          0     20.717     20.549   44.36944 -124.96136     9.6099     9.6205   3.518445   3.518823    32.3824    32.3767     2.2363     5.6042    6.47670     0.7215     0.1199    97.0473      8.021      66674         21  0.000e+00
          0     20.605     20.438   44.36944 -124.96136     9.6111     9.6202   3.518526   3.518854    32.3822    32.3773     2.2363     5.6041    6.47654     0.7289     0.1188    97.0739      8.021      66675         21  0.000e+00
          0     20.717     20.549   44.36944 -124.96136     9.6120     9.6200   3.518606   3.518842    32.3821    32.3774     2.2363     5.6047    6.47641     0.7215     0.1199    97.0473      8.021      66676         21  0.000e+00
          0     20.665     20.497   44.36944 -124.96136     9.6134     9.6195   3.518693   3.518792    32.3818    32.3773     2.2350     5.6003    6.47623     0.7289     0.1221    96.9941      8.021      66677         21  0.000e+00
          0     20.665     20.497   44.36944 -124.96136     9.6144     9.6188   3.518739   3.518762    32.3814    32.3776     2.2363     5.6042    6.47611     0.7215     0.1177    97.1005      8.021      66678         21  0.000e+00
          0     20.717     20.549   44.36944 -124.96136     9.6152     9.6160   3.518746   3.518725    32.3807    32.3797     2.2350     5.5999    6.47602     0.7215     0.1144    97.1802      8.021      66679         21  0.000e+00
          0     20.605     20.438   44.36944 -124.96136     9.6153     9.6142   3.518766   3.518589    32.3808    32.3800     2.2363     5.6038    6.47599     0.7289     0.1144    97.1802      8.021      66680         21  0.000e+00
          0     20.680     20.512   44.36944 -124.96136     9.6155     9.6136   3.518759   3.518380    32.3806    32.3784     2.2363     5.6039    6.47598     0.7215     0.1144    97.1802      8.021      66681         21  0.000e+00
          0     20.665     20.497   44.36944 -124.96136     9.6153     9.6136   3.518726   3.518411    32.3804    32.3788     2.2363     5.6040    6.47601     0.7289     0.1144    97.1802      8.021      66682         21  0.000e+00
          0     20.605     20.438   44.36944 -124.96136     9.6155     9.6116   3.518672   3.518380    32.3797    32.3803     2.2350     5.6002    6.47601     0.7215     0.1144    97.1802      8.021      66683         21  0.000e+00
          0     20.665     20.497   44.36944 -124.96136     9.6147     9.6096   3.518673   3.518312    32.3804    32.3813     2.2350     5.5999    6.47610     0.7215     0.1144    97.1802      8.021      66684         21  0.000e+00
          0     20.665     20.497   44.36944 -124.96136     9.6144     9.6087   3.518639   3.518159    32.3804    32.3806     2.2350     5.5996    6.47615     0.7362     0.1155    97.1537      8.017      66685         21  0.000e+00
          0     20.605     20.438   44.36944 -124.96136     9.6140     9.6086   3.518619   3.518066    32.3805    32.3797     2.2350     5.5992    6.47619     0.7215     0.1144    97.1802      8.021      66686         21  0.000e+00
          0     20.665     20.497   44.36944 -124.96136     9.6142     9.6081   3.518693   3.518036    32.3811    32.3799     2.2363     5.6031    6.47615     0.7289     0.1144    97.1802      8.021      66687         21  0.000e+00
          0     20.605     20.438   44.36944 -124.96136     9.6149     9.6079   3.518719   3.518029    32.3808    32.3800     2.2350     5.5992    6.47606     0.7289     0.1155    97.1537      8.021      66688         21  0.000e+00
          0     20.568     20.401   44.36944 -124.96136     9.6155     9.6072   3.518759   3.518036    32.3806    32.3807     2.2350     5.5987    6.47597     0.7215     0.1144    97.1802      8.021      66689         21  0.000e+00
          0     20.605     20.438   44.36944 -124.96136     9.6162     9.6070   3.518779   3.518005    32.3802    32.3806     2.2350     5.5983    6.47590     0.7289     0.1144    97.1802      8.021      66690         21  0.000e+00
          0     20.605     20.438   44.36944 -124.96136     9.6164     9.6070   3.518759   3.517943    32.3799    32.3799     2.2363     5.6022    6.47589     0.7215     0.1144    97.1802      8.021      66691         21  0.000e+00
          0     20.553     20.386   44.36944 -124.96136     9.6157     9.6067   3.518659   3.517869    32.3795    32.3795     2.2350     5.5980    6.47600     0.7215     0.1144    97.1802      8.021      66692         21  0.000e+00
          0     20.605     20.438   44.36944 -124.96136     9.6142     9.6069   3.518552   3.517943    32.3797    32.3801     2.2350     5.5978    6.47620     0.7289     0.1155    97.1537      8.021      66693         21  0.000e+00
          0     20.493     20.326   44.36944 -124.96136     9.6134     9.6071   3.518485   3.517876    32.3798    32.3792     2.2363     5.6023    6.47632     0.7215     0.1144    97.1802      8.021      66694         21  0.000e+00
          0     20.553     20.386   44.36944 -124.96136     9.6126     9.6074   3.518465   3.517974    32.3803    32.3800     2.2363     5.6025    6.47641     0.7289     0.1144    97.1802      8.021      66695         21  0.000e+00
          0     20.568     20.401   44.36944 -124.96136     9.6115     9.6077   3.518439   3.518029    32.3809    32.3802     2.2363     5.6031    6.47653     0.7215     0.1155    97.1537      8.021      66696         21  0.000e+00
          0     20.493     20.326   44.36944 -124.96136     9.6112     9.6079   3.518432   3.518036    32.3812    32.3802     2.2350     5.5993    6.47657     0.7215     0.1188    97.0739      8.021      66697         21  0.000e+00
          0     20.493     20.326   44.36944 -124.96136     9.6109     9.6080   3.518432   3.518066    32.3815    32.3803     2.2363     5.6032    6.47660     0.7289     0.1177    97.1005      8.021      66698         21  0.000e+00
          0     20.493     20.327   44.36944 -124.96136     9.6105     9.6082   3.518425   3.518036    32.3817    32.3799     2.2350     5.5995    6.47664     0.7215     0.1155    97.1537      8.021      66699         21  0.000e+00
          0     20.493     20.327   44.36944 -124.96136     9.6107     9.6082   3.518452   3.518060    32.3818    32.3801     2.2350     5.5990    6.47661     0.7289     0.1144    97.1802      8.021      66700         21  0.000e+00
          0     20.440     20.274   44.36944 -124.96136     9.6134     9.6082   3.518646   3.518066    32.3815    32.3802     2.2350     5.5982    6.47625     0.7215     0.1155    97.1537      8.021      66701         21  0.000e+00
          0     20.440     20.274   44.36944 -124.96136     9.6169     9.6081   3.518900   3.518066    32.3809    32.3803     2.2350     5.5974    6.47577     0.7215     0.1144    97.1802      8.021      66702         21  0.000e+00
          0     20.440     20.275   44.36944 -124.96136     9.6193     9.6083   3.519154   3.518066    32.3813    32.3801     2.2350     5.5971    6.47541     0.7289     0.1155    97.1537      8.021      66703         21  0.000e+00
          0     20.463     20.297   44.36944 -124.96136     9.6228     9.6083   3.519407   3.518060    32.3807    32.3800     2.2350     5.5963    6.47493     0.7289     0.1155    97.1537      8.021      66704         21  0.000e+00
          0     20.388     20.222   44.36944 -124.96136     9.6275     9.6085   3.519568   3.518097    32.3782    32.3803     2.2350     5.5953    6.47437     0.7362     0.1144    97.1802      8.021      66705         21  0.000e+00
          0     20.440     20.275   44.36944 -124.96136     9.6316     9.6091   3.519741   3.518066    32.3762    32.3793     2.2350     5.5950    6.47387     0.7289     0.1155    97.1537      8.021      66706         21  0.000e+00
          0     20.328     20.163   44.36944 -124.96136     9.6352     9.6126   3.520002   3.518152    32.3757    32.3772     2.2338     5.5902    6.47339     0.7289     0.1144    97.1802      8.021      66707         21  0.000e+00
          0     20.388     20.223   44.36944 -124.96136     9.6366     9.6154   3.520122   3.518349    32.3756    32.3766     2.2350     5.5936    6.47318     0.7289     0.1155    97.1537      8.021      66708         21  0.000e+00
          0     20.328     20.163   44.36944 -124.96136     9.6381     9.6172   3.520162   3.518694    32.3747    32.3786     2.2338     5.5892    6.47301     0.7289     0.1155    97.1537      8.021      66709         21  0.000e+00
          0     20.328     20.163   44.36944 -124.96136     9.6398     9.6188   3.520263   3.518854    32.3742    32.3787     2.2350     5.5931    6.47279     0.7362     0.1155    97.1537      8.021      66710         21  0.000e+00
          0     20.350     20.185   44.36944 -124.96136     9.6411     9.6204   3.520316   3.519032    32.3736    32.3791     2.2338     5.5883    6.47263     0.7289     0.1155    97.1537      8.021      66711         21  0.000e+00
          0     20.328     20.163   44.36944 -124.96136     9.6423     9.6226   3.520396   3.519106    32.3733    32.3779     2.2350     5.5918    6.47248     0.7289     0.1144    97.1802      8.021      66712         21  0.000e+00
          0     20.275     20.111   44.36944 -124.96136     9.6435     9.6258   3.520443   3.519137    32.3728    32.3753     2.2338     5.5870    6.47233     0.7289     0.1155    97.1537      8.021      66713         21  0.000e+00
          0     20.275     20.111   44.36944 -124.96136     9.6444     9.6318   3.520450   3.519198    32.3720    32.3706     2.2338     5.5862    6.47223     0.7289     0.1155    97.1537      8.021      66714         21  0.000e+00
          0     20.275     20.111   44.36944 -124.96136     9.6444     9.6344   3.520476   3.519469    32.3722    32.3710     2.2350     5.5899    6.47221     0.7362     0.1155    97.1537      8.021      66715         21  0.000e+00
          0     20.275     20.111   44.36944 -124.96136     9.6446     9.6356   3.520463   3.519733    32.3719    32.3726     2.2338     5.5853    6.47220     0.7289     0.1155    97.1537      8.021      66716         21  0.000e+00
          0     20.223     20.059   44.36944 -124.96136     9.6443     9.6378   3.520383   3.519764    32.3714    32.3709     2.2338     5.5847    6.47227     0.7289     0.1188    97.0739      8.021      66717         21  0.000e+00
          0     20.290     20.126   44.36944 -124.96136     9.6435     9.6424   3.520376   3.519752    32.3721    32.3666     2.2338     5.5847    6.47236     0.7289     0.1188    97.0739      8.021      66718         21  0.000e+00
          0     20.163     19.999   44.36944 -124.96136     9.6439     9.6457   3.520389   3.519924    32.3718    32.3655     2.2338     5.5839    6.47230     0.7289     0.1155    97.1537      8.021      66719         21  0.000e+00
          0     20.163     19.999   44.36944 -124.96136     9.6439     9.6480   3.520456   3.520207    32.3725    32.3663     2.2338     5.5838    6.47227     0.7362     0.1155    97.1537      8.021      66720         21  0.000e+00
          0     20.223     20.059   44.36944 -124.96136     9.6450     9.6500   3.520530   3.520533    32.3723    32.3678     2.2350     5.5880    6.47213     0.7289     0.1155    97.1537      8.021      66721         21  0.000e+00
          0     20.223     20.059   44.36944 -124.96136     9.6453     9.6510   3.520483   3.520644    32.3715    32.3681     2.2338     5.5836    6.47212     0.7289     0.1144    97.1802      8.021      66722         21  0.000e+00
          0     20.163     20.000   44.36944 -124.96136     9.6446     9.6507   3.520410   3.520675    32.3714    32.3686     2.2350     5.5879    6.47222     0.7289     0.1155    97.1537      8.021      66723         21  0.000e+00
