AT50-29/CTD Data/AT50-29_CTD-001.cnv
* Sea-Bird SBE 9 Data File:
* FileName = C:\data\ctd\at50-29001.hex
* Software Version Seasave V 7.26.7.121
* Temperature SN = 4312
* Conductivity SN = 3521
* Number of Bytes Per Scan = 40
* Number of Voltage Words = 5
* Number of Scans Averaged by the Deck Unit = 1
* NMEA Latitude = 44 22.17 N
* NMEA Longitude = 124 57.68 W
* NMEA UTC (Time) = Aug 09 2024  07:03:31
** Ship: atlantis
** Station: Endurance Offshore
** Operator: JN
** 500 m SW of shallow profiler
# nquan = 19
# nvalues = 17924                                 
# units = specified
# name 0 = modError: Modulo Error Count
# name 1 = prDM: Pressure, Digiquartz [db]
# name 2 = depSM: Depth [salt water, m]
# name 3 = latitude: Latitude [deg]
# name 4 = longitude: Longitude [deg]
# name 5 = t090C: Temperature [ITS-90, deg C]
# name 6 = t190C: Temperature, 2 [ITS-90, deg C]
# name 7 = c0S/m: Conductivity [S/m]
# name 8 = c1S/m: Conductivity, 2 [S/m]
# name 9 = sal00: Salinity, Practical [PSU]
# name 10 = sal11: Salinity, Practical, 2 [PSU]
# name 11 = sbeox0V: Oxygen raw, SBE 43 [V]
# name 12 = sbeox0ML/L: Oxygen, SBE 43 [ml/l]
# name 13 = oxsolML/L: Oxygen Saturation, Garcia & Gordon [ml/l]
# name 14 = flECO-AFL: Fluorescence, WET Labs ECO-AFL/FL [mg/m^3]
# name 15 = CStarAt0: Beam Attenuation, WET Labs C-Star [1/m]
# name 16 = CStarTr0: Beam Transmission, WET Labs C-Star [%]
# name 17 = ph: pH
# name 18 = flag:  0.000e+00
# span 0 =          0,          0                 
# span 1 =      1.104,    222.759                 
# span 2 =      1.095,    220.844                 
# span 3 =   44.36944,   44.36946                 
# span 4 = -124.96138, -124.96134                 
# span 5 =     7.1169,    15.5989                 
# span 6 =     7.1168,    15.5739                 
# span 7 =   3.456553,   4.014201                 
# span 8 =   3.456428,   4.012026                 
# span 9 =    31.8362,    33.9847                 
# span 10 =    31.7272,    33.9836                
# span 11 =     0.8994,     2.6667                
# span 12 =     1.4468,     6.6828                
# span 13 =    5.73030,    6.77818                
# span 14 =     0.0109,     1.7545                
# span 15 =     0.0407,     0.3861                
# span 16 =    90.7991,    98.9882                
# span 17 =      7.580,      8.254                
# span 18 = 0.0000e+00, 0.0000e+00                
# interval = seconds: 0.0416667
# start_time = Aug 09 2024 07:03:31 [NMEA time, header]
# bad_flag = -9.990e-29
*END*
[from data line 17296]
          0    222.079    220.170   44.36946 -124.96134     7.1197     7.1190   3.456778   3.456611    33.9833    33.9821     0.9044     1.4693    6.77776     0.0256     0.1929    95.2925      7.585  0.000e+00
          0    222.139    220.230   44.36946 -124.96134     7.1196     7.1189   3.456758   3.456581    33.9832    33.9819     0.9044     1.4683    6.77779     0.0256     0.1929    95.2925      7.585  0.000e+00
          0    222.192    220.282   44.36946 -124.96134     7.1197     7.1191   3.456765   3.456581    33.9831    33.9817     0.9057     1.4722    6.77777     0.0256     0.1929    95.2925      7.585  0.000e+00
          0    222.139    220.230   44.36946 -124.96134     7.1197     7.1190   3.456758   3.456581    33.9831    33.9818     0.9057     1.4718    6.77777     0.0329     0.1951    95.2393      7.585  0.000e+00
          0    222.139    220.230   44.36946 -124.96134     7.1197     7.1191   3.456745   3.456648    33.9829    33.9824     0.9057     1.4721    6.77778     0.0329     0.1973    95.1861      7.585  0.000e+00
          0    222.252    220.342   44.36946 -124.96134     7.1196     7.1191   3.456725   3.456581    33.9828    33.9816     0.9044     1.4670    6.77780     0.0329     0.1962    95.2127      7.585  0.000e+00
          0    222.139    220.230   44.36946 -124.96134     7.1196     7.1192   3.456758   3.456648    33.9832    33.9824     0.9057     1.4708    6.77779     0.0329     0.1951    95.2393      7.585  0.000e+00
          0    222.192    220.283   44.36946 -124.96134     7.1197     7.1191   3.456778   3.456617    33.9832    33.9821     0.9069     1.4759    6.77776     0.0402     0.1951    95.2393      7.585  0.000e+00
          0    222.252    220.342   44.36946 -124.96134     7.1196     7.1189   3.456778   3.456581    33.9834    33.9818     0.9069     1.4768    6.77778     0.0402     0.1951    95.2393      7.585  0.000e+00
          0    222.192    220.283   44.36946 -124.96134     7.1196     7.1192   3.456778   3.456617    33.9834    33.9820     0.9057     1.4723    6.77778     0.0402     0.1951    95.2393      7.585  0.000e+00
          0    222.252    220.342   44.36946 -124.96134     7.1196     7.1189   3.456758   3.456581    33.9831    33.9818     0.9069     1.4774    6.77779     0.0402     0.1962    95.2127      7.585  0.000e+00
          0    222.192    220.283   44.36946 -124.96134     7.1196     7.1192   3.456765   3.456617    33.9832    33.9820     0.9057     1.4728    6.77778     0.0402     0.1951    95.2393      7.585  0.000e+00
          0    222.252    220.342   44.36946 -124.96134     7.1196     7.1193   3.456738   3.456617    33.9829    33.9819     0.9069     1.4773    6.77780     0.0402     0.1951    95.2393      7.585  0.000e+00
          0    222.252    220.342   44.36946 -124.96134     7.1196     7.1191   3.456785   3.456581    33.9834    33.9816     0.9057     1.4734    6.77777     0.0402     0.1951    95.2393      7.585  0.000e+00
          0    222.252    220.342   44.36946 -124.96134     7.1194     7.1194   3.456772   3.456617    33.9834    33.9818     0.9057     1.4731    6.77780     0.0402     0.1951    95.2393      7.585  0.000e+00
          0    222.252    220.342   44.36946 -124.96134     7.1196     7.1193   3.456752   3.456617    33.9831    33.9819     0.9057     1.4734    6.77779     0.0402     0.1951    95.2393      7.585  0.000e+00
          0    222.252    220.342   44.36946 -124.96136     7.1194     7.1194   3.456745   3.456678    33.9831    33.9824     0.9057     1.4731    6.77781     0.0402     0.1951    95.2393      7.585  0.000e+00
          0    222.305    220.395   44.36946 -124.96136     7.1196     7.1192   3.456765   3.456617    33.9832    33.9820     0.9069     1.4776    6.77779     0.0402     0.1951    95.2393      7.585  0.000e+00
          0    222.252    220.342   44.36946 -124.96136     7.1196     7.1194   3.456778   3.456611    33.9834    33.9817     0.9057     1.4736    6.77778     0.0475     0.1951    95.2393      7.585  0.000e+00
          0    222.305    220.395   44.36946 -124.96136     7.1194     7.1193   3.456758   3.456617    33.9833    33.9819     0.9057     1.4740    6.77781     0.0475     0.1951    95.2393      7.585  0.000e+00
          0    222.252    220.343   44.36946 -124.96136     7.1196     7.1194   3.456745   3.456617    33.9830    33.9818     0.9057     1.4737    6.77779     0.0402     0.1962    95.2127      7.585  0.000e+00
          0    222.252    220.343   44.36946 -124.96136     7.1196     7.1193   3.456752   3.456611    33.9831    33.9818     0.9044     1.4692    6.77779     0.0329     0.1951    95.2393      7.585  0.000e+00
          0    222.305    220.395   44.36946 -124.96136     7.1196     7.1196   3.456725   3.456678    33.9828    33.9822     0.9069     1.4787    6.77781     0.0402     0.1951    95.2393      7.585  0.000e+00
          0    222.305    220.395   44.36946 -124.96136     7.1194     7.1194   3.456738   3.456648    33.9831    33.9821     0.9044     1.4694    6.77782     0.0402     0.1973    95.1861      7.585  0.000e+00
          0    222.252    220.343   44.36946 -124.96136     7.1196     7.1196   3.456745   3.456611    33.9830    33.9815     0.9057     1.4740    6.77779     0.0402     0.1985    95.1595      7.585  0.000e+00
          0    222.305    220.395   44.36946 -124.96136     7.1194     7.1196   3.456725   3.456678    33.9829    33.9822     0.9057     1.4745    6.77782     0.0402     0.1951    95.2393      7.585  0.000e+00
          0    222.305    220.395   44.36946 -124.96136     7.1192     7.1195   3.456738   3.456611    33.9832    33.9815     0.9044     1.4696    6.77784     0.0402     0.1929    95.2925      7.585  0.000e+00
          0    222.305    220.395   44.36946 -124.96136     7.1192     7.1194   3.456772   3.456648    33.9836    33.9820     0.9057     1.4736    6.77782     0.0402     0.1929    95.2925      7.585  0.000e+00
          0    222.305    220.395   44.36946 -124.96136     7.1192     7.1194   3.456738   3.456648    33.9832    33.9820     0.9057     1.4735    6.77784     0.0402     0.1929    95.2925      7.585  0.000e+00
          0    222.305    220.395   44.36946 -124.96136     7.1194     7.1195   3.456738   3.456611    33.9831    33.9815     0.9044     1.4692    6.77782     0.0402     0.1929    95.2925      7.585  0.000e+00
          0    222.305    220.395   44.36946 -124.96136     7.1196     7.1193   3.456765   3.456679    33.9832    33.9825     0.9057     1.4740    6.77779     0.0402     0.1929    95.2925      7.585  0.000e+00
          0    222.305    220.395   44.36946 -124.96136     7.1194     7.1196   3.456758   3.456678    33.9833    33.9822     0.9057     1.4739    6.77781     0.0475     0.1929    95.2925      7.585  0.000e+00
          0    222.253    220.343   44.36946 -124.96136     7.1194     7.1195   3.456752   3.456617    33.9832    33.9816     0.9057     1.4739    6.77781     0.0549     0.1940    95.2659      7.585  0.000e+00
          0    222.305    220.395   44.36946 -124.96136     7.1196     7.1194   3.456745   3.456617    33.9830    33.9817     0.9069     1.4792    6.77780     0.0549     0.1940    95.2659      7.585  0.000e+00
          0    222.305    220.395   44.36946 -124.96136     7.1194     7.1192   3.456725   3.456611    33.9829    33.9819     0.9057     1.4750    6.77782     0.0475     0.1929    95.2925      7.585  0.000e+00
          0    222.358    220.447   44.36946 -124.96136     7.1194     7.1194   3.456719   3.456648    33.9828    33.9820     0.9057     1.4749    6.77783     0.0402     0.1929    95.2925      7.585  0.000e+00
          0    222.253    220.343   44.36946 -124.96136     7.1194     7.1194   3.456738   3.456648    33.9831    33.9821     0.9057     1.4749    6.77781     0.0475     0.1929    95.2925      7.585  0.000e+00
          0    222.306    220.395   44.36946 -124.96136     7.1194     7.1192   3.456745   3.456611    33.9831    33.9819     0.9044     1.4700    6.77781     0.0475     0.1929    95.2925      7.585  0.000e+00
          0    222.306    220.395   44.36946 -124.96136     7.1194     7.1193   3.456752   3.456648    33.9832    33.9822     0.9057     1.4742    6.77781     0.0475     0.1929    95.2925      7.585  0.000e+00
          0    222.253    220.343   44.36946 -124.96136     7.1194     7.1191   3.456745   3.456611    33.9831    33.9820     0.9057     1.4748    6.77781     0.0475     0.1929    95.2925      7.585  0.000e+00
          0    222.306    220.395   44.36944 -124.96136     7.1194     7.1194   3.456765   3.456648    33.9833    33.9821     0.9057     1.4760    6.77780     0.0475     0.1929    95.2925      7.585  0.000e+00
          0    222.253    220.343   44.36944 -124.96136     7.1194     7.1194   3.456758   3.456617    33.9833    33.9817     0.9057     1.4767    6.77780     0.0475     0.1929    95.2925      7.585  0.000e+00
          0    222.306    220.395   44.36944 -124.96136     7.1194     7.1193   3.456725   3.456642    33.9829    33.9821     0.9044     1.4720    6.77782     0.0475     0.1929    95.2925      7.585  0.000e+00
          0    222.306    220.395   44.36944 -124.96136     7.1194     7.1192   3.456758   3.456648    33.9833    33.9823     0.9057     1.4763    6.77781     0.0475     0.1940    95.2659      7.585  0.000e+00
          0    222.253    220.343   44.36944 -124.96136     7.1194     7.1193   3.456758   3.456648    33.9833    33.9822     0.9044     1.4716    6.77780     0.0475     0.1962    95.2127      7.585  0.000e+00
          0    222.253    220.343   44.36944 -124.96136     7.1194     7.1193   3.456745   3.456642    33.9831    33.9821     0.9057     1.4753    6.77781     0.0475     0.1940    95.2659      7.585  0.000e+00
          0    222.306    220.395   44.36944 -124.96136     7.1194     7.1192   3.456745   3.456581    33.9831    33.9816     0.9044     1.4706    6.77781     0.0549     0.1929    95.2925      7.585  0.000e+00
          0    222.253    220.343   44.36944 -124.96136     7.1194     7.1191   3.456745   3.456642    33.9831    33.9823     0.9057     1.4743    6.77781     0.0549     0.1929    95.2925      7.585  0.000e+00
          0    222.253    220.343   44.36944 -124.96136     7.1196     7.1193   3.456745   3.456617    33.9830    33.9819     0.9057     1.4744    6.77779     0.0475     0.1940    95.2659      7.585  0.000e+00
          0    222.253    220.343   44.36944 -124.96136     7.1199     7.1192   3.456725   3.456617    33.9825    33.9820     0.9057     1.4739    6.77777     0.0475     0.1929    95.2925      7.585  0.000e+00
          0    222.253    220.343   44.36944 -124.96136     7.1197     7.1191   3.456758   3.456642    33.9830    33.9823     0.9057     1.4733    6.77777     0.0475     0.1929    95.2925      7.585  0.000e+00
          0    222.253    220.343   44.36944 -124.96136     7.1197     7.1191   3.456778   3.456581    33.9832    33.9816     0.9044     1.4686    6.77776     0.0475     0.1929    95.2925      7.585  0.000e+00
          0    222.253    220.343   44.36944 -124.96136     7.1199     7.1192   3.456758   3.456611    33.9829    33.9819     0.9057     1.4729    6.77775     0.0475     0.1929    95.2925      7.585  0.000e+00
          0    222.253    220.343   44.36944 -124.96136     7.1197     7.1189   3.456725   3.456617    33.9826    33.9822     0.9044     1.4682    6.77779     0.0475     0.1940    95.2659      7.585  0.000e+00
          0    222.193    220.284   44.36944 -124.96136     7.1196     7.1191   3.456699   3.456581    33.9825    33.9817     0.9057     1.4718    6.77782     0.0475     0.1929    95.2925      7.585  0.000e+00
          0    222.253    220.343   44.36944 -124.96136     7.1196     7.1190   3.456778   3.456611    33.9834    33.9821     0.9057     1.4719    6.77778     0.0475     0.1929    95.2925      7.585  0.000e+00
          0    222.253    220.343   44.36944 -124.96136     7.1196     7.1189   3.456765   3.456648    33.9832    33.9826     0.9057     1.4726    6.77778     0.0475     0.1929    95.2925      7.585  0.000e+00
          0    222.193    220.284   44.36944 -124.96136     7.1194     7.1191   3.456725   3.456617    33.9830    33.9821     0.9057     1.4733    6.77782     0.0475     0.1929    95.2925      7.585  0.000e+00
          0    222.253    220.343   44.36944 -124.96136     7.1194     7.1190   3.456758   3.456611    33.9833    33.9821     0.9057     1.4734    6.77780     0.0402     0.1929    95.2925      7.585  0.000e+00
          0    222.140    220.231   44.36944 -124.96136     7.1194     7.1193   3.456758   3.456617    33.9833    33.9819     0.9057     1.4741    6.77780     0.0402     0.1929    95.2925      7.585  0.000e+00
          0    222.193    220.284   44.36944 -124.96136     7.1192     7.1189   3.456745   3.456581    33.9834    33.9819     0.9057     1.4743    6.77783     0.0402     0.1929    95.2925      7.585  0.000e+00
          0    222.193    220.284   44.36944 -124.96136     7.1196     7.1189   3.456705   3.456617    33.9826    33.9823     0.9057     1.4751    6.77781     0.0402     0.1929    95.2925      7.585  0.000e+00
          0    222.193    220.284   44.36944 -124.96136     7.1194     7.1189   3.456705   3.456617    33.9827    33.9823     0.9069     1.4800    6.77783     0.0475     0.1929    95.2925      7.585  0.000e+00
          0    222.193    220.284   44.36944 -124.96136     7.1196     7.1190   3.456738   3.456581    33.9830    33.9818     0.9057     1.4760    6.77780     0.0475     0.1940    95.2659      7.585  0.000e+00
          0    222.140    220.231   44.36946 -124.96136     7.1194     7.1189   3.456705   3.456581    33.9828    33.9819     0.9057     1.4761    6.77783     0.0475     0.1973    95.1861      7.585  0.000e+00
          0    222.193    220.284   44.36946 -124.96136     7.1196     7.1188   3.456725   3.456581    33.9828    33.9820     0.9057     1.4763    6.77780     0.0402     0.1951    95.2393      7.585  0.000e+00
          0    222.140    220.231   44.36946 -124.96136     7.1194     7.1189   3.456765   3.456581    33.9834    33.9819     0.9057     1.4770    6.77780     0.0402     0.1918    95.3191      7.585  0.000e+00
          0    222.193    220.284   44.36946 -124.96136     7.1196     7.1191   3.456738   3.456581    33.9830    33.9817     0.9057     1.4772    6.77780     0.0402     0.1918    95.3191      7.585  0.000e+00
          0    222.140    220.232   44.36946 -124.96136     7.1194     7.1188   3.456758   3.456581    33.9833    33.9820     0.9057     1.4774    6.77780     0.0402     0.1906    95.3457      7.585  0.000e+00
          0    222.140    220.232   44.36946 -124.96136     7.1197     7.1190   3.456738   3.456581    33.9828    33.9818     0.9057     1.4775    6.77778     0.0402     0.1918    95.3191      7.585  0.000e+00
          0    222.140    220.232   44.36946 -124.96136     7.1196     7.1191   3.456758   3.456581    33.9832    33.9817     0.9057     1.4771    6.77779     0.0402     0.1918    95.3191      7.585  0.000e+00
          0    222.140    220.232   44.36946 -124.96136     7.1197     7.1189   3.456758   3.456581    33.9831    33.9819     0.9057     1.4778    6.77777     0.0402     0.1918    95.3191      7.585  0.000e+00
          0    222.080    220.172   44.36946 -124.96136     7.1196     7.1189   3.456725   3.456581    33.9829    33.9820     0.9069     1.4822    6.77780     0.0402     0.1918    95.3191      7.585  0.000e+00
          0    222.140    220.232   44.36946 -124.96136     7.1196     7.1191   3.456738   3.456611    33.9830    33.9820     0.9057     1.4781    6.77780     0.0402     0.1918    95.3191      7.585  0.000e+00
          0    222.140    220.232   44.36946 -124.96136     7.1196     7.1191   3.456752   3.456617    33.9831    33.9821     0.9069     1.4830    6.77779     0.0402     0.1918    95.3191      7.585  0.000e+00
