AT50-29/CTD Data/AT50-29_CTD-002.cnv
* Sea-Bird SBE 9 Data File:
* FileName = C:\data\ctd\at50-29002.hex
* Software Version Seasave V 7.26.7.121
* Temperature SN = 4312
* Conductivity SN = 3521
* Number of Bytes Per Scan = 40
* Number of Voltage Words = 5
* Number of Scans Averaged by the Deck Unit = 1
* NMEA Latitude = 44 31.48 N
* NMEA Longitude = 125 23.27 W
* NMEA UTC (Time) = Aug 09 2024  19:36:49
** Ship: atlantis
** Station: Slope Base
** Operator: MW
# nquan = 19
# nvalues = 17919                                 
# units = specified
# name 0 = modError: Modulo Error Count
# name 1 = prDM: Pressure, Digiquartz [db]
# name 2 = depSM: Depth [salt water, m]
# name 3 = latitude: Latitude [deg]
# name 4 = longitude: Longitude [deg]
# name 5 = t090C: Temperature [ITS-90, deg C]
# name 6 = t190C: Temperature, 2 [ITS-90, deg C]
# name 7 = c0S/m: Conductivity [S/m]
# name 8 = c1S/m: Conductivity, 2 [S/m]
# name 9 = sal00: Salinity, Practical [PSU]
# name 10 = sal11: Salinity, Practical, 2 [PSU]
# name 11 = sbeox0V: Oxygen raw, SBE 43 [V]
# name 12 = sbeox0ML/L: Oxygen, SBE 43 [ml/l]
# name 13 = oxsolML/L: Oxygen Saturation, Garcia & Gordon [ml/l]
# name 14 = flECO-AFL: Fluorescence, WET Labs ECO-AFL/FL [mg/m^3]
# name 15 = CStarAt0: Beam Attenuation, WET Labs C-Star [1/m]
# name 16 = CStarTr0: Beam Transmission, WET Labs C-Star [%]
# name 17 = ph: pH
# name 18 = flag:  0.000e+00
# span 0 =          0,          0                 
# span 1 =      1.582,    222.861                 
# span 2 =      1.569,    220.942                 
# span 3 =   44.52470,   44.52472                 
# span 4 = -125.38778, -125.38776                 
# span 5 =     7.0474,    17.8816                 
# span 6 =     7.0466,    17.8826                 
# span 7 =   3.445240,   4.187603                 
# span 8 =   3.445101,   4.187684                 
# span 9 =    31.6763,    33.9293                 
# span 10 =    31.6694,    33.9291                
# span 11 =     1.1508,     2.6875                
# span 12 =     2.3181,     6.7557                
# span 13 =    5.49166,    6.79145                
# span 14 =     0.0036,     1.6153                
# span 15 =     0.0214,     0.1806                
# span 16 =    95.5850,    99.4668                
# span 17 =      7.694,      8.216                
# span 18 = 0.0000e+00, 0.0000e+00                
# interval = seconds: 0.0416667
# start_time = Aug 09 2024 19:36:49 [NMEA time, header]
# bad_flag = -9.990e-29
*END*
[from data line 15239]
          0    222.156    220.244   44.52470 -125.38776     7.0597     7.0584   3.446200   3.446071    33.9267    33.9264     1.1521     2.3266    6.78961     0.0402     0.0289    99.2807      7.699  0.000e+00
          0    222.156    220.244   44.52470 -125.38776     7.0596     7.0581   3.446234   3.445998    33.9271    33.9259     1.1533     2.3311    6.78961     0.0329     0.0289    99.2807      7.703  0.000e+00
          0    222.156    220.244   44.52470 -125.38776     7.0597     7.0582   3.446187   3.446010    33.9265    33.9260     1.1533     2.3309    6.78962     0.0329     0.0289    99.2807      7.699  0.000e+00
          0    222.104    220.192   44.52470 -125.38776     7.0594     7.0580   3.446181   3.445980    33.9267    33.9259     1.1521     2.3264    6.78965     0.0402     0.0289    99.2807      7.699  0.000e+00
          0    222.157    220.244   44.52470 -125.38776     7.0597     7.0580   3.446194   3.445998    33.9266    33.9261     1.1521     2.3261    6.78962     0.0329     0.0289    99.2807      7.699  0.000e+00
          0    222.157    220.244   44.52470 -125.38776     7.0593     7.0580   3.446194   3.446010    33.9270    33.9262     1.1533     2.3307    6.78966     0.0329     0.0289    99.2807      7.699  0.000e+00
          0    222.157    220.244   44.52470 -125.38776     7.0595     7.0580   3.446194   3.445949    33.9268    33.9255     1.1533     2.3311    6.78964     0.0329     0.0289    99.2807      7.699  0.000e+00
          0    222.217    220.304   44.52470 -125.38776     7.0593     7.0578   3.446194   3.445967    33.9269    33.9259     1.1533     2.3309    6.78966     0.0329     0.0289    99.2807      7.703  0.000e+00
          0    222.217    220.304   44.52470 -125.38778     7.0590     7.0580   3.446194   3.446010    33.9272    33.9262     1.1533     2.3312    6.78969     0.0329     0.0289    99.2807      7.699  0.000e+00
          0    222.104    220.192   44.52470 -125.38778     7.0591     7.0578   3.446194   3.445949    33.9271    33.9257     1.1521     2.3261    6.78968     0.0329     0.0299    99.2541      7.699  0.000e+00
          0    222.270    220.356   44.52470 -125.38778     7.0593     7.0578   3.446200   3.445998    33.9269    33.9262     1.1533     2.3301    6.78965     0.0329     0.0289    99.2807      7.699  0.000e+00
          0    222.217    220.304   44.52470 -125.38778     7.0596     7.0578   3.446260   3.446010    33.9274    33.9263     1.1521     2.3256    6.78960     0.0329     0.0289    99.2807      7.699  0.000e+00
          0    222.217    220.304   44.52470 -125.38778     7.0598     7.0578   3.446240   3.445980    33.9269    33.9260     1.1521     2.3253    6.78958     0.0329     0.0289    99.2807      7.699  0.000e+00
          0    222.157    220.244   44.52470 -125.38778     7.0598     7.0580   3.446181   3.445967    33.9263    33.9257     1.1521     2.3251    6.78961     0.0329     0.0289    99.2807      7.699  0.000e+00
          0    222.322    220.409   44.52470 -125.38778     7.0593     7.0578   3.446161   3.445949    33.9265    33.9256     1.1533     2.3298    6.78968     0.0402     0.0278    99.3073      7.699  0.000e+00
          0    222.270    220.356   44.52470 -125.38778     7.0591     7.0578   3.446141   3.445949    33.9265    33.9256     1.1533     2.3302    6.78971     0.0329     0.0289    99.2807      7.703  0.000e+00
          0    222.270    220.357   44.52470 -125.38778     7.0587     7.0577   3.446108   3.445998    33.9266    33.9263     1.1533     2.3312    6.78977     0.0329     0.0289    99.2807      7.699  0.000e+00
          0    222.270    220.357   44.52470 -125.38778     7.0583     7.0577   3.446141   3.445980    33.9273    33.9261     1.1521     2.3268    6.78980     0.0402     0.0299    99.2541      7.699  0.000e+00
          0    222.270    220.357   44.52470 -125.38778     7.0583     7.0578   3.446121   3.446010    33.9271    33.9263     1.1533     2.3315    6.78981     0.0329     0.0321    99.2009      7.699  0.000e+00
          0    222.322    220.409   44.52470 -125.38778     7.0582     7.0573   3.446121   3.445931    33.9272    33.9259     1.1521     2.3271    6.78982     0.0329     0.0289    99.2807      7.699  0.000e+00
          0    222.270    220.357   44.52470 -125.38778     7.0580     7.0573   3.446114   3.445949    33.9273    33.9261     1.1533     2.3318    6.78985     0.0402     0.0278    99.3073      7.699  0.000e+00
          0    222.323    220.409   44.52470 -125.38778     7.0582     7.0575   3.446055   3.445949    33.9265    33.9259     1.1533     2.3323    6.78986     0.0256     0.0267    99.3339      7.699  0.000e+00
          0    222.323    220.409   44.52470 -125.38778     7.0578     7.0575   3.446055   3.445998    33.9268    33.9265     1.1533     2.3322    6.78990     0.0256     0.0267    99.3339      7.699  0.000e+00
          0    222.383    220.469   44.52470 -125.38778     7.0577     7.0573   3.446068   3.445949    33.9271    33.9261     1.1521     2.3278    6.78991     0.0329     0.0278    99.3073      7.699  0.000e+00
          0    222.323    220.409   44.52470 -125.38778     7.0576     7.0577   3.446068   3.445980    33.9271    33.9261     1.1521     2.3271    6.78991     0.0256     0.0278    99.3073      7.699  0.000e+00
          0    222.323    220.409   44.52470 -125.38778     7.0577     7.0578   3.446068   3.445967    33.9271    33.9258     1.1521     2.3269    6.78990     0.0256     0.0267    99.3339      7.699  0.000e+00
          0    222.383    220.469   44.52470 -125.38778     7.0575     7.0575   3.446068   3.445980    33.9273    33.9262     1.1533     2.3317    6.78993     0.0329     0.0278    99.3073      7.699  0.000e+00
          0    222.383    220.469   44.52470 -125.38778     7.0575     7.0575   3.446048   3.445980    33.9270    33.9262     1.1533     2.3316    6.78993     0.0256     0.0278    99.3073      7.699  0.000e+00
          0    222.383    220.469   44.52470 -125.38778     7.0576     7.0575   3.446081   3.445998    33.9273    33.9264     1.1533     2.3314    6.78991     0.0256     0.0267    99.3339      7.699  0.000e+00
          0    222.383    220.469   44.52470 -125.38778     7.0575     7.0573   3.446081   3.445980    33.9274    33.9264     1.1533     2.3318    6.78992     0.0256     0.0278    99.3073      7.699  0.000e+00
          0    222.383    220.469   44.52470 -125.38778     7.0575     7.0575   3.446068   3.445949    33.9273    33.9259     1.1533     2.3323    6.78993     0.0256     0.0278    99.3073      7.699  0.000e+00
          0    222.436    220.521   44.52470 -125.38778     7.0577     7.0573   3.446094   3.445968    33.9273    33.9263     1.1533     2.3327    6.78989     0.0329     0.0267    99.3339      7.699  0.000e+00
          0    222.383    220.469   44.52470 -125.38778     7.0578     7.0577   3.446081   3.445949    33.9271    33.9257     1.1533     2.3332    6.78989     0.0256     0.0278    99.3073      7.699  0.000e+00
          0    222.436    220.521   44.52470 -125.38778     7.0579     7.0575   3.446088   3.445949    33.9271    33.9259     1.1533     2.3330    6.78988     0.0256     0.0278    99.3073      7.699  0.000e+00
          0    222.436    220.521   44.52470 -125.38778     7.0578     7.0573   3.446101   3.445998    33.9273    33.9266     1.1533     2.3334    6.78988     0.0329     0.0267    99.3339      7.699  0.000e+00
          0    222.436    220.521   44.52470 -125.38778     7.0580     7.0575   3.446101   3.445919    33.9271    33.9255     1.1533     2.3338    6.78985     0.0256     0.0267    99.3339      7.699  0.000e+00
          0    222.436    220.521   44.52470 -125.38778     7.0581     7.0575   3.446121   3.445980    33.9272    33.9262     1.1533     2.3336    6.78983     0.0256     0.0267    99.3339      7.699  0.000e+00
          0    222.436    220.521   44.52470 -125.38778     7.0580     7.0573   3.446128   3.445998    33.9273    33.9266     1.1533     2.3340    6.78984     0.0329     0.0278    99.3073      7.699  0.000e+00
          0    222.488    220.573   44.52470 -125.38778     7.0580     7.0570   3.446108   3.445949    33.9271    33.9263     1.1533     2.3344    6.78986     0.0256     0.0310    99.2275      7.699  0.000e+00
          0    222.496    220.581   44.52470 -125.38778     7.0582     7.0567   3.446101   3.445919    33.9269    33.9263     1.1533     2.3342    6.78984     0.0256     0.0289    99.2807      7.699  0.000e+00
          0    222.436    220.521   44.52470 -125.38778     7.0581     7.0564   3.446121   3.445931    33.9272    33.9268     1.1533     2.3346    6.78983     0.0329     0.0278    99.3073      7.699  0.000e+00
          0    222.496    220.581   44.52470 -125.38778     7.0583     7.0560   3.446128   3.445888    33.9270    33.9266     1.1533     2.3343    6.78981     0.0256     0.0278    99.3073      7.699  0.000e+00
          0    222.488    220.573   44.52470 -125.38778     7.0580     7.0559   3.446134   3.445858    33.9274    33.9264     1.1533     2.3347    6.78984     0.0256     0.0278    99.3073      7.699  0.000e+00
          0    222.436    220.521   44.52470 -125.38778     7.0580     7.0557   3.446114   3.445839    33.9272    33.9264     1.1533     2.3350    6.78985     0.0329     0.0278    99.3073      7.699  0.000e+00
          0    222.496    220.581   44.52470 -125.38778     7.0581     7.0556   3.446121   3.445858    33.9271    33.9267     1.1533     2.3354    6.78983     0.0256     0.0278    99.3073      7.699  0.000e+00
          0    222.549    220.633   44.52470 -125.38778     7.0582     7.0556   3.446108   3.445827    33.9269    33.9264     1.1545     2.3399    6.78983     0.0329     0.0267    99.3339      7.699  0.000e+00
          0    222.436    220.521   44.52470 -125.38778     7.0581     7.0557   3.446141   3.445839    33.9274    33.9264     1.1533     2.3353    6.78982     0.0256     0.0278    99.3073      7.703  0.000e+00
          0    222.549    220.633   44.52470 -125.38778     7.0583     7.0556   3.446141   3.445858    33.9272    33.9267     1.1533     2.3356    6.78981     0.0256     0.0278    99.3073      7.699  0.000e+00
          0    222.489    220.573   44.52470 -125.38778     7.0585     7.0559   3.446148   3.445888    33.9270    33.9268     1.1533     2.3359    6.78977     0.0329     0.0267    99.3339      7.699  0.000e+00
          0    222.496    220.581   44.52470 -125.38778     7.0581     7.0561   3.446141   3.445839    33.9274    33.9260     1.1533     2.3356    6.78982     0.0256     0.0278    99.3073      7.699  0.000e+00
          0    222.496    220.581   44.52470 -125.38778     7.0582     7.0562   3.446128   3.445858    33.9272    33.9261     1.1533     2.3358    6.78982     0.0256     0.0278    99.3073      7.699  0.000e+00
          0    222.549    220.633   44.52470 -125.38778     7.0583     7.0567   3.446108   3.445919    33.9268    33.9263     1.1533     2.3361    6.78982     0.0256     0.0267    99.3339      7.699  0.000e+00
          0    222.496    220.581   44.52470 -125.38778     7.0583     7.0572   3.446121   3.445931    33.9269    33.9260     1.1545     2.3405    6.78981     0.0256     0.0278    99.3073      7.703  0.000e+00
          0    222.496    220.581   44.52470 -125.38778     7.0581     7.0581   3.446134   3.445980    33.9273    33.9256     1.1533     2.3359    6.78983     0.0256     0.0278    99.3073      7.699  0.000e+00
          0    222.489    220.573   44.52470 -125.38778     7.0582     7.0581   3.446088   3.445980    33.9267    33.9256     1.1533     2.3360    6.78984     0.0329     0.0278    99.3073      7.699  0.000e+00
          0    222.549    220.633   44.52470 -125.38778     7.0583     7.0585   3.446108   3.446059    33.9268    33.9261     1.1533     2.3362    6.78982     0.0256     0.0278    99.3073      7.699  0.000e+00
          0    222.436    220.521   44.52470 -125.38778     7.0580     7.0584   3.446108   3.446071    33.9271    33.9263     1.1533     2.3364    6.78985     0.0256     0.0267    99.3339      7.703  0.000e+00
          0    222.549    220.633   44.52470 -125.38778     7.0580     7.0584   3.446101   3.446041    33.9270    33.9259     1.1533     2.3366    6.78986     0.0329     0.0278    99.3073      7.699  0.000e+00
          0    222.496    220.581   44.52470 -125.38778     7.0580     7.0584   3.446121   3.446029    33.9272    33.9258     1.1545     2.3409    6.78984     0.0256     0.0310    99.2275      7.703  0.000e+00
          0    222.496    220.581   44.52470 -125.38778     7.0583     7.0583   3.446128   3.446041    33.9271    33.9261     1.1533     2.3368    6.78981     0.0256     0.0299    99.2541      7.699  0.000e+00
          0    222.549    220.633   44.52470 -125.38778     7.0583     7.0581   3.446128   3.446041    33.9270    33.9262     1.1533     2.3363    6.78981     0.0329     0.0289    99.2807      7.699  0.000e+00
          0    222.436    220.521   44.52470 -125.38778     7.0588     7.0583   3.446194   3.446029    33.9273    33.9260     1.1533     2.3358    6.78972     0.0256     0.0278    99.3073      7.699  0.000e+00
          0    222.549    220.633   44.52470 -125.38778     7.0588     7.0580   3.446201   3.446010    33.9273    33.9260     1.1545     2.3400    6.78972     0.0256     0.0278    99.3073      7.699  0.000e+00
          0    222.436    220.521   44.52470 -125.38778     7.0589     7.0581   3.446214   3.446010    33.9274    33.9259     1.1533     2.3358    6.78970     0.0329     0.0278    99.3073      7.699  0.000e+00
          0    222.549    220.633   44.52470 -125.38778     7.0593     7.0581   3.446207   3.446029    33.9269    33.9261     1.1533     2.3359    6.78966     0.0256     0.0289    99.2807      7.699  0.000e+00
          0    222.496    220.581   44.52470 -125.38778     7.0594     7.0583   3.446201   3.446010    33.9267    33.9257     1.1533     2.3359    6.78965     0.0256     0.0278    99.3073      7.699  0.000e+00
          0    222.436    220.521   44.52470 -125.38778     7.0597     7.0583   3.446234   3.446010    33.9269    33.9258     1.1533     2.3352    6.78960     0.0329     0.0289    99.2807      7.699  0.000e+00
          0    222.489    220.574   44.52470 -125.38778     7.0599     7.0583   3.446254   3.446059    33.9268    33.9263     1.1533     2.3352    6.78957     0.0256     0.0289    99.2807      7.699  0.000e+00
          0    222.436    220.521   44.52470 -125.38778     7.0598     7.0583   3.446254   3.446010    33.9270    33.9257     1.1533     2.3346    6.78958     0.0256     0.0278    99.3073      7.699  0.000e+00
          0    222.496    220.581   44.52470 -125.38778     7.0599     7.0584   3.446254   3.446041    33.9268    33.9259     1.1533     2.3346    6.78957     0.0329     0.0289    99.2807      7.699  0.000e+00
          0    222.436    220.521   44.52470 -125.38778     7.0600     7.0583   3.446254   3.446059    33.9268    33.9263     1.1533     2.3346    6.78956     0.0256     0.0289    99.2807      7.699  0.000e+00
          0    222.496    220.581   44.52470 -125.38778     7.0598     7.0583   3.446273   3.446010    33.9272    33.9257     1.1533     2.3346    6.78957     0.0256     0.0278    99.3073      7.699  0.000e+00
          0    222.436    220.521   44.52470 -125.38778     7.0598     7.0581   3.446267   3.446041    33.9271    33.9263     1.1533     2.3339    6.78957     0.0182     0.0278    99.3073      7.699  0.000e+00
          0    222.436    220.521   44.52470 -125.38778     7.0599     7.0581   3.446234   3.446029    33.9266    33.9261     1.1533     2.3332    6.78957     0.0182     0.0278    99.3073      7.699  0.000e+00
          0    222.436    220.521   44.52470 -125.38778     7.0598     7.0584   3.446240   3.446010    33.9268    33.9256     1.1521     2.3278    6.78958     0.0182     0.0278    99.3073      7.699  0.000e+00
