AT50-29/CTD Data/AT50-29_CTD-005.ros
* Sea-Bird SBE 9 Data File:
* FileName = C:\data\ctd\at50-29005.hex
* Software Version Seasave V 7.26.7.121
* Temperature SN = 4312
* Conductivity SN = 3521
* Number of Bytes Per Scan = 40
* Number of Voltage Words = 5
* Number of Scans Averaged by the Deck Unit = 1
* NMEA Latitude = 44 31.90 N
* NMEA Longitude = 125 22.82 W
* NMEA UTC (Time) = Aug 23 2024  09:16:46
** Ship: atlantis
** Station: Slope Base
** Operator: JN
# nquan = 20
# nvalues = 2328                                  
# units = specified
# name 0 = modError: Modulo Error Count
# name 1 = prDM: Pressure, Digiquartz [db]
# name 2 = depSM: Depth [salt water, m]
# name 3 = latitude: Latitude [deg]
# name 4 = longitude: Longitude [deg]
# name 5 = t090C: Temperature [ITS-90, deg C]
# name 6 = t190C: Temperature, 2 [ITS-90, deg C]
# name 7 = c0S/m: Conductivity [S/m]
# name 8 = c1S/m: Conductivity, 2 [S/m]
# name 9 = sal00: Salinity, Practical [PSU]
# name 10 = sal11: Salinity, Practical, 2 [PSU]
# name 11 = sbeox0V: Oxygen raw, SBE 43 [V]
# name 12 = sbeox0ML/L: Oxygen, SBE 43 [ml/l]
# name 13 = oxsolML/L: Oxygen Saturation, Garcia & Gordon [ml/l]
# name 14 = flECO-AFL: Fluorescence, WET Labs ECO-AFL/FL [mg/m^3]
# name 15 = CStarAt0: Beam Attenuation, WET Labs C-Star [1/m]
# name 16 = CStarTr0: Beam Transmission, WET Labs C-Star [%]
# name 17 = scan: Scan Count
# name 18 = nbf: Bottles Fired
# name 19 = flag:  0.000e+00
# interval = seconds: 0.0416667
# start_time = Aug 23 2024 09:16:46 [NMEA time, header]
# bad_flag = -9.990e-29
*END*
[from data line 1086]
          0   1518.592   1500.862   44.53166 -125.38040     2.6495     2.6494   3.162908   3.162807    34.5251    34.5240     0.6505     0.7961    7.51266     0.0329     0.0289    99.2807     143757         12  0.000e+00
          0   1518.661   1500.930   44.53166 -125.38040     2.6494     2.6492   3.162915   3.162807    34.5253    34.5241     0.6505     0.7963    7.51268     0.0329     0.0289    99.2807     143758         12  0.000e+00
          0   1518.646   1500.915   44.53166 -125.38040     2.6494     2.6494   3.162902   3.162807    34.5251    34.5240     0.6505     0.7964    7.51269     0.0329     0.0289    99.2807     143759         12  0.000e+00
          0   1518.646   1500.915   44.53166 -125.38040     2.6494     2.6494   3.162889   3.162837    34.5250    34.5243     0.6517     0.8047    7.51270     0.0402     0.0299    99.2541     143760         12  0.000e+00
          0   1518.592   1500.862   44.53166 -125.38040     2.6494     2.6495   3.162895   3.162778    34.5251    34.5235     0.6505     0.7991    7.51269     0.0329     0.0289    99.2807     143761         12  0.000e+00
          0   1518.646   1500.915   44.53166 -125.38040     2.6497     2.6496   3.162915   3.162778    34.5249    34.5233     0.6505     0.7992    7.51264     0.0329     0.0289    99.2807     143762         12  0.000e+00
          0   1518.592   1500.862   44.53166 -125.38040     2.6495     2.6492   3.162889   3.162807    34.5248    34.5242     0.6505     0.7993    7.51268     0.0329     0.0289    99.2807     143763         12  0.000e+00
          0   1518.599   1500.870   44.53166 -125.38040     2.6495     2.6492   3.162870   3.162807    34.5246    34.5242     0.6517     0.8050    7.51269     0.0329     0.0299    99.2541     143764         12  0.000e+00
          0   1518.592   1500.862   44.53166 -125.38040     2.6497     2.6492   3.162908   3.162807    34.5249    34.5242     0.6505     0.7994    7.51264     0.0329     0.0299    99.2541     143765         12  0.000e+00
          0   1518.646   1500.915   44.53166 -125.38040     2.6495     2.6494   3.162921   3.162778    34.5252    34.5236     0.6505     0.7994    7.51266     0.0329     0.0289    99.2807     143766         12  0.000e+00
          0   1518.592   1500.862   44.53166 -125.38040     2.6494     2.6490   3.162928   3.162778    34.5255    34.5240     0.6505     0.7981    7.51267     0.0329     0.0289    99.2807     143767         12  0.000e+00
          0   1518.592   1500.862   44.53166 -125.38040     2.6495     2.6492   3.162928   3.162778    34.5253    34.5238     0.6517     0.8049    7.51265     0.0402     0.0299    99.2541     143768         12  0.000e+00
          0   1518.661   1500.931   44.53166 -125.38040     2.6495     2.6492   3.162928   3.162807    34.5253    34.5241     0.6505     0.7992    7.51265     0.0329     0.0289    99.2807     143769         12  0.000e+00
          0   1518.592   1500.862   44.53166 -125.38040     2.6494     2.6494   3.162908   3.162778    34.5252    34.5236     0.6505     0.7991    7.51269     0.0256     0.0289    99.2807     143770         12  0.000e+00
          0   1518.592   1500.862   44.53166 -125.38040     2.6494     2.6494   3.162915   3.162807    34.5253    34.5240     0.6517     0.8059    7.51268     0.0402     0.0289    99.2807     143771         12  0.000e+00
          0   1518.592   1500.862   44.53166 -125.38040     2.6494     2.6494   3.162902   3.162807    34.5252    34.5240     0.6505     0.8000    7.51269     0.0329     0.0289    99.2807     143772         12  0.000e+00
          0   1518.646   1500.916   44.53166 -125.38040     2.6494     2.6494   3.162895   3.162807    34.5250    34.5240     0.6517     0.8068    7.51269     0.0329     0.0299    99.2541     143773         12  0.000e+00
          0   1518.600   1500.870   44.53166 -125.38040     2.6495     2.6495   3.162895   3.162807    34.5249    34.5238     0.6505     0.8009    7.51267     0.0402     0.0332    99.1744     143774         12  0.000e+00
          0   1518.592   1500.863   44.53166 -125.38040     2.6494     2.6490   3.162915   3.162778    34.5253    34.5240     0.6505     0.8020    7.51268     0.0402     0.0321    99.2009     143775         12  0.000e+00
          0   1518.592   1500.863   44.53166 -125.38040     2.6490     2.6492   3.162889   3.162807    34.5253    34.5242     0.6505     0.8019    7.51274     0.0475     0.0299    99.2541     143776         12  0.000e+00
          0   1518.646   1500.916   44.53166 -125.38040     2.6494     2.6491   3.162883   3.162748    34.5249    34.5236     0.6505     0.8017    7.51270     0.0402     0.0289    99.2807     143777         12  0.000e+00
          0   1518.592   1500.863   44.53166 -125.38040     2.6492     2.6492   3.162889   3.162778    34.5252    34.5238     0.6505     0.8016    7.51272     0.0402     0.0299    99.2541     143778         12  0.000e+00
          0   1518.600   1500.870   44.53166 -125.38040     2.6490     2.6494   3.162895   3.162778    34.5254    34.5236     0.6505     0.8014    7.51274     0.0402     0.0289    99.2807     143779         12  0.000e+00
          0   1518.646   1500.916   44.53166 -125.38040     2.6490     2.6494   3.162876   3.162807    34.5252    34.5240     0.6505     0.8026    7.51275     0.0402     0.0299    99.2541     143780         12  0.000e+00
          0   1518.592   1500.863   44.53166 -125.38040     2.6490     2.6492   3.162870   3.162778    34.5251    34.5238     0.6505     0.8024    7.51275     0.0475     0.0299    99.2541     143781         12  0.000e+00
          0   1518.646   1500.916   44.53166 -125.38040     2.6492     2.6494   3.162870   3.162778    34.5249    34.5236     0.6505     0.8023    7.51273     0.0402     0.0289    99.2807     143782         12  0.000e+00
          0   1518.646   1500.916   44.53166 -125.38040     2.6489     2.6492   3.162908   3.162778    34.5257    34.5238     0.6492     0.7940    7.51275     0.0402     0.0299    99.2541     143783         12  0.000e+00
          0   1518.646   1500.916   44.53166 -125.38040     2.6492     2.6497   3.162883   3.162778    34.5251    34.5233     0.6505     0.7996    7.51272     0.0475     0.0289    99.2807     143784         12  0.000e+00
          0   1518.600   1500.870   44.53166 -125.38040     2.6492     2.6492   3.162889   3.162778    34.5252    34.5238     0.6505     0.7995    7.51272     0.0402     0.0299    99.2541     143785         12  0.000e+00
          0   1518.708   1500.977   44.53166 -125.38040     2.6490     2.6494   3.162876   3.162837    34.5251    34.5243     0.6517     0.8063    7.51275     0.0402     0.0299    99.2541     143786         12  0.000e+00
          0   1518.646   1500.916   44.53166 -125.38040     2.6492     2.6494   3.162889   3.162778    34.5251    34.5236     0.6505     0.8005    7.51272     0.0402     0.0299    99.2541     143787         12  0.000e+00
          0   1518.646   1500.916   44.53166 -125.38040     2.6494     2.6492   3.162895   3.162778    34.5250    34.5238     0.6505     0.7990    7.51269     0.0402     0.0299    99.2541     143788         12  0.000e+00
          0   1518.708   1500.977   44.53166 -125.38040     2.6494     2.6494   3.162889   3.162748    34.5249    34.5232     0.6505     0.7988    7.51270     0.0475     0.0299    99.2541     143789         12  0.000e+00
          0   1518.662   1500.931   44.53166 -125.38040     2.6494     2.6494   3.162895   3.162807    34.5250    34.5240     0.6505     0.7986    7.51269     0.0402     0.0289    99.2807     143790         12  0.000e+00
          0   1518.708   1500.977   44.53166 -125.38040     2.6497     2.6494   3.162915   3.162807    34.5249    34.5239     0.6505     0.7984    7.51264     0.0402     0.0289    99.2807     143791         12  0.000e+00
          0   1518.647   1500.916   44.53166 -125.38040     2.6492     2.6494   3.162908   3.162837    34.5254    34.5243     0.6505     0.7982    7.51271     0.0402     0.0289    99.2807     143792         12  0.000e+00
          0   1518.708   1500.977   44.53166 -125.38040     2.6492     2.6494   3.162876   3.162778    34.5250    34.5236     0.6517     0.8049    7.51273     0.0402     0.0299    99.2541     143793         12  0.000e+00
          0   1518.762   1501.030   44.53166 -125.38040     2.6494     2.6494   3.162883   3.162778    34.5248    34.5236     0.6505     0.7990    7.51271     0.0402     0.0332    99.1744     143794         12  0.000e+00
          0   1518.716   1500.985   44.53166 -125.38040     2.6492     2.6495   3.162915   3.162807    34.5254    34.5238     0.6505     0.7987    7.51271     0.0402     0.0321    99.2009     143795         12  0.000e+00
          0   1518.708   1500.977   44.53166 -125.38040     2.6492     2.6495   3.162908   3.162807    34.5253    34.5238     0.6505     0.7997    7.51271     0.0402     0.0299    99.2541     143796         12  0.000e+00
          0   1518.762   1501.030   44.53166 -125.38040     2.6494     2.6495   3.162915   3.162807    34.5252    34.5237     0.6505     0.7995    7.51269     0.0475     0.0289    99.2807     143797         12  0.000e+00
          0   1518.762   1501.030   44.53166 -125.38040     2.6492     2.6494   3.162908   3.162807    34.5253    34.5239     0.6505     0.7993    7.51271     0.0402     0.0278    99.3073     143798         12  0.000e+00
          0   1518.762   1501.030   44.53166 -125.38040     2.6494     2.6495   3.162876   3.162778    34.5248    34.5234     0.6505     0.7978    7.51271     0.0402     0.0289    99.2807     143799         12  0.000e+00
          0   1518.763   1501.030   44.53166 -125.38040     2.6494     2.6495   3.162883   3.162807    34.5248    34.5237     0.6517     0.8045    7.51271     0.0402     0.0289    99.2807     143800         12  0.000e+00
          0   1518.778   1501.046   44.53166 -125.38040     2.6495     2.6495   3.162915   3.162807    34.5250    34.5237     0.6505     0.7985    7.51266     0.0329     0.0289    99.2807     143801         12  0.000e+00
          0   1518.824   1501.091   44.53166 -125.38040     2.6494     2.6490   3.162908   3.162807    34.5251    34.5242     0.6492     0.7913    7.51269     0.0402     0.0289    99.2807     143802         12  0.000e+00
          0   1518.824   1501.091   44.53166 -125.38040     2.6495     2.6491   3.162915   3.162778    34.5250    34.5238     0.6505     0.7954    7.51267     0.0329     0.0278    99.3073     143803         12  0.000e+00
          0   1518.824   1501.091   44.53166 -125.38040     2.6494     2.6489   3.162908   3.162748    34.5251    34.5236     0.6505     0.7951    7.51269     0.0329     0.0289    99.2807     143804         12  0.000e+00
          0   1518.824   1501.091   44.53166 -125.38040     2.6497     2.6490   3.162915   3.162778    34.5249    34.5239     0.6505     0.7947    7.51264     0.0402     0.0289    99.2807     143805         12  0.000e+00
          0   1518.894   1501.160   44.53166 -125.38040     2.6495     2.6489   3.162902   3.162748    34.5248    34.5236     0.6492     0.7875    7.51268     0.0329     0.0289    99.2807     143806         12  0.000e+00
          0   1518.824   1501.091   44.53166 -125.38040     2.6494     2.6490   3.162889   3.162807    34.5249    34.5242     0.6505     0.7929    7.51270     0.0329     0.0289    99.2807     143807         12  0.000e+00
          0   1518.878   1501.145   44.53166 -125.38040     2.6494     2.6489   3.162915   3.162778    34.5252    34.5240     0.6505     0.7927    7.51269     0.0402     0.0289    99.2807     143808         12  0.000e+00
          0   1518.878   1501.145   44.53166 -125.38040     2.6495     2.6492   3.162928   3.162778    34.5251    34.5237     0.6505     0.7937    7.51266     0.0329     0.0289    99.2807     143809         12  0.000e+00
          0   1518.940   1501.205   44.53166 -125.38040     2.6497     2.6492   3.162908   3.162748    34.5247    34.5233     0.6492     0.7866    7.51265     0.0329     0.0289    99.2807     143810         12  0.000e+00
          0   1518.948   1501.213   44.53166 -125.38040     2.6495     2.6491   3.162915   3.162807    34.5250    34.5241     0.6492     0.7852    7.51267     0.0402     0.0289    99.2807     143811         12  0.000e+00
          0   1518.879   1501.145   44.53166 -125.38040     2.6494     2.6491   3.162902   3.162778    34.5250    34.5238     0.6505     0.7908    7.51270     0.0329     0.0289    99.2807     143812         12  0.000e+00
          0   1518.940   1501.205   44.53166 -125.38040     2.6492     2.6492   3.162889   3.162807    34.5250    34.5240     0.6517     0.7989    7.51273     0.0402     0.0289    99.2807     143813         12  0.000e+00
          0   1518.940   1501.205   44.53166 -125.38040     2.6490     2.6487   3.162896   3.162778    34.5252    34.5241     0.6505     0.7931    7.51274     0.0329     0.0310    99.2275     143814         12  0.000e+00
          0   1519.002   1501.266   44.53166 -125.38040     2.6490     2.6487   3.162896   3.162778    34.5252    34.5241     0.6505     0.7930    7.51275     0.0329     0.0332    99.1744     143815         12  0.000e+00
          0   1519.002   1501.266   44.53166 -125.38040     2.6490     2.6487   3.162876   3.162778    34.5250    34.5241     0.6492     0.7860    7.51276     0.0402     0.0289    99.2807     143816         12  0.000e+00
          0   1519.010   1501.274   44.53166 -125.38040     2.6487     2.6489   3.162889   3.162778    34.5255    34.5239     0.6505     0.7929    7.51279     0.0329     0.0278    99.3073     143817         12  0.000e+00
          0   1519.056   1501.319   44.53166 -125.38040     2.6489     2.6487   3.162896   3.162748    34.5254    34.5238     0.6505     0.7929    7.51277     0.0329     0.0278    99.3073     143818         12  0.000e+00
          0   1519.002   1501.266   44.53166 -125.38040     2.6487     2.6487   3.162876   3.162778    34.5253    34.5241     0.6505     0.7929    7.51280     0.0402     0.0278    99.3073     143819         12  0.000e+00
          0   1519.056   1501.320   44.53166 -125.38040     2.6486     2.6487   3.162870   3.162748    34.5253    34.5237     0.6505     0.7942    7.51282     0.0329     0.0289    99.2807     143820         12  0.000e+00
          0   1519.056   1501.320   44.53166 -125.38040     2.6486     2.6487   3.162889   3.162748    34.5256    34.5238     0.6505     0.7943    7.51281     0.0329     0.0289    99.2807     143821         12  0.000e+00
          0   1519.126   1501.388   44.53166 -125.38040     2.6487     2.6486   3.162876   3.162778    34.5253    34.5242     0.6492     0.7887    7.51280     0.0402     0.0278    99.3073     143822         12  0.000e+00
          0   1519.056   1501.320   44.53166 -125.38040     2.6489     2.6485   3.162870   3.162778    34.5250    34.5243     0.6505     0.7945    7.51278     0.0329     0.0289    99.2807     143823         12  0.000e+00
          0   1519.118   1501.380   44.53166 -125.38040     2.6485     2.6484   3.162864   3.162748    34.5253    34.5240     0.6505     0.7947    7.51283     0.0402     0.0278    99.3073     143824         12  0.000e+00
          0   1519.118   1501.380   44.53166 -125.38040     2.6486     2.6486   3.162851   3.162778    34.5251    34.5242     0.6505     0.7949    7.51283     0.0402     0.0278    99.3073     143825         12  0.000e+00
          0   1519.172   1501.434   44.53166 -125.38040     2.6484     2.6485   3.162857   3.162778    34.5253    34.5242     0.6505     0.7950    7.51285     0.0402     0.0289    99.2807     143826         12  0.000e+00
          0   1519.118   1501.380   44.53166 -125.38040     2.6485     2.6486   3.162851   3.162748    34.5251    34.5238     0.6505     0.7952    7.51284     0.0402     0.0278    99.3073     143827         12  0.000e+00
          0   1519.187   1501.449   44.53166 -125.38040     2.6486     2.6484   3.162838   3.162748    34.5249    34.5240     0.6505     0.7953    7.51284     0.0402     0.0289    99.2807     143828         12  0.000e+00
