AT50-29/CTD Data/AT50-29_CTD-004.ros
* Sea-Bird SBE 9 Data File:
* FileName = C:\data\ctd\at50-29004.hex
* Software Version Seasave V 7.26.7.121
* Temperature SN = 4312
* Conductivity SN = 3521
* Number of Bytes Per Scan = 40
* Number of Voltage Words = 5
* Number of Scans Averaged by the Deck Unit = 1
* NMEA Latitude = 45 49.60 N
* NMEA Longitude = 129 44.94 W
* NMEA UTC (Time) = Aug 12 2024  01:28:09
** Ship: atlantis
** Station: Axial
** Operator: JN
# nquan = 20
# nvalues = 2328                                  
# units = specified
# name 0 = modError: Modulo Error Count
# name 1 = prDM: Pressure, Digiquartz [db]
# name 2 = depSM: Depth [salt water, m]
# name 3 = latitude: Latitude [deg]
# name 4 = longitude: Longitude [deg]
# name 5 = t090C: Temperature [ITS-90, deg C]
# name 6 = t190C: Temperature, 2 [ITS-90, deg C]
# name 7 = c0S/m: Conductivity [S/m]
# name 8 = c1S/m: Conductivity, 2 [S/m]
# name 9 = sal00: Salinity, Practical [PSU]
# name 10 = sal11: Salinity, Practical, 2 [PSU]
# name 11 = sbeox0V: Oxygen raw, SBE 43 [V]
# name 12 = sbeox0ML/L: Oxygen, SBE 43 [ml/l]
# name 13 = oxsolML/L: Oxygen Saturation, Garcia & Gordon [ml/l]
# name 14 = flECO-AFL: Fluorescence, WET Labs ECO-AFL/FL [mg/m^3]
# name 15 = CStarAt0: Beam Attenuation, WET Labs C-Star [1/m]
# name 16 = CStarTr0: Beam Transmission, WET Labs C-Star [%]
# name 17 = scan: Scan Count
# name 18 = nbf: Bottles Fired
# name 19 = flag:  0.000e+00
# interval = seconds: 0.0416667
# start_time = Aug 12 2024 01:28:09 [NMEA time, header]
# bad_flag = -9.990e-29
*END*
[from data line 145]
          0    222.508    220.566   45.82660 -129.74902     6.5492     6.5469   3.388404   3.388134    33.7931    33.7924     1.4428     3.3764    6.87595     0.0109     0.0418    98.9616      16326          2  0.000e+00
          0    222.561    220.619   45.82660 -129.74902     6.5486     6.5469   3.388437   3.388091    33.7940    33.7918     1.4428     3.3758    6.87599     0.0182     0.0418    98.9616      16327          2  0.000e+00
          0    222.508    220.566   45.82660 -129.74902     6.5486     6.5470   3.388424   3.388121    33.7938    33.7921     1.4415     3.3702    6.87600     0.0109     0.0418    98.9616      16328          2  0.000e+00
          0    222.508    220.566   45.82660 -129.74902     6.5486     6.5469   3.388418   3.388152    33.7938    33.7925     1.4428     3.3739    6.87600     0.0109     0.0418    98.9616      16329          2  0.000e+00
          0    222.561    220.619   45.82660 -129.74902     6.5487     6.5469   3.388411   3.388152    33.7936    33.7926     1.4428     3.3739    6.87600     0.0109     0.0418    98.9616      16330          2  0.000e+00
          0    222.456    220.514   45.82660 -129.74902     6.5485     6.5471   3.388418   3.388170    33.7939    33.7926     1.4440     3.3788    6.87602     0.0109     0.0418    98.9616      16331          2  0.000e+00
          0    222.508    220.567   45.82660 -129.74902     6.5486     6.5472   3.388391   3.388152    33.7935    33.7922     1.4440     3.3795    6.87602     0.0109     0.0428    98.9351      16332          2  0.000e+00
          0    222.456    220.514   45.82660 -129.74902     6.5485     6.5472   3.388404   3.388152    33.7938    33.7923     1.4428     3.3753    6.87603     0.0109     0.0418    98.9616      16333          2  0.000e+00
          0    222.561    220.619   45.82660 -129.74902     6.5485     6.5474   3.388391   3.388121    33.7936    33.7917     1.4428     3.3754    6.87604     0.0182     0.0418    98.9616      16334          2  0.000e+00
          0    222.456    220.514   45.82660 -129.74902     6.5485     6.5471   3.388385   3.388152    33.7936    33.7924     1.4440     3.3804    6.87604     0.0109     0.0418    98.9616      16335          2  0.000e+00
          0    222.456    220.514   45.82660 -129.74902     6.5483     6.5474   3.388378   3.388134    33.7937    33.7919     1.4428     3.3762    6.87606     0.0182     0.0418    98.9616      16336          2  0.000e+00
          0    222.456    220.514   45.82660 -129.74902     6.5482     6.5471   3.388339   3.388182    33.7934    33.7927     1.4428     3.3763    6.87609     0.0109     0.0418    98.9616      16337          2  0.000e+00
          0    222.456    220.514   45.82660 -129.74902     6.5480     6.5472   3.388391   3.388152    33.7941    33.7923     1.4428     3.3759    6.87609     0.0182     0.0450    98.8819      16338          2  0.000e+00
          0    222.509    220.567   45.82660 -129.74902     6.5486     6.5472   3.388418   3.388152    33.7938    33.7922     1.4428     3.3753    6.87600     0.0109     0.0450    98.8819      16339          2  0.000e+00
          0    222.396    220.455   45.82660 -129.74902     6.5488     6.5471   3.388411   3.388133    33.7936    33.7922     1.4428     3.3748    6.87599     0.0109     0.0418    98.9616      16340          2  0.000e+00
          0    222.456    220.514   45.82660 -129.74902     6.5490     6.5469   3.388391   3.388121    33.7932    33.7923     1.4428     3.3750    6.87598     0.0109     0.0418    98.9616      16341          2  0.000e+00
          0    222.396    220.455   45.82660 -129.74902     6.5492     6.5474   3.388424   3.388121    33.7933    33.7918     1.4428     3.3745    6.87593     0.0109     0.0418    98.9616      16342          2  0.000e+00
          0    222.456    220.514   45.82660 -129.74902     6.5490     6.5472   3.388444   3.388121    33.7937    33.7919     1.4428     3.3747    6.87595     0.0109     0.0418    98.9616      16343          2  0.000e+00
          0    222.396    220.455   45.82660 -129.74902     6.5492     6.5474   3.388464   3.388152    33.7938    33.7921     1.4440     3.3797    6.87592     0.0109     0.0418    98.9616      16344          2  0.000e+00
          0    222.456    220.515   45.82660 -129.74902     6.5490     6.5475   3.388404   3.388170    33.7933    33.7922     1.4428     3.3751    6.87597     0.0109     0.0428    98.9351      16345          2  0.000e+00
          0    222.396    220.455   45.82660 -129.74902     6.5490     6.5475   3.388404   3.388182    33.7933    33.7923     1.4440     3.3795    6.87597     0.0109     0.0418    98.9616      16346          2  0.000e+00
          0    222.396    220.455   45.82660 -129.74902     6.5486     6.5477   3.388418   3.388182    33.7938    33.7922     1.4428     3.3748    6.87600     0.0182     0.0428    98.9351      16347          2  0.000e+00
          0    222.396    220.455   45.82660 -129.74902     6.5483     6.5477   3.388391   3.388182    33.7938    33.7922     1.4428     3.3744    6.87605     0.0109     0.0418    98.9616      16348          2  0.000e+00
          0    222.396    220.455   45.82660 -129.74902     6.5486     6.5475   3.388404   3.388212    33.7937    33.7927     1.4428     3.3739    6.87601     0.0182     0.0418    98.9616      16349          2  0.000e+00
          0    222.396    220.455   45.82660 -129.74902     6.5482     6.5474   3.388411   3.388170    33.7942    33.7923     1.4428     3.3734    6.87606     0.0109     0.0418    98.9616      16350          2  0.000e+00
          0    222.396    220.455   45.82660 -129.74902     6.5483     6.5475   3.388391   3.388182    33.7938    33.7923     1.4428     3.3730    6.87605     0.0109     0.0418    98.9616      16351          2  0.000e+00
          0    222.396    220.455   45.82660 -129.74902     6.5488     6.5478   3.388385   3.388152    33.7933    33.7917     1.4440     3.3774    6.87600     0.0109     0.0418    98.9616      16352          2  0.000e+00
          0    222.396    220.455   45.82660 -129.74902     6.5486     6.5480   3.388424   3.388182    33.7939    33.7919     1.4428     3.3726    6.87600     0.0109     0.0418    98.9616      16353          2  0.000e+00
          0    222.343    220.403   45.82660 -129.74902     6.5482     6.5478   3.388398   3.388200    33.7941    33.7922     1.4428     3.3721    6.87606     0.0036     0.0418    98.9616      16354          2  0.000e+00
          0    222.396    220.455   45.82660 -129.74902     6.5483     6.5477   3.388404   3.388212    33.7940    33.7925     1.4428     3.3723    6.87604     0.0109     0.0418    98.9616      16355          2  0.000e+00
          0    222.343    220.403   45.82660 -129.74902     6.5483     6.5474   3.388391   3.388182    33.7939    33.7925     1.4428     3.3725    6.87605     0.0182     0.0428    98.9351      16356          2  0.000e+00
          0    222.396    220.455   45.82660 -129.74902     6.5485     6.5477   3.388378   3.388212    33.7935    33.7925     1.4428     3.3727    6.87604     0.0109     0.0428    98.9351      16357          2  0.000e+00
          0    222.343    220.403   45.82660 -129.74902     6.5483     6.5480   3.388404   3.388182    33.7940    33.7919     1.4428     3.3729    6.87604     0.0182     0.0450    98.8819      16358          2  0.000e+00
          0    222.343    220.403   45.82660 -129.74902     6.5483     6.5477   3.388411   3.388200    33.7941    33.7924     1.4428     3.3732    6.87604     0.0109     0.0461    98.8553      16359          2  0.000e+00
          0    222.396    220.455   45.82660 -129.74902     6.5485     6.5478   3.388437   3.388182    33.7941    33.7920     1.4428     3.3734    6.87600     0.0182     0.0428    98.9351      16360          2  0.000e+00
          0    222.343    220.403   45.82660 -129.74902     6.5483     6.5478   3.388424   3.388182    33.7942    33.7920     1.4428     3.3737    6.87603     0.0109     0.0418    98.9616      16361          2  0.000e+00
          0    222.396    220.455   45.82660 -129.74902     6.5483     6.5478   3.388418   3.388212    33.7941    33.7923     1.4428     3.3741    6.87604     0.0109     0.0418    98.9616      16362          2  0.000e+00
          0    222.396    220.455   45.82660 -129.74902     6.5482     6.5477   3.388391   3.388212    33.7940    33.7925     1.4428     3.3745    6.87607     0.0109     0.0428    98.9351      16363          2  0.000e+00
          0    222.343    220.403   45.82660 -129.74902     6.5483     6.5477   3.388385   3.388170    33.7938    33.7921     1.4440     3.3797    6.87605     0.0109     0.0418    98.9616      16364          2  0.000e+00
          0    222.343    220.403   45.82660 -129.74902     6.5482     6.5478   3.388424   3.388182    33.7944    33.7920     1.4428     3.3758    6.87605     0.0329     0.0428    98.9351      16365          2  0.000e+00
          0    222.396    220.455   45.82660 -129.74902     6.5480     6.5480   3.388444   3.388212    33.7947    33.7922     1.4428     3.3756    6.87606     0.0329     0.0418    98.9616      16366          2  0.000e+00
          0    222.343    220.403   45.82660 -129.74902     6.5480     6.5477   3.388424   3.388212    33.7946    33.7925     1.4440     3.3803    6.87607     0.0402     0.0418    98.9616      16367          2  0.000e+00
          0    222.396    220.455   45.82660 -129.74902     6.5478     6.5478   3.388391   3.388212    33.7943    33.7923     1.4440     3.3813    6.87611     0.0329     0.0418    98.9616      16368          2  0.000e+00
          0    222.343    220.403   45.82660 -129.74902     6.5475     6.5480   3.388378   3.388200    33.7945    33.7921     1.4428     3.3768    6.87615     0.0329     0.0418    98.9616      16369          2  0.000e+00
          0    222.396    220.455   45.82660 -129.74902     6.5473     6.5480   3.388339   3.388182    33.7942    33.7919     1.4440     3.3821    6.87619     0.0329     0.0428    98.9351      16370          2  0.000e+00
          0    222.396    220.455   45.82660 -129.74902     6.5472     6.5478   3.388339   3.388152    33.7944    33.7917     1.4428     3.3782    6.87621     0.0329     0.0418    98.9616      16371          2  0.000e+00
          0    222.343    220.403   45.82660 -129.74902     6.5474     6.5477   3.388352   3.388212    33.7944    33.7925     1.4428     3.3779    6.87618     0.0329     0.0428    98.9351      16372          2  0.000e+00
          0    222.396    220.455   45.82660 -129.74902     6.5473     6.5478   3.388371   3.388170    33.7946    33.7919     1.4428     3.3777    6.87617     0.0329     0.0418    98.9616      16373          2  0.000e+00
          0    222.396    220.455   45.82660 -129.74902     6.5472     6.5478   3.388385   3.388152    33.7949    33.7917     1.4428     3.3775    6.87618     0.0402     0.0428    98.9351      16374          2  0.000e+00
          0    202.197    200.442   45.82662 -129.74902     6.7020     6.7112   3.399037   3.399410    33.7699    33.7650     1.5237     3.6438    6.85276     0.0182     0.0450    98.8819      20355          3  0.000e+00
          0    202.144    200.390   45.82662 -129.74902     6.7021     6.7111   3.399070   3.399440    33.7702    33.7654     1.5249     3.6488    6.85273     0.0256     0.0439    98.9085      20356          3  0.000e+00
          0    202.144    200.390   45.82662 -129.74902     6.7020     6.7105   3.399064   3.399440    33.7703    33.7660     1.5237     3.6440    6.85274     0.0182     0.0450    98.8819      20357          3  0.000e+00
          0    202.144    200.390   45.82662 -129.74902     6.7026     6.7107   3.399090   3.399471    33.7699    33.7662     1.5237     3.6440    6.85266     0.0256     0.0461    98.8553      20358          3  0.000e+00
          0    202.144    200.390   45.82662 -129.74902     6.7032     6.7112   3.399103   3.399440    33.7695    33.7654     1.5237     3.6440    6.85258     0.0182     0.0482    98.8021      20359          3  0.000e+00
          0    202.197    200.442   45.82662 -129.74902     6.7038     6.7126   3.399156   3.399471    33.7695    33.7642     1.5237     3.6446    6.85249     0.0256     0.0450    98.8819      20360          3  0.000e+00
          0    202.182    200.428   45.82662 -129.74902     6.7045     6.7135   3.399196   3.399501    33.7693    33.7638     1.5224     3.6390    6.85240     0.0182     0.0418    98.9616      20361          3  0.000e+00
          0    202.145    200.390   45.82662 -129.74902     6.7052     6.7135   3.399182   3.399531    33.7684    33.7641     1.5237     3.6426    6.85232     0.0182     0.0428    98.9351      20362          3  0.000e+00
          0    202.197    200.443   45.82662 -129.74902     6.7055     6.7138   3.399255   3.399531    33.7689    33.7638     1.5237     3.6425    6.85226     0.0182     0.0428    98.9351      20363          3  0.000e+00
          0    202.145    200.390   45.82662 -129.74902     6.7061     6.7145   3.399275   3.399586    33.7685    33.7637     1.5237     3.6417    6.85217     0.0182     0.0418    98.9616      20364          3  0.000e+00
          0    202.197    200.443   45.82662 -129.74902     6.7067     6.7158   3.399268   3.399622    33.7679    33.7628     1.5237     3.6415    6.85211     0.0182     0.0428    98.9351      20365          3  0.000e+00
          0    202.197    200.443   45.82662 -129.74902     6.7066     6.7162   3.399308   3.399653    33.7684    33.7628     1.5237     3.6407    6.85210     0.0182     0.0428    98.9351      20366          3  0.000e+00
          0    202.197    200.443   45.82662 -129.74902     6.7074     6.7157   3.399360   3.399653    33.7682    33.7633     1.5224     3.6349    6.85198     0.0182     0.0418    98.9616      20367          3  0.000e+00
          0    202.145    200.390   45.82662 -129.74902     6.7076     6.7154   3.399314   3.399653    33.7675    33.7636     1.5237     3.6395    6.85198     0.0182     0.0428    98.9351      20368          3  0.000e+00
          0    202.243    200.488   45.82662 -129.74902     6.7082     6.7145   3.399314   3.399653    33.7668    33.7644     1.5237     3.6393    6.85191     0.0256     0.0418    98.9616      20369          3  0.000e+00
          0    202.198    200.443   45.82662 -129.74902     6.7082     6.7151   3.399367   3.399653    33.7674    33.7639     1.5237     3.6383    6.85189     0.0182     0.0428    98.9351      20370          3  0.000e+00
          0    202.198    200.443   45.82662 -129.74902     6.7081     6.7155   3.399400   3.399622    33.7679    33.7631     1.5237     3.6374    6.85188     0.0256     0.0418    98.9616      20371          3  0.000e+00
          0    202.198    200.443   45.82662 -129.74902     6.7084     6.7159   3.399393   3.399622    33.7676    33.7627     1.5237     3.6370    6.85186     0.0182     0.0428    98.9351      20372          3  0.000e+00
          0    202.198    200.443   45.82662 -129.74902     6.7092     6.7162   3.399387   3.399683    33.7667    33.7631     1.5237     3.6372    6.85176     0.0256     0.0418    98.9616      20373          3  0.000e+00
          0    202.258    200.503   45.82662 -129.74902     6.7094     6.7157   3.399433   3.399647    33.7670    33.7632     1.5237     3.6374    6.85172     0.0182     0.0428    98.9351      20374          3  0.000e+00
          0    202.198    200.443   45.82662 -129.74902     6.7095     6.7154   3.399453   3.399653    33.7671    33.7636     1.5237     3.6369    6.85169     0.0256     0.0428    98.9351      20375          3  0.000e+00
          0    202.198    200.443   45.82662 -129.74902     6.7099     6.7152   3.399486   3.399592    33.7671    33.7631     1.5237     3.6371    6.85163     0.0182     0.0428    98.9351      20376          3  0.000e+00
          0    202.243    200.488   45.82662 -129.74902     6.7118     6.7152   3.399486   3.399592    33.7652    33.7630     1.5237     3.6372    6.85142     0.0182     0.0428    98.9351      20377          3  0.000e+00
