AT50-29/CTD Data/AT50-29_CTD-004.ros
* Sea-Bird SBE 9 Data File:
* FileName = C:\data\ctd\at50-29004.hex
* Software Version Seasave V 7.26.7.121
* Temperature SN = 4312
* Conductivity SN = 3521
* Number of Bytes Per Scan = 40
* Number of Voltage Words = 5
* Number of Scans Averaged by the Deck Unit = 1
* NMEA Latitude = 45 49.60 N
* NMEA Longitude = 129 44.94 W
* NMEA UTC (Time) = Aug 12 2024  01:28:09
** Ship: atlantis
** Station: Axial
** Operator: JN
# nquan = 20
# nvalues = 2328                                  
# units = specified
# name 0 = modError: Modulo Error Count
# name 1 = prDM: Pressure, Digiquartz [db]
# name 2 = depSM: Depth [salt water, m]
# name 3 = latitude: Latitude [deg]
# name 4 = longitude: Longitude [deg]
# name 5 = t090C: Temperature [ITS-90, deg C]
# name 6 = t190C: Temperature, 2 [ITS-90, deg C]
# name 7 = c0S/m: Conductivity [S/m]
# name 8 = c1S/m: Conductivity, 2 [S/m]
# name 9 = sal00: Salinity, Practical [PSU]
# name 10 = sal11: Salinity, Practical, 2 [PSU]
# name 11 = sbeox0V: Oxygen raw, SBE 43 [V]
# name 12 = sbeox0ML/L: Oxygen, SBE 43 [ml/l]
# name 13 = oxsolML/L: Oxygen Saturation, Garcia & Gordon [ml/l]
# name 14 = flECO-AFL: Fluorescence, WET Labs ECO-AFL/FL [mg/m^3]
# name 15 = CStarAt0: Beam Attenuation, WET Labs C-Star [1/m]
# name 16 = CStarTr0: Beam Transmission, WET Labs C-Star [%]
# name 17 = scan: Scan Count
# name 18 = nbf: Bottles Fired
# name 19 = flag:  0.000e+00
# interval = seconds: 0.0416667
# start_time = Aug 12 2024 01:28:09 [NMEA time, header]
# bad_flag = -9.990e-29
*END*
[from data line 1448]
          0     82.325     81.635   45.82662 -129.74904     9.5725     9.5713   3.521634   3.521398    32.4217    32.4204     2.4163     6.2292    6.48038     0.6043     0.0655    98.3767      51060         15  0.000e+00
          0     82.318     81.627   45.82662 -129.74904     9.5727     9.5713   3.521628   3.521392    32.4215    32.4203     2.4163     6.2287    6.48037     0.6043     0.0655    98.3767      51061         15  0.000e+00
          0     82.326     81.635   45.82662 -129.74904     9.5726     9.5713   3.521594   3.521361    32.4213    32.4200     2.4163     6.2287    6.48040     0.6043     0.0655    98.3767      51062         15  0.000e+00
          0     82.326     81.635   45.82662 -129.74904     9.5727     9.5713   3.521621   3.521368    32.4214    32.4201     2.4176     6.2330    6.48037     0.5970     0.0655    98.3767      51063         15  0.000e+00
          0     82.326     81.635   45.82662 -129.74904     9.5727     9.5708   3.521621   3.521392    32.4214    32.4208     2.4163     6.2290    6.48037     0.5970     0.0655    98.3767      51064         15  0.000e+00
          0     82.378     81.687   45.82662 -129.74904     9.5722     9.5705   3.521574   3.521423    32.4214    32.4214     2.4176     6.2334    6.48045     0.6043     0.0655    98.3767      51065         15  0.000e+00
          0     82.326     81.635   45.82662 -129.74904     9.5720     9.5706   3.521554   3.521337    32.4213    32.4204     2.4163     6.2289    6.48047     0.6043     0.0655    98.3767      51066         15  0.000e+00
          0     82.242     81.552   45.82662 -129.74904     9.5700     9.5716   3.521327   3.521368    32.4209    32.4199     2.4151     6.2196    6.48078     0.6409     0.0665    98.3501      51591         16  0.000e+00
          0     82.062     81.373   45.82662 -129.74904     9.5697     9.5718   3.521307   3.521423    32.4210    32.4203     2.4139     6.2149    6.48082     0.6409     0.0687    98.2969      51592         16  0.000e+00
          0     82.129     81.440   45.82662 -129.74904     9.5702     9.5721   3.521320   3.521392    32.4207    32.4197     2.4139     6.2141    6.48076     0.6409     0.0709    98.2438      51593         16  0.000e+00
          0     82.130     81.440   45.82662 -129.74904     9.5703     9.5724   3.521354   3.521466    32.4210    32.4201     2.4139     6.2135    6.48074     0.6409     0.0687    98.2969      51594         16  0.000e+00
          0     82.182     81.493   45.82662 -129.74904     9.5702     9.5729   3.521360   3.521392    32.4210    32.4190     2.4139     6.2129    6.48074     0.6409     0.0665    98.3501      51595         16  0.000e+00
          0     82.062     81.373   45.82662 -129.74904     9.5702     9.5726   3.521313   3.521423    32.4206    32.4196     2.4139     6.2122    6.48076     0.6409     0.0665    98.3501      51596         16  0.000e+00
          0     82.130     81.441   45.82662 -129.74904     9.5695     9.5723   3.521207   3.521528    32.4201    32.4209     2.4151     6.2162    6.48088     0.6409     0.0665    98.3501      51597         16  0.000e+00
          0     82.077     81.388   45.82662 -129.74904     9.5689     9.5719   3.521126   3.521484    32.4199    32.4208     2.4139     6.2118    6.48098     0.6409     0.0665    98.3501      51598         16  0.000e+00
          0     82.130     81.441   45.82662 -129.74904     9.5682     9.5718   3.521106   3.521392    32.4203    32.4200     2.4151     6.2163    6.48105     0.6409     0.0676    98.3235      51599         16  0.000e+00
          0     82.009     81.321   45.82662 -129.74904     9.5675     9.5705   3.521106   3.521429    32.4210    32.4216     2.4139     6.2119    6.48113     0.6409     0.0665    98.3501      51600         16  0.000e+00
          0     82.017     81.329   45.82662 -129.74904     9.5677     9.5693   3.521133   3.521331    32.4211    32.4216     2.4151     6.2159    6.48110     0.5970     0.0676    98.3235      51601         16  0.000e+00
          0     82.077     81.389   45.82662 -129.74904     9.5679     9.5690   3.521187   3.521201    32.4214    32.4206     2.4139     6.2116    6.48106     0.5677     0.0665    98.3501      51602         16  0.000e+00
          0     82.017     81.329   45.82662 -129.74904     9.5680     9.5692   3.521200   3.521152    32.4214    32.4199     2.4139     6.2112    6.48103     0.5604     0.0665    98.3501      51603         16  0.000e+00
          0     82.010     81.322   45.82662 -129.74904     9.5682     9.5695   3.521200   3.521171    32.4213    32.4198     2.4151     6.2152    6.48102     0.5677     0.0665    98.3501      51604         16  0.000e+00
          0     82.017     81.329   45.82662 -129.74904     9.5679     9.5701   3.521160   3.521171    32.4212    32.4193     2.4139     6.2111    6.48106     0.5677     0.0665    98.3501      51605         16  0.000e+00
          0     81.965     81.277   45.82662 -129.74904     9.5679     9.5708   3.521160   3.521214    32.4212    32.4191     2.4151     6.2157    6.48107     0.5677     0.0665    98.3501      51606         16  0.000e+00
          0     82.017     81.329   45.82662 -129.74904     9.5679     9.5712   3.521126   3.521263    32.4209    32.4193     2.4139     6.2121    6.48108     0.5677     0.0665    98.3501      51607         16  0.000e+00
          0     82.010     81.322   45.82662 -129.74904     9.5679     9.5708   3.521126   3.521294    32.4209    32.4199     2.4139     6.2119    6.48108     0.5750     0.0665    98.3501      51608         16  0.000e+00
          0     81.965     81.277   45.82662 -129.74904     9.5674     9.5699   3.521100   3.521306    32.4210    32.4208     2.4151     6.2162    6.48115     0.5750     0.0665    98.3501      51609         16  0.000e+00
          0     81.905     81.217   45.82662 -129.74904     9.5674     9.5692   3.521120   3.521263    32.4212    32.4211     2.4151     6.2165    6.48113     0.5750     0.0665    98.3501      51610         16  0.000e+00
          0     81.965     81.277   45.82662 -129.74904     9.5679     9.5693   3.521160   3.521232    32.4212    32.4206     2.4151     6.2169    6.48107     0.5750     0.0676    98.3235      51611         16  0.000e+00
          0     81.957     81.270   45.82662 -129.74904     9.5679     9.5691   3.521166   3.521214    32.4213    32.4206     2.4151     6.2173    6.48107     0.5750     0.0676    98.3235      51612         16  0.000e+00
          0     81.905     81.218   45.82662 -129.74904     9.5677     9.5692   3.521173   3.521171    32.4215    32.4202     2.4151     6.2172    6.48108     0.5750     0.0709    98.2438      51613         16  0.000e+00
          0     81.905     81.218   45.82662 -129.74904     9.5675     9.5687   3.521166   3.521201    32.4216    32.4209     2.4139     6.2133    6.48110     0.5750     0.0687    98.2969      51614         16  0.000e+00
          0     81.905     81.218   45.82662 -129.74904     9.5676     9.5687   3.521146   3.521152    32.4214    32.4204     2.4139     6.2138    6.48110     0.5750     0.0655    98.3767      51615         16  0.000e+00
          0     81.958     81.270   45.82662 -129.74904     9.5677     9.5690   3.521140   3.521140    32.4211    32.4200     2.4151     6.2183    6.48109     0.5677     0.0665    98.3501      51616         16  0.000e+00
          0     81.852     81.166   45.82662 -129.74904     9.5680     9.5687   3.521160   3.521109    32.4211    32.4200     2.4151     6.2187    6.48105     0.5677     0.0665    98.3501      51617         16  0.000e+00
          0     81.905     81.218   45.82662 -129.74904     9.5682     9.5690   3.521186   3.521121    32.4212    32.4198     2.4139     6.2149    6.48102     0.5677     0.0665    98.3501      51618         16  0.000e+00
          0     81.905     81.218   45.82662 -129.74904     9.5684     9.5688   3.521220   3.521171    32.4214    32.4205     2.4151     6.2194    6.48099     0.5677     0.0665    98.3501      51619         16  0.000e+00
          0     81.845     81.158   45.82662 -129.74904     9.5687     9.5693   3.521233   3.521140    32.4212    32.4197     2.4151     6.2199    6.48094     0.5677     0.0665    98.3501      51620         16  0.000e+00
          0     81.905     81.218   45.82662 -129.74904     9.5686     9.5690   3.521213   3.521121    32.4211    32.4198     2.4139     6.2163    6.48097     0.5604     0.0655    98.3767      51621         16  0.000e+00
          0     81.853     81.166   45.82662 -129.74904     9.5687     9.5693   3.521160   3.521171    32.4205    32.4200     2.4151     6.2208    6.48098     0.5604     0.0655    98.3767      51622         16  0.000e+00
          0     81.853     81.166   45.82662 -129.74904     9.5689     9.5693   3.521180   3.521171    32.4206    32.4201     2.4139     6.2171    6.48095     0.5604     0.0655    98.3767      51623         16  0.000e+00
          0     81.898     81.211   45.82662 -129.74904     9.5689     9.5692   3.521180   3.521183    32.4205    32.4203     2.4151     6.2218    6.48095     0.5604     0.0665    98.3501      51624         16  0.000e+00
          0     81.853     81.166   45.82662 -129.74904     9.5689     9.5693   3.521213   3.521201    32.4209    32.4204     2.4151     6.2226    6.48094     0.5677     0.0665    98.3501      51625         16  0.000e+00
          0     81.853     81.166   45.82662 -129.74904     9.5693     9.5688   3.521213   3.521140    32.4206    32.4202     2.4163     6.2277    6.48090     0.5604     0.0655    98.3767      51626         16  0.000e+00
          0     81.853     81.166   45.82662 -129.74904     9.5690     9.5690   3.521200   3.521121    32.4206    32.4199     2.4163     6.2290    6.48093     0.5677     0.0655    98.3767      51627         16  0.000e+00
          0     81.845     81.159   45.82662 -129.74904     9.5689     9.5688   3.521227   3.521109    32.4210    32.4199     2.4163     6.2303    6.48093     0.5677     0.0655    98.3767      51628         16  0.000e+00
          0     81.853     81.166   45.82662 -129.74904     9.5689     9.5688   3.521240   3.521109    32.4212    32.4199     2.4163     6.2310    6.48093     0.5750     0.0655    98.3767      51629         16  0.000e+00
          0     81.853     81.166   45.82662 -129.74904     9.5685     9.5690   3.521213   3.521121    32.4212    32.4199     2.4163     6.2323    6.48097     0.5750     0.0655    98.3767      51630         16  0.000e+00
          0     81.853     81.166   45.82662 -129.74904     9.5684     9.5688   3.521220   3.521140    32.4214    32.4202     2.4163     6.2331    6.48099     0.5750     0.0655    98.3767      51631         16  0.000e+00
          0     81.845     81.159   45.82662 -129.74904     9.5682     9.5687   3.521193   3.521109    32.4213    32.4200     2.4151     6.2295    6.48101     0.5750     0.0655    98.3767      51632         16  0.000e+00
          0     81.853     81.166   45.82662 -129.74904     9.5679     9.5682   3.521173   3.521121    32.4214    32.4206     2.4151     6.2298    6.48106     0.5750     0.0698    98.2704      51633         16  0.000e+00
          0     81.853     81.166   45.82662 -129.74904     9.5679     9.5683   3.521166   3.521109    32.4213    32.4204     2.4163     6.2344    6.48106     0.5750     0.0687    98.2969      51634         16  0.000e+00
          0     81.853     81.166   45.82662 -129.74904     9.5679     9.5679   3.521166   3.521109    32.4213    32.4208     2.4163     6.2347    6.48106     0.5750     0.0665    98.3501      51635         16  0.000e+00
          0     81.846     81.159   45.82662 -129.74904     9.5677     9.5677   3.521166   3.521121    32.4215    32.4210     2.4163     6.2353    6.48108     0.5750     0.0665    98.3501      51636         16  0.000e+00
          0     81.801     81.114   45.82662 -129.74904     9.5679     9.5681   3.521173   3.521109    32.4214    32.4205     2.4151     6.2310    6.48106     0.5750     0.0665    98.3501      51637         16  0.000e+00
          0     81.906     81.219   45.82662 -129.74904     9.5679     9.5687   3.521186   3.521109    32.4215    32.4200     2.4151     6.2313    6.48106     0.5750     0.0665    98.3501      51638         16  0.000e+00
          0     81.801     81.114   45.82662 -129.74904     9.5680     9.5692   3.521200   3.521152    32.4215    32.4200     2.4151     6.2313    6.48103     0.5750     0.0665    98.3501      51639         16  0.000e+00
          0     81.898     81.211   45.82662 -129.74904     9.5685     9.5695   3.521180   3.521171    32.4208    32.4199     2.4151     6.2315    6.48099     0.5750     0.0665    98.3501      51640         16  0.000e+00
          0     81.853     81.167   45.82662 -129.74904     9.5682     9.5699   3.521213   3.521201    32.4215    32.4198     2.4151     6.2312    6.48101     0.5750     0.0665    98.3501      51641         16  0.000e+00
          0     81.853     81.167   45.82662 -129.74904     9.5682     9.5698   3.521213   3.521244    32.4215    32.4204     2.4163     6.2352    6.48101     0.5750     0.0665    98.3501      51642         16  0.000e+00
          0     81.853     81.167   45.82662 -129.74904     9.5680     9.5702   3.521180   3.521201    32.4213    32.4196     2.4163     6.2353    6.48104     0.5750     0.0665    98.3501      51643         16  0.000e+00
          0     81.846     81.159   45.82662 -129.74904     9.5682     9.5703   3.521153   3.521263    32.4209    32.4201     2.4151     6.2310    6.48103     0.5750     0.0665    98.3501      51644         16  0.000e+00
          0     81.906     81.219   45.82662 -129.74904     9.5679     9.5706   3.521207   3.521244    32.4217    32.4197     2.4151     6.2306    6.48105     0.5750     0.0665    98.3501      51645         16  0.000e+00
          0     81.906     81.219   45.82662 -129.74904     9.5679     9.5707   3.521186   3.521263    32.4215    32.4198     2.4151     6.2306    6.48106     0.5750     0.0665    98.3501      51646         16  0.000e+00
          0     81.906     81.219   45.82662 -129.74904     9.5679     9.5707   3.521166   3.521263    32.4213    32.4198     2.4151     6.2301    6.48107     0.5750     0.0655    98.3767      51647         16  0.000e+00
          0     81.801     81.115   45.82662 -129.74904     9.5680     9.5708   3.521153   3.521275    32.4211    32.4198     2.4163     6.2344    6.48105     0.5750     0.0665    98.3501      51648         16  0.000e+00
          0     81.959     81.271   45.82662 -129.74904     9.5679     9.5705   3.521146   3.521263    32.4211    32.4199     2.4163     6.2345    6.48107     0.5750     0.0655    98.3767      51649         16  0.000e+00
          0     81.906     81.219   45.82662 -129.74904     9.5679     9.5708   3.521140   3.521294    32.4210    32.4199     2.4163     6.2349    6.48108     0.5750     0.0665    98.3501      51650         16  0.000e+00
          0     81.906     81.219   45.82662 -129.74904     9.5680     9.5705   3.521180   3.521306    32.4213    32.4204     2.4151     6.2304    6.48104     0.5750     0.0665    98.3501      51651         16  0.000e+00
          0     81.906     81.219   45.82662 -129.74904     9.5680     9.5708   3.521180   3.521294    32.4213    32.4200     2.4151     6.2298    6.48104     0.6043     0.0665    98.3501      51652         16  0.000e+00
          0     81.959     81.271   45.82662 -129.74904     9.5680     9.5708   3.521193   3.521294    32.4214    32.4199     2.4163     6.2341    6.48103     0.6190     0.0698    98.2704      51653         16  0.000e+00
          0     81.906     81.219   45.82662 -129.74904     9.5680     9.5713   3.521200   3.521337    32.4215    32.4199     2.4163     6.2339    6.48103     0.6263     0.0698    98.2704      51654         16  0.000e+00
          0     81.906     81.219   45.82662 -129.74904     9.5682     9.5716   3.521200   3.521361    32.4214    32.4200     2.4151     6.2298    6.48102     0.6263     0.0665    98.3501      51655         16  0.000e+00
