AT50-29/CTD Data/AT50-29_CTD-002.ros
* Sea-Bird SBE 9 Data File:
* FileName = C:\data\ctd\at50-29002.hex
* Software Version Seasave V 7.26.7.121
* Temperature SN = 4312
* Conductivity SN = 3521
* Number of Bytes Per Scan = 40
* Number of Voltage Words = 5
* Number of Scans Averaged by the Deck Unit = 1
* NMEA Latitude = 44 31.48 N
* NMEA Longitude = 125 23.27 W
* NMEA UTC (Time) = Aug 09 2024  19:36:49
** Ship: atlantis
** Station: Slope Base
** Operator: MW
# nquan = 21
# nvalues = 2328                                  
# units = specified
# name 0 = modError: Modulo Error Count
# name 1 = prDM: Pressure, Digiquartz [db]
# name 2 = depSM: Depth [salt water, m]
# name 3 = latitude: Latitude [deg]
# name 4 = longitude: Longitude [deg]
# name 5 = t090C: Temperature [ITS-90, deg C]
# name 6 = t190C: Temperature, 2 [ITS-90, deg C]
# name 7 = c0S/m: Conductivity [S/m]
# name 8 = c1S/m: Conductivity, 2 [S/m]
# name 9 = sal00: Salinity, Practical [PSU]
# name 10 = sal11: Salinity, Practical, 2 [PSU]
# name 11 = sbeox0V: Oxygen raw, SBE 43 [V]
# name 12 = sbeox0ML/L: Oxygen, SBE 43 [ml/l]
# name 13 = oxsolML/L: Oxygen Saturation, Garcia & Gordon [ml/l]
# name 14 = flECO-AFL: Fluorescence, WET Labs ECO-AFL/FL [mg/m^3]
# name 15 = CStarAt0: Beam Attenuation, WET Labs C-Star [1/m]
# name 16 = CStarTr0: Beam Transmission, WET Labs C-Star [%]
# name 17 = ph: pH
# name 18 = scan: Scan Count
# name 19 = nbf: Bottles Fired
# name 20 = flag:  0.000e+00
# interval = seconds: 0.0416667
# start_time = Aug 09 2024 19:36:49 [NMEA time, header]
# bad_flag = -9.990e-29
*END*
[from data line 138]
          0    222.215    220.303   44.52470 -125.38778     7.0588     7.0584   3.446147   3.446041    33.9269    33.9261     1.1547     2.3368    6.78974     0.0402     0.0278    99.3073      7.703      19625          2  0.000e+00
          0    222.276    220.363   44.52470 -125.38778     7.0587     7.0581   3.446161   3.445980    33.9271    33.9257     1.1535     2.3320    6.78975     0.0402     0.0289    99.2807      7.703      19626          2  0.000e+00
          0    222.215    220.303   44.52470 -125.38778     7.0588     7.0580   3.446121   3.445967    33.9266    33.9257     1.1547     2.3368    6.78975     0.0402     0.0278    99.3073      7.703      19627          2  0.000e+00
          0    222.276    220.363   44.52470 -125.38778     7.0585     7.0581   3.446101   3.445980    33.9266    33.9257     1.1535     2.3321    6.78979     0.0402     0.0289    99.2807      7.699      19628          2  0.000e+00
          0    222.276    220.363   44.52470 -125.38778     7.0586     7.0581   3.446121   3.445980    33.9268    33.9257     1.1547     2.3369    6.78977     0.0475     0.0278    99.3073      7.699      19629          2  0.000e+00
          0    222.276    220.363   44.52470 -125.38778     7.0583     7.0584   3.446147   3.445967    33.9273    33.9252     1.1547     2.3375    6.78979     0.0402     0.0278    99.3073      7.703      19630          2  0.000e+00
          0    222.329    220.415   44.52470 -125.38778     7.0588     7.0582   3.446141   3.446010    33.9268    33.9259     1.1547     2.3381    6.78975     0.0402     0.0289    99.2807      7.703      19631          2  0.000e+00
          0    222.276    220.363   44.52470 -125.38778     7.0584     7.0577   3.446134   3.446041    33.9271    33.9268     1.1535     2.3333    6.78979     0.0402     0.0278    99.3073      7.699      19632          2  0.000e+00
          0    222.329    220.415   44.52470 -125.38778     7.0587     7.0578   3.446114   3.445967    33.9266    33.9258     1.1535     2.3333    6.78977     0.0402     0.0278    99.3073      7.703      19633          2  0.000e+00
          0    222.276    220.363   44.52470 -125.38778     7.0583     7.0580   3.446081   3.445949    33.9267    33.9255     1.1535     2.3334    6.78983     0.0402     0.0278    99.3073      7.699      19634          2  0.000e+00
          0    222.381    220.467   44.52470 -125.38778     7.0583     7.0581   3.446108   3.445980    33.9269    33.9256     1.1535     2.3329    6.78981     0.0402     0.0289    99.2807      7.703      19635          2  0.000e+00
          0    222.329    220.415   44.52470 -125.38778     7.0581     7.0587   3.446108   3.445998    33.9271    33.9253     1.1535     2.3323    6.78984     0.0475     0.0289    99.2807      7.699      19636          2  0.000e+00
          0    222.329    220.415   44.52470 -125.38778     7.0582     7.0584   3.446081   3.446010    33.9267    33.9257     1.1547     2.3366    6.78984     0.0402     0.0278    99.3073      7.699      19637          2  0.000e+00
          0    222.329    220.415   44.52470 -125.38778     7.0578     7.0582   3.446068   3.446010    33.9270    33.9259     1.1535     2.3318    6.78989     0.0402     0.0289    99.2807      7.699      19638          2  0.000e+00
          0    222.381    220.467   44.52470 -125.38778     7.0575     7.0573   3.446048   3.446029    33.9270    33.9270     1.1547     2.3367    6.78993     0.0402     0.0278    99.3073      7.703      19639          2  0.000e+00
          0    222.381    220.467   44.52470 -125.38778     7.0571     7.0566   3.446015   3.445919    33.9270    33.9265     1.1547     2.3374    6.78999     0.0402     0.0289    99.2807      7.703      19640          2  0.000e+00
          0    222.381    220.467   44.52470 -125.38778     7.0572     7.0562   3.446002   3.445827    33.9268    33.9259     1.1547     2.3374    6.78999     0.0475     0.0299    99.2541      7.699      19641          2  0.000e+00
          0    222.442    220.527   44.52470 -125.38778     7.0570     7.0559   3.445982   3.445839    33.9268    33.9263     1.1547     2.3381    6.79003     0.0402     0.0321    99.2009      7.703      19642          2  0.000e+00
          0    222.382    220.467   44.52470 -125.38778     7.0570     7.0556   3.445975   3.445827    33.9267    33.9265     1.1535     2.3332    6.79002     0.0475     0.0310    99.2275      7.703      19643          2  0.000e+00
          0    222.442    220.527   44.52470 -125.38778     7.0571     7.0553   3.446022   3.445766    33.9271    33.9261     1.1535     2.3333    6.78999     0.0402     0.0299    99.2541      7.699      19644          2  0.000e+00
          0    222.442    220.527   44.52470 -125.38778     7.0575     7.0556   3.446015   3.445748    33.9266    33.9256     1.1547     2.3375    6.78995     0.0402     0.0299    99.2541      7.703      19645          2  0.000e+00
          0    222.442    220.527   44.52470 -125.38778     7.0573     7.0559   3.446002   3.445766    33.9267    33.9255     1.1535     2.3327    6.78998     0.0329     0.0289    99.2807      7.699      19646          2  0.000e+00
          0    222.382    220.467   44.52470 -125.38778     7.0572     7.0559   3.445982   3.445766    33.9266    33.9255     1.1547     2.3375    6.79000     0.0256     0.0299    99.2541      7.703      19647          2  0.000e+00
          0    222.495    220.579   44.52470 -125.38778     7.0573     7.0560   3.446015   3.445839    33.9268    33.9261     1.1535     2.3334    6.78998     0.0329     0.0299    99.2541      7.699      19648          2  0.000e+00
          0    222.442    220.527   44.52470 -125.38778     7.0570     7.0559   3.445995   3.445827    33.9269    33.9261     1.1535     2.3334    6.79002     0.0256     0.0299    99.2541      7.703      19649          2  0.000e+00
          0    222.442    220.527   44.52470 -125.38778     7.0570     7.0562   3.446015   3.445827    33.9271    33.9258     1.1535     2.3329    6.79001     0.0329     0.0299    99.2541      7.699      19650          2  0.000e+00
          0    222.442    220.527   44.52470 -125.38778     7.0570     7.0561   3.446015   3.445839    33.9271    33.9261     1.1535     2.3323    6.79001     0.0256     0.0299    99.2541      7.703      19651          2  0.000e+00
          0    222.495    220.580   44.52470 -125.38778     7.0568     7.0560   3.446002   3.445827    33.9271    33.9260     1.1535     2.3318    6.79004     0.0256     0.0299    99.2541      7.699      19652          2  0.000e+00
          0    222.495    220.580   44.52470 -125.38778     7.0569     7.0562   3.445982   3.445858    33.9268    33.9261     1.1535     2.3319    6.79004     0.0256     0.0299    99.2541      7.703      19653          2  0.000e+00
          0    222.495    220.580   44.52470 -125.38778     7.0570     7.0557   3.445975   3.445839    33.9267    33.9264     1.1535     2.3320    6.79003     0.0256     0.0299    99.2541      7.699      19654          2  0.000e+00
          0    222.495    220.580   44.52470 -125.38778     7.0569     7.0557   3.445982   3.445797    33.9268    33.9259     1.1535     2.3315    6.79004     0.0329     0.0299    99.2541      7.703      19655          2  0.000e+00
          0    222.555    220.639   44.52470 -125.38778     7.0570     7.0554   3.445995   3.445797    33.9269    33.9262     1.1535     2.3310    6.79002     0.0256     0.0299    99.2541      7.703      19656          2  0.000e+00
          0    222.442    220.527   44.52470 -125.38778     7.0570     7.0554   3.446002   3.445809    33.9269    33.9264     1.1547     2.3359    6.79001     0.0256     0.0299    99.2541      7.703      19657          2  0.000e+00
          0    222.555    220.639   44.52470 -125.38778     7.0570     7.0551   3.446002   3.445736    33.9269    33.9258     1.1547     2.3360    6.79002     0.0256     0.0299    99.2541      7.703      19658          2  0.000e+00
          0    222.555    220.639   44.52470 -125.38778     7.0567     7.0549   3.445982   3.445766    33.9270    33.9264     1.1547     2.3367    6.79006     0.0256     0.0299    99.2541      7.703      19659          2  0.000e+00
          0    222.495    220.580   44.52470 -125.38778     7.0568     7.0548   3.445975   3.445717    33.9268    33.9260     1.1535     2.3320    6.79005     0.0256     0.0299    99.2541      7.703      19660          2  0.000e+00
          0    222.555    220.639   44.52470 -125.38778     7.0568     7.0549   3.445995   3.445736    33.9270    33.9260     1.1547     2.3369    6.79004     0.0256     0.0321    99.2009      7.699      19661          2  0.000e+00
          0    222.495    220.580   44.52470 -125.38778     7.0566     7.0549   3.445962   3.445705    33.9269    33.9257     1.1535     2.3322    6.79008     0.0329     0.0332    99.1744      7.699      19662          2  0.000e+00
          0    222.495    220.580   44.52470 -125.38778     7.0568     7.0556   3.445962   3.445748    33.9267    33.9255     1.1547     2.3364    6.79006     0.0256     0.0289    99.2807      7.703      19663          2  0.000e+00
          0    222.555    220.639   44.52470 -125.38778     7.0566     7.0556   3.445962   3.445766    33.9269    33.9257     1.1547     2.3365    6.79008     0.0256     0.0278    99.3073      7.703      19664          2  0.000e+00
          0    222.555    220.639   44.52470 -125.38778     7.0568     7.0562   3.445949   3.445827    33.9265    33.9257     1.1535     2.3324    6.79006     0.0256     0.0278    99.3073      7.703      19665          2  0.000e+00
          0    222.495    220.580   44.52470 -125.38778     7.0566     7.0560   3.445982   3.445809    33.9271    33.9258     1.1547     2.3372    6.79007     0.0256     0.0278    99.3073      7.703      19666          2  0.000e+00
          0    222.555    220.640   44.52470 -125.38778     7.0568     7.0560   3.446002   3.445827    33.9271    33.9259     1.1535     2.3325    6.79004     0.0329     0.0278    99.3073      7.703      19667          2  0.000e+00
          0    222.555    220.640   44.52470 -125.38778     7.0567     7.0562   3.446022   3.445858    33.9274    33.9261     1.1535     2.3325    6.79004     0.0256     0.0278    99.3073      7.703      19668          2  0.000e+00
          0    222.495    220.580   44.52470 -125.38778     7.0571     7.0564   3.446015   3.445870    33.9270    33.9261     1.1535     2.3320    6.79000     0.0329     0.0289    99.2807      7.703      19669          2  0.000e+00
          0    222.555    220.640   44.52470 -125.38778     7.0570     7.0570   3.446022   3.445888    33.9271    33.9256     1.1535     2.3321    6.79000     0.0256     0.0278    99.3073      7.703      19670          2  0.000e+00
          0    222.495    220.580   44.52470 -125.38778     7.0570     7.0573   3.446015   3.445919    33.9271    33.9257     1.1547     2.3364    6.79001     0.0256     0.0278    99.3073      7.703      19671          2  0.000e+00
          0    222.548    220.632   44.52470 -125.38778     7.0574     7.0574   3.446022   3.445900    33.9268    33.9254     1.1535     2.3317    6.78997     0.0329     0.0278    99.3073      7.703      19672          2  0.000e+00
          0    222.555    220.640   44.52470 -125.38778     7.0570     7.0572   3.446015   3.445888    33.9271    33.9255     1.1535     2.3318    6.79001     0.0329     0.0278    99.3073      7.703      19673          2  0.000e+00
          0    222.495    220.580   44.52470 -125.38778     7.0572     7.0577   3.445982   3.445949    33.9265    33.9257     1.1547     2.3367    6.79000     0.0402     0.0278    99.3073      7.703      19674          2  0.000e+00
          0    222.555    220.640   44.52470 -125.38778     7.0573     7.0577   3.446002   3.445931    33.9266    33.9255     1.1535     2.3320    6.78999     0.0329     0.0278    99.3073      7.703      19675          2  0.000e+00
          0    222.548    220.632   44.52470 -125.38778     7.0570     7.0575   3.445988   3.445980    33.9267    33.9261     1.1547     2.3369    6.79002     0.0402     0.0278    99.3073      7.703      19676          2  0.000e+00
          0    222.495    220.580   44.52470 -125.38778     7.0575     7.0577   3.445995   3.445919    33.9264    33.9254     1.1535     2.3322    6.78997     0.0329     0.0278    99.3073      7.703      19677          2  0.000e+00
          0    222.495    220.580   44.52470 -125.38778     7.0575     7.0575   3.446048   3.445931    33.9269    33.9256     1.1547     2.3371    6.78993     0.0329     0.0278    99.3073      7.703      19678          2  0.000e+00
          0    222.548    220.632   44.52470 -125.38778     7.0578     7.0575   3.446068   3.445949    33.9269    33.9258     1.1535     2.3330    6.78990     0.0329     0.0278    99.3073      7.703      19679          2  0.000e+00
          0    222.556    220.640   44.52470 -125.38778     7.0580     7.0573   3.446068   3.445888    33.9266    33.9253     1.1547     2.3380    6.78987     0.0329     0.0278    99.3073      7.703      19680          2  0.000e+00
          0    202.247    200.516   44.52470 -125.38778     7.3283     7.3269   3.467227   3.466954    33.9021    33.9005     1.2173     2.5284    6.74913     0.0475     0.0353    99.1212      7.722      26391          3  0.000e+00
          0    202.307    200.576   44.52470 -125.38778     7.3284     7.3269   3.467227   3.466954    33.9020    33.9005     1.2185     2.5322    6.74911     0.0549     0.0332    99.1744      7.726      26392          3  0.000e+00
          0    202.194    200.464   44.52470 -125.38778     7.3284     7.3272   3.467207   3.466954    33.9018    33.9002     1.2185     2.5324    6.74913     0.0549     0.0332    99.1744      7.726      26393          3  0.000e+00
          0    202.240    200.509   44.52470 -125.38778     7.3283     7.3274   3.467181   3.466954    33.9016    33.9001     1.2185     2.5327    6.74915     0.0475     0.0321    99.2009      7.722      26394          3  0.000e+00
          0    202.247    200.516   44.52470 -125.38778     7.3279     7.3277   3.467168   3.467015    33.9018    33.9004     1.2185     2.5330    6.74920     0.0475     0.0321    99.2009      7.726      26395          3  0.000e+00
          0    202.247    200.516   44.52470 -125.38778     7.3277     7.3277   3.467168   3.467015    33.9020    33.9004     1.2185     2.5338    6.74922     0.0475     0.0321    99.2009      7.726      26396          3  0.000e+00
          0    202.194    200.464   44.52470 -125.38778     7.3278     7.3282   3.467194   3.467045    33.9023    33.9003     1.2173     2.5293    6.74920     0.0475     0.0332    99.1744      7.726      26397          3  0.000e+00
          0    202.194    200.464   44.52470 -125.38778     7.3280     7.3283   3.467214   3.467058    33.9023    33.9003     1.2185     2.5338    6.74916     0.0475     0.0332    99.1744      7.726      26398          3  0.000e+00
          0    202.247    200.516   44.52470 -125.38778     7.3283     7.3282   3.467214   3.467076    33.9020    33.9006     1.2185     2.5340    6.74913     0.0475     0.0332    99.1744      7.726      26399          3  0.000e+00
          0    202.194    200.464   44.52470 -125.38778     7.3284     7.3280   3.467214   3.467045    33.9019    33.9004     1.2185     2.5337    6.74912     0.0475     0.0332    99.1744      7.726      26400          3  0.000e+00
          0    202.195    200.464   44.52470 -125.38778     7.3285     7.3279   3.467227   3.467045    33.9019    33.9006     1.2185     2.5340    6.74910     0.0475     0.0332    99.1744      7.726      26401          3  0.000e+00
          0    202.179    200.449   44.52470 -125.38778     7.3284     7.3279   3.467227   3.467015    33.9020    33.9003     1.2185     2.5342    6.74911     0.0329     0.0332    99.1744      7.726      26402          3  0.000e+00
