AT50-29/CTD Data/AT50-29_CTD-007.ros
* Sea-Bird SBE 9 Data File:
* FileName = C:\data\ctd\at50-29007.hex
* Software Version Seasave V 7.26.7.121
* Temperature SN = 4312
* Conductivity SN = 3521
* Number of Bytes Per Scan = 40
* Number of Voltage Words = 5
* Number of Scans Averaged by the Deck Unit = 1
* NMEA Latitude = 45 49.58 N
* NMEA Longitude = 129 45.80 W
* NMEA UTC (Time) = Aug 29 2024  22:36:03
** Ship: atlantis
** Station: Axial Base
** Operator: JN
# nquan = 20
# nvalues = 2328                                  
# units = specified
# name 0 = modError: Modulo Error Count
# name 1 = prDM: Pressure, Digiquartz [db]
# name 2 = depSM: Depth [salt water, m]
# name 3 = latitude: Latitude [deg]
# name 4 = longitude: Longitude [deg]
# name 5 = t090C: Temperature [ITS-90, deg C]
# name 6 = t190C: Temperature, 2 [ITS-90, deg C]
# name 7 = c0S/m: Conductivity [S/m]
# name 8 = c1S/m: Conductivity, 2 [S/m]
# name 9 = sal00: Salinity, Practical [PSU]
# name 10 = sal11: Salinity, Practical, 2 [PSU]
# name 11 = sbeox0V: Oxygen raw, SBE 43 [V]
# name 12 = sbeox0ML/L: Oxygen, SBE 43 [ml/l]
# name 13 = oxsolML/L: Oxygen Saturation, Garcia & Gordon [ml/l]
# name 14 = flECO-AFL: Fluorescence, WET Labs ECO-AFL/FL [mg/m^3]
# name 15 = CStarAt0: Beam Attenuation, WET Labs C-Star [1/m]
# name 16 = CStarTr0: Beam Transmission, WET Labs C-Star [%]
# name 17 = scan: Scan Count
# name 18 = nbf: Bottles Fired
# name 19 = flag:  0.000e+00
# interval = seconds: 0.0416667
# start_time = Aug 29 2024 22:36:03 [NMEA time, header]
# bad_flag = -9.990e-29
*END*
[from data line 2245]
          0    202.547    200.789   45.82640 -129.76326     7.0256     7.0303   3.433014   3.433312    33.8253    33.8239     1.3882     3.1414    6.79945     0.0256     0.0353    99.1212     206767         24  0.000e+00
          0    202.472    200.715   45.82640 -129.76326     7.0266     7.0301   3.433093   3.433343    33.8252    33.8244     1.3882     3.1416    6.79930     0.0256     0.0353    99.1212     206768         24  0.000e+00
          0    202.547    200.789   45.82640 -129.76326     7.0271     7.0305   3.433146   3.433282    33.8253    33.8234     1.3870     3.1377    6.79922     0.0256     0.0353    99.1212     206769         24  0.000e+00
          0    202.487    200.730   45.82640 -129.76326     7.0275     7.0305   3.433126   3.433343    33.8246    33.8241     1.3870     3.1373    6.79918     0.0256     0.0364    99.0946     206770         24  0.000e+00
          0    202.578    200.819   45.82640 -129.76326     7.0276     7.0306   3.433173   3.433343    33.8251    33.8239     1.3870     3.1371    6.79915     0.0256     0.0353    99.1212     206771         24  0.000e+00
          0    202.487    200.730   45.82640 -129.76326     7.0279     7.0306   3.433232   3.433343    33.8254    33.8240     1.3870     3.1367    6.79908     0.0329     0.0353    99.1212     206772         24  0.000e+00
          0    202.548    200.790   45.82640 -129.76326     7.0283     7.0305   3.433285   3.433312    33.8256    33.8238     1.3882     3.1412    6.79901     0.0329     0.0353    99.1212     206773         24  0.000e+00
          0    202.578    200.819   45.82640 -129.76326     7.0291     7.0298   3.433331   3.433312    33.8253    33.8244     1.3870     3.1366    6.79891     0.0256     0.0342    99.1478     206774         24  0.000e+00
          0    202.548    200.790   45.82640 -129.76326     7.0295     7.0293   3.433351   3.433312    33.8252    33.8249     1.3882     3.1411    6.79885     0.0256     0.0353    99.1212     206775         24  0.000e+00
          0    202.487    200.730   45.82640 -129.76326     7.0297     7.0285   3.433371   3.433190    33.8252    33.8244     1.3870     3.1365    6.79881     0.0256     0.0353    99.1212     206776         24  0.000e+00
          0    202.578    200.820   45.82640 -129.76326     7.0301     7.0285   3.433365   3.433221    33.8247    33.8247     1.3882     3.1409    6.79878     0.0182     0.0353    99.1212     206777         24  0.000e+00
          0    202.548    200.790   45.82640 -129.76326     7.0308     7.0282   3.433351   3.433221    33.8239    33.8250     1.3870     3.1363    6.79870     0.0182     0.0353    99.1212     206778         24  0.000e+00
          0    202.600    200.842   45.82640 -129.76326     7.0310     7.0275   3.433384   3.433160    33.8240    33.8249     1.3882     3.1407    6.79866     0.0182     0.0353    99.1212     206779         24  0.000e+00
          0    202.487    200.730   45.82640 -129.76326     7.0311     7.0277   3.433417   3.433160    33.8243    33.8248     1.3870     3.1361    6.79863     0.0182     0.0353    99.1212     206780         24  0.000e+00
          0    202.578    200.820   45.82640 -129.76326     7.0312     7.0280   3.433411   3.433068    33.8241    33.8235     1.3870     3.1357    6.79863     0.0182     0.0353    99.1212     206781         24  0.000e+00
          0    202.548    200.790   45.82640 -129.76326     7.0319     7.0282   3.433398   3.433099    33.8233    33.8237     1.3870     3.1347    6.79856     0.0256     0.0364    99.0946     206782         24  0.000e+00
          0    202.548    200.790   45.82640 -129.76326     7.0318     7.0280   3.433384   3.433099    33.8233    33.8238     1.3870     3.1336    6.79858     0.0256     0.0396    99.0148     206783         24  0.000e+00
          0    202.578    200.820   45.82640 -129.76326     7.0320     7.0275   3.433358   3.433160    33.8227    33.8250     1.3870     3.1332    6.79856     0.0182     0.0375    99.0680     206784         24  0.000e+00
          0    202.548    200.790   45.82640 -129.76326     7.0315     7.0272   3.433265   3.433129    33.8222    33.8249     1.3882     3.1382    6.79866     0.0182     0.0364    99.0946     206785         24  0.000e+00
          0    202.548    200.790   45.82640 -129.76326     7.0287     7.0275   3.433272   3.433099    33.8251    33.8244     1.3882     3.1385    6.79898     0.0182     0.0353    99.1212     206786         24  0.000e+00
          0    202.525    200.768   45.82640 -129.76326     7.0255     7.0272   3.433159   3.433099    33.8270    33.8246     1.3895     3.1437    6.79939     0.0182     0.0364    99.0946     206787         24  0.000e+00
          0    202.601    200.842   45.82640 -129.76326     7.0228     7.0272   3.433034   3.433099    33.8282    33.8246     1.3895     3.1452    6.79975     0.0182     0.0364    99.0946     206788         24  0.000e+00
          0    202.488    200.730   45.82640 -129.76326     7.0223     7.0272   3.433001   3.433068    33.8284    33.8243     1.3870     3.1362    6.79982     0.0182     0.0353    99.1212     206789         24  0.000e+00
          0    202.525    200.768   45.82640 -129.76326     7.0241     7.0274   3.432829   3.433068    33.8247    33.8241     1.3870     3.1356    6.79971     0.0182     0.0364    99.0946     206790         24  0.000e+00
          0    202.548    200.790   45.82640 -129.76326     7.0236     7.0275   3.432716   3.433099    33.8240    33.8243     1.3882     3.1405    6.79982     0.0256     0.0364    99.0946     206791         24  0.000e+00
          0    202.548    200.790   45.82640 -129.76326     7.0230     7.0279   3.432637   3.433099    33.8237    33.8240     1.3882     3.1406    6.79993     0.0256     0.0364    99.0946     206792         24  0.000e+00
          0    202.488    200.730   45.82640 -129.76326     7.0225     7.0272   3.432650   3.433129    33.8243    33.8250     1.3870     3.1359    6.79997     0.0256     0.0353    99.1212     206793         24  0.000e+00
          0    202.578    200.820   45.82640 -129.76326     7.0225     7.0272   3.432729   3.433099    33.8252    33.8246     1.3882     3.1401    6.79994     0.0256     0.0353    99.1212     206794         24  0.000e+00
          0    202.488    200.730   45.82640 -129.76326     7.0228     7.0279   3.432742   3.433068    33.8251    33.8237     1.3870     3.1353    6.79989     0.0182     0.0353    99.1212     206795         24  0.000e+00
          0    202.548    200.790   45.82640 -129.76326     7.0233     7.0280   3.432795   3.433129    33.8252    33.8241     1.3870     3.1347    6.79982     0.0182     0.0364    99.0946     206796         24  0.000e+00
          0    202.473    200.716   45.82640 -129.76326     7.0233     7.0285   3.432782   3.433190    33.8250    33.8244     1.3870     3.1347    6.79982     0.0182     0.0353    99.1212     206797         24  0.000e+00
          0    202.488    200.730   45.82640 -129.76326     7.0233     7.0285   3.432736   3.433160    33.8245    33.8240     1.3882     3.1389    6.79984     0.0182     0.0364    99.0946     206798         24  0.000e+00
          0    202.435    200.678   45.82640 -129.76326     7.0233     7.0285   3.432729   3.433190    33.8245    33.8244     1.3870     3.1347    6.79985     0.0182     0.0364    99.0946     206799         24  0.000e+00
          0    202.526    200.768   45.82640 -129.76326     7.0232     7.0277   3.432709   3.433190    33.8243    33.8251     1.3882     3.1396    6.79987     0.0182     0.0364    99.0946     206800         24  0.000e+00
          0    202.435    200.678   45.82640 -129.76326     7.0228     7.0272   3.432696   3.433160    33.8246    33.8253     1.3882     3.1396    6.79991     0.0182     0.0364    99.0946     206801         24  0.000e+00
          0    202.488    200.731   45.82640 -129.76326     7.0223     7.0271   3.432703   3.433160    33.8251    33.8255     1.3882     3.1403    6.79997     0.0256     0.0364    99.0946     206802         24  0.000e+00
          0    202.473    200.716   45.82640 -129.76326     7.0223     7.0272   3.432630   3.433099    33.8243    33.8246     1.3882     3.1403    6.80000     0.0329     0.0396    99.0148     206803         24  0.000e+00
          0    202.435    200.678   45.82640 -129.76326     7.0220     7.0267   3.432610   3.433038    33.8245    33.8245     1.3895     3.1451    6.80005     0.0329     0.0375    99.0680     206804         24  0.000e+00
          0    202.435    200.678   45.82640 -129.76326     7.0217     7.0269   3.432584   3.433007    33.8245    33.8240     1.3882     3.1408    6.80010     0.0256     0.0353    99.1212     206805         24  0.000e+00
          0    202.435    200.678   45.82640 -129.76326     7.0217     7.0271   3.432557   3.433007    33.8242    33.8238     1.3870     3.1359    6.80011     0.0256     0.0342    99.1478     206806         24  0.000e+00
          0    202.413    200.656   45.82640 -129.76326     7.0213     7.0279   3.432524   3.433038    33.8242    33.8234     1.3895     3.1455    6.80017     0.0256     0.0342    99.1478     206807         24  0.000e+00
          0    202.375    200.619   45.82640 -129.76326     7.0209     7.0283   3.432511   3.433129    33.8245    33.8239     1.3870     3.1370    6.80022     0.0256     0.0342    99.1478     206808         24  0.000e+00
          0    202.435    200.678   45.82640 -129.76326     7.0207     7.0275   3.432498   3.433129    33.8245    33.8247     1.3882     3.1417    6.80025     0.0256     0.0342    99.1478     206809         24  0.000e+00
          0    202.360    200.604   45.82640 -129.76326     7.0207     7.0274   3.432458   3.433184    33.8241    33.8255     1.3870     3.1374    6.80027     0.0256     0.0342    99.1478     206810         24  0.000e+00
          0    202.375    200.619   45.82640 -129.76326     7.0207     7.0282   3.432498   3.433099    33.8245    33.8237     1.3882     3.1415    6.80025     0.0256     0.0342    99.1478     206811         24  0.000e+00
          0    202.322    200.566   45.82640 -129.76326     7.0205     7.0285   3.432517   3.433221    33.8249    33.8248     1.3882     3.1420    6.80026     0.0329     0.0353    99.1212     206812         24  0.000e+00
          0    202.360    200.604   45.82640 -129.76326     7.0205     7.0285   3.432451   3.433221    33.8242    33.8248     1.3870     3.1372    6.80029     0.0329     0.0342    99.1478     206813         24  0.000e+00
          0    202.375    200.619   45.82640 -129.76326     7.0200     7.0279   3.432425   3.433221    33.8244    33.8254     1.3895     3.1461    6.80036     0.0256     0.0342    99.1478     206814         24  0.000e+00
          0    202.322    200.567   45.82640 -129.76326     7.0200     7.0268   3.432418   3.433160    33.8243    33.8258     1.3895     3.1465    6.80036     0.0256     0.0342    99.1478     206815         24  0.000e+00
          0    202.300    200.544   45.82640 -129.76326     7.0202     7.0264   3.432418   3.433068    33.8241    33.8252     1.3895     3.1475    6.80034     0.0256     0.0342    99.1478     206816         24  0.000e+00
          0    202.322    200.567   45.82640 -129.76326     7.0200     7.0262   3.432398   3.432977    33.8241    33.8243     1.3895     3.1485    6.80037     0.0256     0.0342    99.1478     206817         24  0.000e+00
          0    202.270    200.514   45.82640 -129.76326     7.0199     7.0256   3.432392   3.432916    33.8242    33.8243     1.3895     3.1489    6.80039     0.0256     0.0342    99.1478     206818         24  0.000e+00
          0    202.300    200.544   45.82640 -129.76326     7.0194     7.0255   3.432412   3.432885    33.8249    33.8241     1.3895     3.1492    6.80044     0.0256     0.0342    99.1478     206819         24  0.000e+00
          0    202.270    200.514   45.82640 -129.76326     7.0194     7.0248   3.432359   3.432818    33.8243    33.8240     1.3882     3.1446    6.80046     0.0256     0.0342    99.1478     206820         24  0.000e+00
          0    202.270    200.514   45.82640 -129.76326     7.0187     7.0240   3.432332   3.432849    33.8247    33.8252     1.3882     3.1443    6.80055     0.0256     0.0342    99.1478     206821         24  0.000e+00
          0    202.270    200.514   45.82640 -129.76326     7.0186     7.0242   3.432345   3.432757    33.8250    33.8240     1.3882     3.1445    6.80056     0.0256     0.0353    99.1212     206822         24  0.000e+00
          0    202.194    200.440   45.82640 -129.76326     7.0189     7.0239   3.432405   3.432697    33.8254    33.8236     1.3882     3.1441    6.80049     0.0329     0.0375    99.0680     206823         24  0.000e+00
          0    202.270    200.514   45.82640 -129.76326     7.0191     7.0237   3.432438   3.432697    33.8255    33.8238     1.3895     3.1491    6.80046     0.0329     0.0375    99.0680     206824         24  0.000e+00
          0    202.210    200.455   45.82640 -129.76326     7.0194     7.0240   3.432385   3.432727    33.8247    33.8239     1.3870     3.1396    6.80045     0.0256     0.0342    99.1478     206825         24  0.000e+00
          0    202.195    200.440   45.82640 -129.76326     7.0196     7.0250   3.432405   3.432727    33.8247    33.8229     1.3882     3.1440    6.80042     0.0256     0.0332    99.1744     206826         24  0.000e+00
          0    202.210    200.455   45.82640 -129.76326     7.0194     7.0245   3.432378   3.432818    33.8246    33.8244     1.3870     3.1388    6.80045     0.0256     0.0332    99.1744     206827         24  0.000e+00
          0    202.157    200.402   45.82640 -129.76326     7.0197     7.0238   3.432378   3.432818    33.8243    33.8250     1.3882     3.1431    6.80041     0.0256     0.0342    99.1478     206828         24  0.000e+00
          0    202.134    200.380   45.82640 -129.76326     7.0197     7.0222   3.432405   3.432757    33.8246    33.8260     1.3882     3.1426    6.80040     0.0256     0.0342    99.1478     206829         24  0.000e+00
          0    202.210    200.455   45.82640 -129.76326     7.0196     7.0203   3.432418   3.432575    33.8248    33.8258     1.3870     3.1374    6.80041     0.0256     0.0332    99.1744     206830         24  0.000e+00
          0    202.097    200.343   45.82640 -129.76326     7.0197     7.0193   3.432425   3.432483    33.8248    33.8258     1.3870     3.1363    6.80039     0.0256     0.0332    99.1744     206831         24  0.000e+00
          0    202.195    200.440   45.82640 -129.76326     7.0199     7.0203   3.432405   3.432453    33.8244    33.8245     1.3882     3.1401    6.80038     0.0256     0.0342    99.1478     206832         24  0.000e+00
          0    202.097    200.343   45.82640 -129.76326     7.0200     7.0200   3.432431   3.432453    33.8246    33.8248     1.3895     3.1443    6.80035     0.0329     0.0332    99.1744     206833         24  0.000e+00
          0    202.157    200.403   45.82640 -129.76326     7.0202     7.0185   3.432498   3.432453    33.8251    33.8262     1.3870     3.1354    6.80030     0.0256     0.0332    99.1744     206834         24  0.000e+00
          0    202.082    200.328   45.82640 -129.76326     7.0205     7.0174   3.432517   3.432233    33.8250    33.8250     1.3882     3.1397    6.80025     0.0256     0.0332    99.1744     206835         24  0.000e+00
          0    202.097    200.343   45.82640 -129.76326     7.0207     7.0179   3.432464   3.432203    33.8243    33.8242     1.3870     3.1356    6.80026     0.0256     0.0332    99.1744     206836         24  0.000e+00
          0    202.157    200.403   45.82640 -129.76326     7.0202     7.0177   3.432411   3.432142    33.8241    33.8236     1.3882     3.1406    6.80034     0.0256     0.0332    99.1744     206837         24  0.000e+00
