AT50-29/CTD Data/AT50-29_CTD-001.cnv
* Sea-Bird SBE 9 Data File:
* FileName = C:\data\ctd\at50-29001.hex
* Software Version Seasave V 7.26.7.121
* Temperature SN = 4312
* Conductivity SN = 3521
* Number of Bytes Per Scan = 40
* Number of Voltage Words = 5
* Number of Scans Averaged by the Deck Unit = 1
* NMEA Latitude = 44 22.17 N
* NMEA Longitude = 124 57.68 W
* NMEA UTC (Time) = Aug 09 2024  07:03:31
** Ship: atlantis
** Station: Endurance Offshore
** Operator: JN
** 500 m SW of shallow profiler
# nquan = 19
# nvalues = 17924                                 
# units = specified
# name 0 = modError: Modulo Error Count
# name 1 = prDM: Pressure, Digiquartz [db]
# name 2 = depSM: Depth [salt water, m]
# name 3 = latitude: Latitude [deg]
# name 4 = longitude: Longitude [deg]
# name 5 = t090C: Temperature [ITS-90, deg C]
# name 6 = t190C: Temperature, 2 [ITS-90, deg C]
# name 7 = c0S/m: Conductivity [S/m]
# name 8 = c1S/m: Conductivity, 2 [S/m]
# name 9 = sal00: Salinity, Practical [PSU]
# name 10 = sal11: Salinity, Practical, 2 [PSU]
# name 11 = sbeox0V: Oxygen raw, SBE 43 [V]
# name 12 = sbeox0ML/L: Oxygen, SBE 43 [ml/l]
# name 13 = oxsolML/L: Oxygen Saturation, Garcia & Gordon [ml/l]
# name 14 = flECO-AFL: Fluorescence, WET Labs ECO-AFL/FL [mg/m^3]
# name 15 = CStarAt0: Beam Attenuation, WET Labs C-Star [1/m]
# name 16 = CStarTr0: Beam Transmission, WET Labs C-Star [%]
# name 17 = ph: pH
# name 18 = flag:  0.000e+00
# span 0 =          0,          0                 
# span 1 =      1.104,    222.759                 
# span 2 =      1.095,    220.844                 
# span 3 =   44.36944,   44.36946                 
# span 4 = -124.96138, -124.96134                 
# span 5 =     7.1169,    15.5989                 
# span 6 =     7.1168,    15.5739                 
# span 7 =   3.456553,   4.014201                 
# span 8 =   3.456428,   4.012026                 
# span 9 =    31.8362,    33.9847                 
# span 10 =    31.7272,    33.9836                
# span 11 =     0.8994,     2.6667                
# span 12 =     1.4468,     6.6828                
# span 13 =    5.73030,    6.77818                
# span 14 =     0.0109,     1.7545                
# span 15 =     0.0407,     0.3861                
# span 16 =    90.7991,    98.9882                
# span 17 =      7.580,      8.254                
# span 18 = 0.0000e+00, 0.0000e+00                
# interval = seconds: 0.0416667
# start_time = Aug 09 2024 07:03:31 [NMEA time, header]
# bad_flag = -9.990e-29
*END*
[from data line 2972]
          0     11.058     10.969   44.36946 -124.96136    12.2036    12.2085   3.726493   3.727345    32.1640    32.1679     2.5348     5.9196    6.13432     1.2637     0.3026    92.7134      8.222  0.000e+00
          0     11.058     10.969   44.36946 -124.96136    12.2024    12.2073   3.726390   3.727288    32.1640    32.1684     2.5372     5.9354    6.13447     1.2637     0.3026    92.7134      8.222  0.000e+00
          0     11.073     10.984   44.36946 -124.96136    12.2021    12.2050   3.726356   3.727282    32.1640    32.1704     2.5385     5.9484    6.13452     1.2563     0.3026    92.7134      8.226  0.000e+00
          0     11.118     11.028   44.36946 -124.96136    12.2021    12.2022   3.726315   3.727150    32.1636    32.1715     2.5409     5.9660    6.13453     1.2637     0.3026    92.7134      8.222  0.000e+00
          0     11.118     11.028   44.36946 -124.96136    12.2016    12.2012   3.726233   3.726885    32.1632    32.1698     2.5397     5.9731    6.13461     1.2563     0.3038    92.6868      8.222  0.000e+00
          0     11.186     11.095   44.36946 -124.96136    12.2011    12.2017   3.726131   3.726860    32.1627    32.1691     2.5409     5.9885    6.13470     1.2563     0.3026    92.7134      8.217  0.000e+00
          0     11.118     11.028   44.36946 -124.96136    12.2009    12.2015   3.726117   3.726759    32.1627    32.1683     2.5421     6.0045    6.13472     1.2637     0.3026    92.7134      8.222  0.000e+00
          0     11.231     11.140   44.36946 -124.96136    12.2004    12.2009   3.726069   3.726759    32.1626    32.1688     2.5433     6.0216    6.13478     1.2637     0.3072    92.6071      8.222  0.000e+00
          0     11.283     11.192   44.36946 -124.96136    12.1984    12.2000   3.725912   3.726659    32.1628    32.1686     2.5446     6.0396    6.13504     1.2563     0.2980    92.8198      8.217  0.000e+00
          0     11.238     11.147   44.36946 -124.96136    12.1954    12.1985   3.725796   3.726627    32.1643    32.1696     2.5458     6.0580    6.13537     1.2563     0.2912    92.9793      8.217  0.000e+00
          0     11.336     11.244   44.36946 -124.96136    12.1926    12.1967   3.725652   3.726527    32.1652    32.1702     2.5482     6.0804    6.13568     1.2637     0.2900    93.0059      8.222  0.000e+00
          0     11.336     11.244   44.36946 -124.96136    12.1915    12.1939   3.725605   3.726363    32.1658    32.1710     2.5482     6.0955    6.13581     1.2563     0.2912    92.9793      8.217  0.000e+00
          0     11.351     11.259   44.36946 -124.96136    12.1908    12.1919   3.725475   3.726269    32.1651    32.1718     2.5495     6.1141    6.13593     1.2563     0.2912    92.9793      8.217  0.000e+00
          0     11.396     11.304   44.36946 -124.96136    12.1887    12.1909   3.725372   3.726168    32.1660    32.1717     2.5519     6.1366    6.13617     1.2637     0.2912    92.9793      8.217  0.000e+00
          0     11.396     11.304   44.36946 -124.96136    12.1888    12.1897   3.725345   3.726099    32.1656    32.1720     2.5531     6.1552    6.13617     1.2637     0.2912    92.9793      8.217  0.000e+00
          0     11.449     11.356   44.36946 -124.96136    12.1886    12.1877   3.725318   3.725967    32.1654    32.1724     2.5531     6.1690    6.13620     1.2563     0.2912    92.9793      8.212  0.000e+00
          0     11.464     11.371   44.36946 -124.96136    12.1871    12.1866   3.725037   3.725803    32.1641    32.1719     2.5556     6.1908    6.13645     1.2637     0.2900    93.0059      8.212  0.000e+00
          0     11.561     11.468   44.36946 -124.96136    12.1820    12.1832   3.724498   3.725709    32.1632    32.1738     2.5568     6.2092    6.13713     1.2637     0.2900    93.0059      8.212  0.000e+00
          0     11.561     11.468   44.36946 -124.96136    12.1733    12.1756   3.723534   3.725507    32.1614    32.1784     2.5580     6.2276    6.13833     1.2563     0.2912    92.9793      8.212  0.000e+00
          0     11.576     11.483   44.36946 -124.96136    12.1565    12.1646   3.721772   3.724985    32.1590    32.1828     2.5604     6.2515    6.14059     1.2563     0.2912    92.9793      8.213  0.000e+00
          0     11.614     11.520   44.36946 -124.96136    12.1293    12.1494   3.718610   3.724230    32.1519    32.1887     2.5629     6.2771    6.14437     1.2637     0.2900    93.0059      8.213  0.000e+00
          0     11.614     11.520   44.36946 -124.96136    12.0860    12.1232   3.714071   3.723136    32.1455    32.2007     2.5629     6.2966    6.15021     1.2710     0.2912    92.9793      8.213  0.000e+00
          0     11.681     11.587   44.36946 -124.96136    12.0273    12.0741   3.709391   3.721607    32.1510    32.2283     2.5665     6.3298    6.15761     1.2637     0.2912    92.9793      8.208  0.000e+00
          0     11.674     11.580   44.36946 -124.96136    11.9909    12.0236   3.707222   3.717482    32.1614    32.2322     2.5665     6.3477    6.16193     1.2710     0.2900    93.0059      8.213  0.000e+00
          0     11.727     11.632   44.36946 -124.96136    11.9710    11.9805   3.705286   3.711668    32.1598    32.2133     2.5690     6.3707    6.16457     1.2783     0.2900    93.0059      8.209  0.000e+00
          0     11.779     11.684   44.36946 -124.96136    11.9157    11.9411   3.699397   3.707151    32.1506    32.2036     2.5702     6.3950    6.17212     1.2710     0.2912    92.9793      8.209  0.000e+00
          0     11.794     11.699   44.36946 -124.96136    11.8310    11.8787   3.691128   3.703974    32.1438    32.2269     2.5714     6.4231    6.18344     1.2710     0.2912    92.9793      8.209  0.000e+00
          0     11.779     11.684   44.36946 -124.96136    11.7433    11.7828   3.682208   3.699594    32.1331    32.2675     2.5727     6.4513    6.19533     1.2710     0.2935    92.9261      8.205  0.000e+00
          0     11.892     11.796   44.36946 -124.96136    11.6461    11.6813   3.673839   3.690756    32.1359    32.2699     2.5751     6.4837    6.20800     1.2783     0.2935    92.9261      8.210  0.000e+00
          0     11.907     11.810   44.36946 -124.96136    11.5616    11.6001   3.666795   3.680323    32.1405    32.2389     2.5751     6.5055    6.21895     1.2637     0.2912    92.9793      8.206  0.000e+00
          0     11.892     11.796   44.36946 -124.96136    11.4798    11.5319   3.660415   3.672467    32.1494    32.2217     2.5763     6.5302    6.22943     1.2637     0.2912    92.9793      8.206  0.000e+00
          0     11.944     11.848   44.36946 -124.96136    11.4135    11.4813   3.655300   3.666956    32.1570    32.2119     2.5788     6.5559    6.23791     1.2710     0.2900    93.0059      8.211  0.000e+00
          0     12.004     11.907   44.36946 -124.96136    11.3583    11.4392   3.651219   3.662998    32.1651    32.2099     2.5800     6.5757    6.24493     1.2710     0.2912    92.9793      8.211  0.000e+00
          0     12.019     11.922   44.36946 -124.96136    11.3155    11.4079   3.648616   3.660599    32.1769    32.2137     2.5800     6.5883    6.25017     1.2637     0.2912    92.9793      8.207  0.000e+00
          0     12.004     11.907   44.36946 -124.96136    11.2905    11.3907   3.647634   3.658299    32.1890    32.2062     2.5812     6.6012    6.25302     1.2710     0.2900    93.0059      8.207  0.000e+00
          0     12.057     11.960   44.36946 -124.96136    11.2842    11.3719   3.647871   3.657200    32.1969    32.2118     2.5836     6.6148    6.25355     1.2710     0.2900    93.0059      8.207  0.000e+00
          0     12.110     12.012   44.36946 -124.96136    11.2869    11.3509   3.648393   3.655807    32.1996    32.2164     2.5849     6.6228    6.25308     1.2637     0.2900    93.0059      8.207  0.000e+00
          0     12.125     12.027   44.36946 -124.96136    11.2880    11.3347   3.648264   3.653933    32.1973    32.2122     2.5861     6.6310    6.25302     1.2637     0.2900    93.0059      8.202  0.000e+00
          0     12.170     12.071   44.36946 -124.96136    11.2843    11.3263   3.647783   3.652416    32.1959    32.2046     2.5885     6.6432    6.25358     1.2710     0.2900    93.0059      8.202  0.000e+00
          0     12.170     12.071   44.36946 -124.96136    11.2788    11.3200   3.647119   3.651542    32.1942    32.2016     2.5885     6.6475    6.25438     1.2710     0.2912    92.9793      8.207  0.000e+00
          0     12.237     12.138   44.36946 -124.96136    11.2698    11.3145   3.646259   3.651092    32.1935    32.2020     2.5898     6.6553    6.25560     1.2710     0.2900    93.0059      8.202  0.000e+00
          0     12.222     12.123   44.36946 -124.96136    11.2624    11.3048   3.645615   3.650687    32.1937    32.2064     2.5910     6.6623    6.25659     1.2637     0.2900    93.0059      8.202  0.000e+00
          0     12.282     12.183   44.36946 -124.96136    11.2575    11.2937   3.645222   3.650187    32.1940    32.2112     2.5910     6.6644    6.25722     1.2710     0.2900    93.0059      8.202  0.000e+00
          0     12.282     12.183   44.36946 -124.96136    11.2534    11.2858   3.644829   3.649120    32.1938    32.2076     2.5934     6.6738    6.25778     1.2710     0.2912    92.9793      8.202  0.000e+00
          0     12.350     12.250   44.36946 -124.96136    11.2498    11.2820   3.644606   3.647997    32.1947    32.1999     2.5922     6.6710    6.25822     1.2637     0.2912    92.9793      8.198  0.000e+00
          0     12.335     12.235   44.36946 -124.96136    11.2477    11.2787   3.644423   3.647510    32.1947    32.1980     2.5934     6.6751    6.25850     1.2710     0.2900    93.0059      8.198  0.000e+00
          0     12.335     12.235   44.36946 -124.96136    11.2453    11.2726   3.644193   3.647285    32.1946    32.2011     2.5946     6.6787    6.25883     1.2783     0.2900    93.0059      8.198  0.000e+00
          0     12.402     12.302   44.36946 -124.96136    11.2430    11.2642   3.643976   3.646605    32.1945    32.2018     2.5959     6.6828    6.25915     1.3442     0.2923    92.9527      8.198  0.000e+00
          0     12.448     12.347   44.36946 -124.96136    11.2422    11.2586   3.643847   3.645476    32.1939    32.1955     2.5959     6.6820    6.25928     1.3882     0.2923    92.9527      8.198  0.000e+00
          0     12.448     12.347   44.36946 -124.96136    11.2410    11.2548   3.643658   3.644765    32.1931    32.1919     2.5946     6.6763    6.25947     1.4028     0.2877    93.0591      8.198  0.000e+00
          0     12.500     12.399   44.36946 -124.96136    11.2393    11.2508   3.643454   3.644340    32.1925    32.1912     2.5959     6.6785    6.25971     1.3882     0.2866    93.0857      8.193  0.000e+00
          0     12.463     12.362   44.36946 -124.96136    11.2378    11.2472   3.643183   3.644091    32.1912    32.1919     2.5959     6.6766    6.25997     1.3882     0.2866    93.0857      8.198  0.000e+00
          0     12.500     12.399   44.36946 -124.96136    11.2344    11.2431   3.642892   3.643885    32.1912    32.1934     2.5959     6.6750    6.26042     1.3882     0.2855    93.1123      8.193  0.000e+00
          0     12.553     12.451   44.36946 -124.96136    11.2323    11.2416   3.642628   3.643767    32.1905    32.1936     2.5959     6.6721    6.26074     1.3955     0.2855    93.1123      8.193  0.000e+00
          0     12.553     12.451   44.36946 -124.96136    11.2307    11.2404   3.642486   3.643760    32.1905    32.1945     2.5946     6.6644    6.26094     1.3882     0.2855    93.1123      8.193  0.000e+00
          0     12.568     12.466   44.36946 -124.96136    11.2296    11.2370   3.642439   3.643767    32.1910    32.1976     2.5946     6.6601    6.26107     1.3882     0.2866    93.0857      8.193  0.000e+00
          0     12.613     12.511   44.36946 -124.96136    11.2287    11.2335   3.642384   3.643561    32.1912    32.1985     2.5946     6.6555    6.26118     1.3955     0.2855    93.1123      8.193  0.000e+00
          0     12.613     12.511   44.36946 -124.96136    11.2282    11.2307   3.642195   3.643155    32.1898    32.1971     2.5946     6.6506    6.26130     1.3955     0.2866    93.0857      8.193  0.000e+00
          0     12.680     12.578   44.36946 -124.96136    11.2248    11.2215   3.641727   3.642931    32.1881    32.2029     2.5946     6.6459    6.26183     1.3882     0.2866    93.0857      8.193  0.000e+00
          0     12.665     12.563   44.36946 -124.96136    11.2191    11.2074   3.641125   3.642594    32.1872    32.2119     2.5946     6.6417    6.26263     1.3955     0.2855    93.1123      8.188  0.000e+00
          0     12.613     12.511   44.36946 -124.96136    11.2137    11.1984   3.640563   3.641515    32.1864    32.2092     2.5934     6.6325    6.26338     1.4028     0.2866    93.0857      8.188  0.000e+00
          0     12.725     12.623   44.36946 -124.96136    11.2092    11.1929   3.640251   3.640624    32.1873    32.2051     2.5934     6.6268    6.26395     1.3882     0.2855    93.1123      8.189  0.000e+00
          0     12.733     12.630   44.36946 -124.96136    11.2056    11.1906   3.640116   3.640137    32.1890    32.2024     2.5946     6.6252    6.26436     1.3882     0.2866    93.0857      8.189  0.000e+00
          0     12.725     12.623   44.36946 -124.96136    11.2038    11.1929   3.640021   3.639875    32.1897    32.1978     2.5934     6.6154    6.26457     1.3955     0.2855    93.1123      8.189  0.000e+00
          0     12.778     12.675   44.36946 -124.96136    11.2024    11.1974   3.639947   3.639782    32.1902    32.1929     2.5946     6.6128    6.26475     1.3955     0.2866    93.0857      8.189  0.000e+00
          0     12.778     12.675   44.36946 -124.96136    11.2008    11.2005   3.639859   3.639969    32.1907    32.1920     2.5934     6.6026    6.26494     1.3882     0.2866    93.0857      8.189  0.000e+00
          0     12.793     12.690   44.36946 -124.96136    11.1997    11.2168   3.639791   3.641072    32.1910    32.1886     2.5934     6.5960    6.26508     1.3955     0.2855    93.1123      8.189  0.000e+00
          0     12.778     12.675   44.36946 -124.96136    11.1994    11.2780   3.639696   3.643928    32.1903    32.1632     2.5922     6.5850    6.26514     1.4028     0.2877    93.0591      8.184  0.000e+00
          0     12.778     12.675   44.36946 -124.96136    11.1982    11.2612   3.639507   3.647217    32.1895    32.2102     2.5922     6.5783    6.26533     1.3882     0.2889    93.0325      8.184  0.000e+00
          0     12.831     12.727   44.36946 -124.96136    11.1968    11.2769   3.639371   3.649233    32.1894    32.2163     2.5922     6.5720    6.26552     1.3882     0.2832    93.1654      8.184  0.000e+00
          0     12.846     12.742   44.36946 -124.96136    11.1947    11.3427   3.639202   3.647540    32.1895    32.1423     2.5922     6.5654    6.26580     1.3955     0.2786    93.2718      8.184  0.000e+00
          0     12.831     12.727   44.36946 -124.96136    11.1928    11.4607   3.639013   3.651834    32.1893    32.0818     2.5922     6.5597    6.26606     1.3955     0.2798    93.2452      8.184  0.000e+00
          0     12.891     12.786   44.36946 -124.96136    11.1912    11.5221   3.638782   3.660079    32.1885    32.1089     2.5910     6.5494    6.26631     1.4322     0.2798    93.2452      8.184  0.000e+00
          0     12.891     12.786   44.36946 -124.96136    11.1897    11.5634   3.638681   3.665329    32.1888    32.1243     2.5910     6.5434    6.26650     1.5274     0.2798    93.2452      8.184  0.000e+00
          0     12.906     12.801   44.36946 -124.96136    11.1893    11.6166   3.638728   3.666661    32.1896    32.0912     2.5910     6.5372    6.26652     1.5713     0.2798    93.2452      8.179  0.000e+00
