AT50-29/CTD Data/AT50-29_CTD-001.cnv
* Sea-Bird SBE 9 Data File:
* FileName = C:\data\ctd\at50-29001.hex
* Software Version Seasave V 7.26.7.121
* Temperature SN = 4312
* Conductivity SN = 3521
* Number of Bytes Per Scan = 40
* Number of Voltage Words = 5
* Number of Scans Averaged by the Deck Unit = 1
* NMEA Latitude = 44 22.17 N
* NMEA Longitude = 124 57.68 W
* NMEA UTC (Time) = Aug 09 2024  07:03:31
** Ship: atlantis
** Station: Endurance Offshore
** Operator: JN
** 500 m SW of shallow profiler
# nquan = 19
# nvalues = 17924                                 
# units = specified
# name 0 = modError: Modulo Error Count
# name 1 = prDM: Pressure, Digiquartz [db]
# name 2 = depSM: Depth [salt water, m]
# name 3 = latitude: Latitude [deg]
# name 4 = longitude: Longitude [deg]
# name 5 = t090C: Temperature [ITS-90, deg C]
# name 6 = t190C: Temperature, 2 [ITS-90, deg C]
# name 7 = c0S/m: Conductivity [S/m]
# name 8 = c1S/m: Conductivity, 2 [S/m]
# name 9 = sal00: Salinity, Practical [PSU]
# name 10 = sal11: Salinity, Practical, 2 [PSU]
# name 11 = sbeox0V: Oxygen raw, SBE 43 [V]
# name 12 = sbeox0ML/L: Oxygen, SBE 43 [ml/l]
# name 13 = oxsolML/L: Oxygen Saturation, Garcia & Gordon [ml/l]
# name 14 = flECO-AFL: Fluorescence, WET Labs ECO-AFL/FL [mg/m^3]
# name 15 = CStarAt0: Beam Attenuation, WET Labs C-Star [1/m]
# name 16 = CStarTr0: Beam Transmission, WET Labs C-Star [%]
# name 17 = ph: pH
# name 18 = flag:  0.000e+00
# span 0 =          0,          0                 
# span 1 =      1.104,    222.759                 
# span 2 =      1.095,    220.844                 
# span 3 =   44.36944,   44.36946                 
# span 4 = -124.96138, -124.96134                 
# span 5 =     7.1169,    15.5989                 
# span 6 =     7.1168,    15.5739                 
# span 7 =   3.456553,   4.014201                 
# span 8 =   3.456428,   4.012026                 
# span 9 =    31.8362,    33.9847                 
# span 10 =    31.7272,    33.9836                
# span 11 =     0.8994,     2.6667                
# span 12 =     1.4468,     6.6828                
# span 13 =    5.73030,    6.77818                
# span 14 =     0.0109,     1.7545                
# span 15 =     0.0407,     0.3861                
# span 16 =    90.7991,    98.9882                
# span 17 =      7.580,      8.254                
# span 18 = 0.0000e+00, 0.0000e+00                
# interval = seconds: 0.0416667
# start_time = Aug 09 2024 07:03:31 [NMEA time, header]
# bad_flag = -9.990e-29
*END*
          0     11.779     11.683   44.36946 -124.96136    11.8637    11.8787   3.695194   3.698450    32.1548    32.1734     2.6166     6.4674    6.17873     1.2710     0.2820    93.1920      8.176  0.000e+00
          0     11.763     11.668   44.36946 -124.96136    11.8661    11.8557   3.695779   3.697208    32.1585    32.1813     2.6166     6.4669    6.17828     1.2856     0.2820    93.1920      8.176  0.000e+00
          0     11.876     11.780   44.36946 -124.96136    11.8685    11.8434   3.695977   3.694473    32.1583    32.1654     2.6154     6.4626    6.17798     1.2710     0.2820    93.1920      8.176  0.000e+00
          0     11.824     11.728   44.36946 -124.96136    11.8697    11.8298   3.695922   3.692378    32.1568    32.1569     2.6154     6.4620    6.17789     1.2783     0.2820    93.1920      8.172  0.000e+00
          0     11.839     11.743   44.36946 -124.96136    11.8697    11.8179   3.695732   3.691438    32.1549    32.1581     2.6154     6.4618    6.17796     1.2783     0.2809    93.2186      8.176  0.000e+00
          0     11.876     11.780   44.36946 -124.96136    11.8684    11.8310   3.695255   3.690723    32.1514    32.1398     2.6142     6.4577    6.17826     1.2710     0.2820    93.1920      8.172  0.000e+00
          0     11.824     11.728   44.36946 -124.96136    11.8632    11.8545   3.694131   3.691274    32.1450    32.1248     2.6154     6.4620    6.17918     1.2783     0.2809    93.2186      8.176  0.000e+00
          0     11.891     11.795   44.36946 -124.96136    11.8545    11.8636   3.692299   3.693657    32.1347    32.1400     2.6154     6.4635    6.18072     1.2637     0.2820    93.1920      8.176  0.000e+00
          0     11.876     11.780   44.36946 -124.96136    11.8388    11.8719   3.690468   3.695545    32.1306    32.1511     2.6142     6.4616    6.18294     1.2710     0.2832    93.1654      8.172  0.000e+00
          0     11.876     11.780   44.36946 -124.96136    11.8224    11.8822   3.688739   3.696172    32.1280    32.1483     2.6142     6.4634    6.18518     1.2710     0.2855    93.1123      8.177  0.000e+00
          0     11.929     11.832   44.36946 -124.96136    11.8019    11.8875   3.687167   3.696787    32.1305    32.1497     2.6129     6.4617    6.18776     1.2637     0.2843    93.1388      8.172  0.000e+00
          0     11.944     11.847   44.36946 -124.96136    11.7843    11.8873   3.685908   3.697503    32.1335    32.1567     2.6129     6.4632    6.18995     1.2710     0.2820    93.1920      8.177  0.000e+00
          0     11.929     11.832   44.36946 -124.96136    11.7677    11.8782   3.684772   3.697735    32.1368    32.1669     2.6142     6.4686    6.19200     1.2637     0.2820    93.1920      8.172  0.000e+00
          0     11.929     11.832   44.36946 -124.96136    11.7498    11.8746   3.683235   3.696982    32.1374    32.1627     2.6129     6.4667    6.19432     1.2710     0.2820    93.1920      8.172  0.000e+00
          0     11.891     11.795   44.36946 -124.96136    11.7297    11.8797   3.682038   3.695840    32.1432    32.1473     2.6129     6.4685    6.19673     1.2710     0.2820    93.1920      8.172  0.000e+00
          0     11.989     11.892   44.36946 -124.96136    11.7194    11.8860   3.681453   3.695972    32.1463    32.1431     2.6117     6.4651    6.19795     1.2637     0.2820    93.1920      8.172  0.000e+00
          0     11.989     11.892   44.36946 -124.96136    11.7120    11.8907   3.680786   3.696461    32.1463    32.1438     2.6117     6.4650    6.19892     1.2710     0.2809    93.2186      8.172  0.000e+00
          0     11.929     11.832   44.36946 -124.96136    11.7021    11.8930   3.679868   3.696756    32.1460    32.1447     2.6129     6.4695    6.20024     1.2710     0.2832    93.1654      8.172  0.000e+00
          0     12.004     11.907   44.36946 -124.96136    11.6915    11.8865   3.678869   3.697145    32.1455    32.1540     2.6117     6.4664    6.20166     1.2710     0.2820    93.1920      8.173  0.000e+00
          0     11.989     11.892   44.36946 -124.96136    11.6800    11.8875   3.678176   3.696555    32.1486    32.1474     2.6117     6.4670    6.20303     1.2710     0.2820    93.1920      8.173  0.000e+00
          0     12.041     11.944   44.36946 -124.96136    11.6720    11.8784   3.677761   3.696104    32.1516    32.1509     2.6117     6.4673    6.20398     1.2710     0.2832    93.1654      8.173  0.000e+00
          0     11.944     11.847   44.36946 -124.96136    11.6662    11.8694   3.677421   3.695941    32.1533    32.1571     2.6105     6.4630    6.20467     1.2710     0.2820    93.1920      8.173  0.000e+00
          0     12.041     11.944   44.36946 -124.96136    11.6615    11.8505   3.677142   3.695251    32.1546    32.1667     2.6117     6.4667    6.20523     1.2637     0.2820    93.1920      8.173  0.000e+00
          0     12.041     11.944   44.36946 -124.96136    11.6568    11.8495   3.676911   3.694310    32.1564    32.1585     2.6093     6.4585    6.20578     1.2710     0.2809    93.2186      8.173  0.000e+00
          0     11.989     11.892   44.36946 -124.96136    11.6558    11.8588   3.676728   3.693852    32.1555    32.1460     2.6105     6.4614    6.20595     1.2710     0.2832    93.1654      8.173  0.000e+00
          0     12.056     11.959   44.36946 -124.96136    11.6540    11.8558   3.676490   3.694015    32.1548    32.1502     2.6105     6.4609    6.20622     1.2710     0.2820    93.1920      8.173  0.000e+00
          0     12.041     11.944   44.36946 -124.96136    11.6516    11.8519   3.676422   3.693494    32.1562    32.1485     2.6093     6.4562    6.20648     1.2637     0.2820    93.1920      8.173  0.000e+00
          0     12.041     11.944   44.36946 -124.96136    11.6511    11.8575   3.676381   3.693363    32.1562    32.1424     2.6105     6.4593    6.20654     1.2637     0.2820    93.1920      8.173  0.000e+00
          0     12.056     11.959   44.36946 -124.96136    11.6498    11.8648   3.676259   3.693820    32.1562    32.1405     2.6093     6.4548    6.20672     1.2710     0.2820    93.1920      8.173  0.000e+00
          0     12.094     11.996   44.36946 -124.96136    11.6483    11.8714   3.676034   3.694209    32.1553    32.1386     2.6093     6.4542    6.20695     1.2637     0.2855    93.1123      8.173  0.000e+00
          0     12.041     11.944   44.36946 -124.96136    11.6469    11.8686   3.675695   3.694441    32.1532    32.1433     2.6093     6.4536    6.20721     1.2710     0.2855    93.1123      8.173  0.000e+00
          0     12.041     11.944   44.36946 -124.96136    11.6435    11.8663   3.675368   3.694636    32.1529    32.1472     2.6093     6.4534    6.20766     1.2783     0.2855    93.1123      8.173  0.000e+00
          0     12.109     12.011   44.36946 -124.96136    11.6383    11.8663   3.674981   3.694567    32.1537    32.1465     2.6081     6.4495    6.20832     1.3223     0.2855    93.1123      8.173  0.000e+00
          0     12.041     11.944   44.36946 -124.96136    11.6306    11.8596   3.674431   3.694372    32.1550    32.1503     2.6093     6.4537    6.20929     1.3369     0.2843    93.1388      8.173  0.000e+00
          0     12.094     11.996   44.36946 -124.96136    11.6195    11.8535   3.673799   3.694435    32.1585    32.1562     2.6093     6.4549    6.21061     1.3296     0.2843    93.1388      8.173  0.000e+00
          0     12.004     11.907   44.36946 -124.96136    11.6081    11.8533   3.673146   3.694761    32.1621    32.1596     2.6081     6.4519    6.21198     1.3369     0.2843    93.1388      8.173  0.000e+00
          0     12.154     12.056   44.36946 -124.96136    11.6059    11.8600   3.672827   3.694993    32.1608    32.1560     2.6093     6.4560    6.21232     1.3296     0.2843    93.1388      8.173  0.000e+00
          0     12.094     11.996   44.36946 -124.96136    11.6076    11.8744   3.672684   3.695219    32.1580    32.1457     2.6093     6.4557    6.21221     1.3369     0.2843    93.1388      8.173  0.000e+00
          0     12.094     11.996   44.36946 -124.96136    11.6087    11.8925   3.672528   3.695683    32.1555    32.1346     2.6093     6.4557    6.21215     1.3296     0.2843    93.1388      8.173  0.000e+00
          0     12.056     11.959   44.36946 -124.96136    11.6084    11.9028   3.672365   3.696555    32.1542    32.1342     2.6081     6.4518    6.21224     1.3442     0.2855    93.1123      8.173  0.000e+00
          0     12.094     11.996   44.36946 -124.96136    11.6076    11.9081   3.672229   3.697666    32.1536    32.1404     2.6081     6.4518    6.21238     1.3296     0.2855    93.1123      8.173  0.000e+00
          0     12.094     11.996   44.36946 -124.96136    11.6072    11.9167   3.672018   3.698481    32.1518    32.1408     2.6081     6.4519    6.21249     1.3296     0.2855    93.1123      8.173  0.000e+00
          0     12.094     11.996   44.36946 -124.96136    11.6045    11.9213   3.671815   3.699203    32.1522    32.1438     2.6081     6.4523    6.21283     1.3369     0.2843    93.1388      8.173  0.000e+00
          0     12.109     12.011   44.36946 -124.96136    11.6020    11.9228   3.671957   3.699755    32.1557    32.1478     2.6081     6.4528    6.21303     1.3296     0.2843    93.1388      8.173  0.000e+00
          0     12.094     11.996   44.36946 -124.96136    11.6000    11.9179   3.672542   3.699918    32.1632    32.1537     2.6068     6.4490    6.21300     1.3369     0.2843    93.1388      8.173  0.000e+00
          0     12.041     11.944   44.36946 -124.96136    11.6089    11.9064   3.674016   3.699398    32.1698    32.1585     2.6068     6.4474    6.21156     1.3296     0.2855    93.1123      8.173  0.000e+00
          0     12.109     12.011   44.36946 -124.96136    11.6492    11.8917   3.676789   3.698419    32.1618    32.1618     2.6068     6.4421    6.20657     1.3442     0.2855    93.1123      8.173  0.000e+00
          0     12.094     11.996   44.36946 -124.96136    11.6795    11.8805   3.679814   3.697277    32.1650    32.1604     2.6056     6.4338    6.20246     1.3296     0.2843    93.1388      8.168  0.000e+00
          0     12.094     11.996   44.36946 -124.96136    11.6980    11.8659   3.681957   3.696493    32.1697    32.1654     2.6068     6.4351    6.19984     1.3296     0.2843    93.1388      8.172  0.000e+00
          0     12.041     11.944   44.36946 -124.96136    11.7188    11.8511   3.683847   3.695840    32.1701    32.1720     2.6068     6.4326    6.19710     1.3369     0.2877    93.0591      8.172  0.000e+00
          0     12.056     11.959   44.36946 -124.96136    11.7481    11.8295   3.685847   3.694404    32.1642    32.1767     2.6068     6.4293    6.19349     1.3369     0.2877    93.0591      8.172  0.000e+00
          0     12.094     11.996   44.36946 -124.96136    11.7675    11.8101   3.685970   3.692153    32.1486    32.1716     2.6056     6.4236    6.19156     1.3442     0.2855    93.1123      8.172  0.000e+00
          0     12.094     11.996   44.36946 -124.96136    11.7522    11.7749   3.685419   3.690165    32.1565    32.1829     2.6056     6.4256    6.19326     1.3296     0.2855    93.1123      8.172  0.000e+00
          0     12.004     11.907   44.36946 -124.96136    11.7529    11.7401   3.685664   3.688160    32.1582    32.1936     2.6056     6.4257    6.19309     1.3442     0.2855    93.1123      8.172  0.000e+00
          0     12.094     11.996   44.36946 -124.96136    11.7690    11.7014   3.686902   3.684926    32.1563    32.1956     2.6056     6.4235    6.19106     1.3369     0.2855    93.1123      8.172  0.000e+00
          0     12.041     11.944   44.36946 -124.96136    11.7914    11.6607   3.688610   3.680485    32.1535    32.1878     2.6044     6.4169    6.18824     1.3369     0.2855    93.1123      8.172  0.000e+00
          0     12.094     11.996   44.36946 -124.96136    11.8051    11.6132   3.689958   3.671853    32.1547    32.1450     2.6056     6.4193    6.18640     1.3369     0.2843    93.1388      8.172  0.000e+00
          0     12.056     11.959   44.36946 -124.96136    11.8164    11.5541   3.690475   3.665529    32.1500    32.1347     2.6068     6.4223    6.18511     1.3296     0.2855    93.1123      8.172  0.000e+00
          0     12.041     11.944   44.36946 -124.96136    11.8215    11.5030   3.690182   3.661341    32.1427    32.1382     2.6056     6.4187    6.18472     1.3442     0.2843    93.1388      8.167  0.000e+00
          0     12.041     11.944   44.36946 -124.96136    11.8266    11.4786   3.689495   3.657911    32.1316    32.1258     2.6056     6.4187    6.18449     1.3296     0.2855    93.1123      8.172  0.000e+00
          0     12.004     11.907   44.36946 -124.96136    11.8235    11.4498   3.688160   3.656037    32.1214    32.1326     2.6056     6.4198    6.18529     1.3369     0.2855    93.1123      8.167  0.000e+00
          0     12.041     11.944   44.36946 -124.96136    11.7996    11.4333   3.686493   3.655487    32.1259    32.1416     2.6068     6.4281    6.18825     1.3369     0.2843    93.1388      8.172  0.000e+00
          0     12.041     11.944   44.36946 -124.96136    11.7769    11.4274   3.685405   3.655038    32.1349    32.1423     2.6056     6.4278    6.19086     1.3296     0.2855    93.1123      8.167  0.000e+00
          0     12.041     11.944   44.36946 -124.96136    11.7597    11.4180   3.685010   3.654807    32.1460    32.1482     2.6056     6.4305    6.19269     1.3369     0.2843    93.1388      8.172  0.000e+00
          0     12.004     11.907   44.36946 -124.96136    11.7509    11.4173   3.683949   3.654419    32.1433    32.1451     2.6056     6.4322    6.19394     1.3296     0.2855    93.1123      8.172  0.000e+00
          0     11.989     11.892   44.36946 -124.96136    11.7354    11.4180   3.680990   3.654451    32.1280    32.1447     2.6056     6.4354    6.19657     1.3442     0.2843    93.1388      8.172  0.000e+00
          0     11.989     11.892   44.36946 -124.96136    11.7082    11.4145   3.677930   3.654451    32.1219    32.1478     2.6056     6.4405    6.20039     1.3296     0.2855    93.1123      8.172  0.000e+00
          0     11.989     11.892   44.36946 -124.96136    11.6819    11.4225   3.675422   3.654032    32.1202    32.1368     2.6056     6.4450    6.20390     1.3369     0.2855    93.1123      8.173  0.000e+00
          0     12.004     11.907   44.36946 -124.96136    11.6452    11.4392   3.673126   3.654257    32.1297    32.1244     2.6056     6.4507    6.20836     1.3369     0.2843    93.1388      8.168  0.000e+00
          0     11.989     11.892   44.36946 -124.96136    11.6171    11.4547   3.671577   3.656130    32.1389    32.1293     2.6056     6.4551    6.21169     1.3296     0.2877    93.0591      8.173  0.000e+00
          0     11.929     11.832   44.36946 -124.96136    11.5971    11.4717   3.670558   3.658398    32.1464    32.1367     2.6044     6.4540    6.21403     1.3369     0.2866    93.0857      8.173  0.000e+00
          0     12.004     11.907   44.36946 -124.96136    11.5918    11.5179   3.670110   3.660535    32.1466    32.1174     2.6056     6.4595    6.21473     1.3296     0.2832    93.1654      8.173  0.000e+00
          0     11.929     11.832   44.36946 -124.96136    11.5904    11.6140   3.670816   3.664290    32.1547    32.0707     2.6044     6.4553    6.21459     1.3442     0.2809    93.2186      8.173  0.000e+00
          0     11.989     11.892   44.36946 -124.96136    11.6179    11.7277   3.671060   3.671983    32.1333    32.0473     2.6044     6.4525    6.21182     1.3296     0.2820    93.1920      8.168  0.000e+00
          0     11.929     11.832   44.36946 -124.96136    11.6074    11.7865   3.670782   3.680715    32.1397    32.0813     2.6032     6.4500    6.21295     1.3442     0.2809    93.2186      8.173  0.000e+00
          0     11.944     11.847   44.36946 -124.96136    11.5936    11.8227   3.671176   3.687626    32.1554    32.1169     2.6032     6.4509    6.21414     1.3369     0.2809    93.2186      8.173  0.000e+00
