AT50-29/CTD Data/AT50-29_CTD-004.ros
* Sea-Bird SBE 9 Data File:
* FileName = C:\data\ctd\at50-29004.hex
* Software Version Seasave V 7.26.7.121
* Temperature SN = 4312
* Conductivity SN = 3521
* Number of Bytes Per Scan = 40
* Number of Voltage Words = 5
* Number of Scans Averaged by the Deck Unit = 1
* NMEA Latitude = 45 49.60 N
* NMEA Longitude = 129 44.94 W
* NMEA UTC (Time) = Aug 12 2024  01:28:09
** Ship: atlantis
** Station: Axial
** Operator: JN
# nquan = 20
# nvalues = 2328                                  
# units = specified
# name 0 = modError: Modulo Error Count
# name 1 = prDM: Pressure, Digiquartz [db]
# name 2 = depSM: Depth [salt water, m]
# name 3 = latitude: Latitude [deg]
# name 4 = longitude: Longitude [deg]
# name 5 = t090C: Temperature [ITS-90, deg C]
# name 6 = t190C: Temperature, 2 [ITS-90, deg C]
# name 7 = c0S/m: Conductivity [S/m]
# name 8 = c1S/m: Conductivity, 2 [S/m]
# name 9 = sal00: Salinity, Practical [PSU]
# name 10 = sal11: Salinity, Practical, 2 [PSU]
# name 11 = sbeox0V: Oxygen raw, SBE 43 [V]
# name 12 = sbeox0ML/L: Oxygen, SBE 43 [ml/l]
# name 13 = oxsolML/L: Oxygen Saturation, Garcia & Gordon [ml/l]
# name 14 = flECO-AFL: Fluorescence, WET Labs ECO-AFL/FL [mg/m^3]
# name 15 = CStarAt0: Beam Attenuation, WET Labs C-Star [1/m]
# name 16 = CStarTr0: Beam Transmission, WET Labs C-Star [%]
# name 17 = scan: Scan Count
# name 18 = nbf: Bottles Fired
# name 19 = flag:  0.000e+00
# interval = seconds: 0.0416667
# start_time = Aug 12 2024 01:28:09 [NMEA time, header]
# bad_flag = -9.990e-29
*END*
[from data line 1376]
          0     82.052     81.364   45.82664 -129.74902     9.5712     9.5739   3.521394   3.521644    32.4205    32.4207     2.4151     6.2298    6.48062     0.6263     0.0676    98.3235      50988         15  0.000e+00
          0     82.052     81.364   45.82664 -129.74902     9.5712     9.5736   3.521461   3.521614    32.4213    32.4207     2.4151     6.2295    6.48059     0.6483     0.0665    98.3501      50989         15  0.000e+00
          0     82.097     81.408   45.82664 -129.74902     9.5715     9.5730   3.521487   3.521620    32.4212    32.4212     2.4163     6.2340    6.48055     0.6556     0.0655    98.3767      50990         15  0.000e+00
          0     82.052     81.364   45.82664 -129.74902     9.5715     9.5729   3.521467   3.521515    32.4210    32.4202     2.4163     6.2341    6.48056     0.6556     0.0655    98.3767      50991         15  0.000e+00
          0     82.052     81.364   45.82664 -129.74902     9.5715     9.5731   3.521481   3.521546    32.4212    32.4204     2.4151     6.2297    6.48055     0.6483     0.0655    98.3767      50992         15  0.000e+00
          0     82.105     81.416   45.82664 -129.74902     9.5718     9.5731   3.521507   3.521528    32.4212    32.4202     2.4151     6.2298    6.48051     0.6483     0.0655    98.3767      50993         15  0.000e+00
          0     82.150     81.461   45.82664 -129.74902     9.5722     9.5732   3.521534   3.521515    32.4211    32.4200     2.4163     6.2337    6.48046     0.6556     0.0655    98.3767      50994         15  0.000e+00
          0     82.052     81.364   45.82664 -129.74902     9.5722     9.5733   3.521547   3.521583    32.4212    32.4206     2.4163     6.2341    6.48045     0.6556     0.0655    98.3767      50995         15  0.000e+00
          0     82.158     81.468   45.82664 -129.74902     9.5725     9.5733   3.521547   3.521558    32.4209    32.4203     2.4151     6.2298    6.48042     0.6483     0.0655    98.3767      50996         15  0.000e+00
          0     82.105     81.416   45.82664 -129.74902     9.5723     9.5737   3.521527   3.521546    32.4209    32.4199     2.4163     6.2336    6.48045     0.6556     0.0655    98.3767      50997         15  0.000e+00
          0     82.098     81.409   45.82664 -129.74902     9.5722     9.5733   3.521514   3.521484    32.4209    32.4196     2.4163     6.2336    6.48047     0.6483     0.0655    98.3767      50998         15  0.000e+00
          0     82.158     81.468   45.82664 -129.74902     9.5714     9.5736   3.521474   3.521558    32.4211    32.4201     2.4151     6.2292    6.48057     0.6483     0.0655    98.3767      50999         15  0.000e+00
          0     82.105     81.416   45.82664 -129.74902     9.5710     9.5733   3.521434   3.521515    32.4211    32.4199     2.4151     6.2286    6.48062     0.6556     0.0655    98.3767      51000         15  0.000e+00
          0     82.105     81.416   45.82664 -129.74902     9.5708     9.5737   3.521380   3.521546    32.4207    32.4199     2.4151     6.2280    6.48066     0.6556     0.0655    98.3767      51001         15  0.000e+00
          0     82.203     81.513   45.82664 -129.74902     9.5704     9.5743   3.521360   3.521528    32.4209    32.4191     2.4151     6.2280    6.48073     0.6556     0.0655    98.3767      51002         15  0.000e+00
          0     82.105     81.416   45.82664 -129.74902     9.5704     9.5744   3.521360   3.521583    32.4210    32.4196     2.4151     6.2278    6.48072     0.6556     0.0655    98.3767      51003         15  0.000e+00
          0     82.158     81.469   45.82664 -129.74902     9.5700     9.5742   3.521360   3.521583    32.4212    32.4198     2.4163     6.2316    6.48076     0.6556     0.0655    98.3767      51004         15  0.000e+00
          0     82.158     81.469   45.82664 -129.74902     9.5701     9.5739   3.521380   3.521589    32.4214    32.4201     2.4163     6.2319    6.48075     0.6556     0.0655    98.3767      51005         15  0.000e+00
          0     82.203     81.513   45.82664 -129.74902     9.5702     9.5736   3.521367   3.521614    32.4211    32.4206     2.4151     6.2277    6.48074     0.6556     0.0655    98.3767      51006         15  0.000e+00
          0     82.158     81.469   45.82664 -129.74902     9.5702     9.5732   3.521380   3.521558    32.4213    32.4204     2.4163     6.2319    6.48073     0.6556     0.0698    98.2704      51007         15  0.000e+00
          0     82.158     81.469   45.82664 -129.74902     9.5702     9.5731   3.521414   3.521515    32.4216    32.4201     2.4163     6.2316    6.48072     0.6556     0.0687    98.2969      51008         15  0.000e+00
          0     82.218     81.528   45.82662 -129.74904     9.5705     9.5719   3.521447   3.521515    32.4217    32.4211     2.4163     6.2318    6.48067     0.6556     0.0665    98.3501      51009         15  0.000e+00
          0     82.203     81.514   45.82662 -129.74904     9.5710     9.5710   3.521434   3.521497    32.4211    32.4218     2.4163     6.2319    6.48062     0.6556     0.0665    98.3501      51010         15  0.000e+00
          0     82.158     81.469   45.82662 -129.74904     9.5709     9.5709   3.521420   3.521485    32.4211    32.4217     2.4151     6.2272    6.48064     0.6556     0.0665    98.3501      51011         15  0.000e+00
          0     82.158     81.469   45.82662 -129.74904     9.5705     9.5712   3.521360   3.521423    32.4208    32.4208     2.4151     6.2269    6.48071     0.6556     0.0665    98.3501      51012         15  0.000e+00
          0     82.271     81.581   45.82662 -129.74904     9.5697     9.5718   3.521354   3.521429    32.4214    32.4203     2.4163     6.2312    6.48080     0.6629     0.0676    98.3235      51013         15  0.000e+00
          0     82.203     81.514   45.82662 -129.74904     9.5697     9.5718   3.521340   3.521423    32.4213    32.4203     2.4163     6.2312    6.48080     0.6336     0.0665    98.3501      51014         15  0.000e+00
          0     82.219     81.529   45.82662 -129.74904     9.5699     9.5718   3.521327   3.521485    32.4210    32.4209     2.4163     6.2308    6.48079     0.6116     0.0665    98.3501      51015         15  0.000e+00
          0     82.219     81.529   45.82662 -129.74904     9.5694     9.5719   3.521307   3.521429    32.4212    32.4202     2.4163     6.2309    6.48085     0.6043     0.0676    98.3235      51016         15  0.000e+00
          0     82.219     81.529   45.82662 -129.74904     9.5692     9.5723   3.521340   3.521454    32.4217    32.4201     2.4151     6.2271    6.48086     0.6116     0.0676    98.3235      51017         15  0.000e+00
          0     82.264     81.574   45.82662 -129.74904     9.5690     9.5720   3.521340   3.521485    32.4219    32.4206     2.4163     6.2316    6.48088     0.6043     0.0676    98.3235      51018         15  0.000e+00
          0     82.219     81.529   45.82662 -129.74904     9.5687     9.5723   3.521327   3.521466    32.4220    32.4202     2.4163     6.2322    6.48091     0.6043     0.0676    98.3235      51019         15  0.000e+00
          0     82.271     81.581   45.82662 -129.74904     9.5687     9.5721   3.521307   3.521515    32.4218    32.4209     2.4163     6.2323    6.48092     0.6116     0.0676    98.3235      51020         15  0.000e+00
          0     82.219     81.529   45.82662 -129.74904     9.5689     9.5716   3.521320   3.521454    32.4218    32.4208     2.4176     6.2372    6.48090     0.6116     0.0676    98.3235      51021         15  0.000e+00
          0     82.264     81.574   45.82662 -129.74904     9.5696     9.5718   3.521287   3.521497    32.4208    32.4210     2.4163     6.2332    6.48084     0.6116     0.0676    98.3235      51022         15  0.000e+00
          0     82.219     81.529   45.82662 -129.74904     9.5699     9.5721   3.521287   3.521485    32.4206    32.4206     2.4176     6.2376    6.48081     0.6116     0.0676    98.3235      51023         15  0.000e+00
          0     82.272     81.581   45.82662 -129.74904     9.5697     9.5719   3.521280   3.521485    32.4207    32.4207     2.4163     6.2337    6.48083     0.6043     0.0676    98.3235      51024         15  0.000e+00
          0     82.272     81.581   45.82662 -129.74904     9.5699     9.5722   3.521287   3.521497    32.4206    32.4206     2.4163     6.2336    6.48081     0.6043     0.0676    98.3235      51025         15  0.000e+00
          0     82.264     81.574   45.82662 -129.74904     9.5693     9.5723   3.521273   3.521485    32.4209    32.4204     2.4163     6.2336    6.48087     0.6043     0.0676    98.3235      51026         15  0.000e+00
          0     82.272     81.581   45.82662 -129.74904     9.5697     9.5718   3.521287   3.521454    32.4207    32.4205     2.4163     6.2334    6.48082     0.5970     0.0709    98.2438      51027         15  0.000e+00
          0     82.272     81.581   45.82662 -129.74904     9.5695     9.5720   3.521320   3.521466    32.4212    32.4204     2.4163     6.2333    6.48083     0.5970     0.0730    98.1906      51028         15  0.000e+00
          0     82.272     81.581   45.82662 -129.74904     9.5693     9.5721   3.521307   3.521423    32.4212    32.4200     2.4163     6.2332    6.48086     0.5970     0.0730    98.1906      51029         15  0.000e+00
          0     82.264     81.574   45.82662 -129.74904     9.5692     9.5721   3.521314   3.521515    32.4214    32.4209     2.4176     6.2374    6.48087     0.5970     0.0730    98.1906      51030         15  0.000e+00
          0     82.272     81.581   45.82662 -129.74904     9.5697     9.5723   3.521327   3.521466    32.4211    32.4202     2.4163     6.2338    6.48081     0.6043     0.0720    98.2172      51031         15  0.000e+00
          0     82.272     81.582   45.82662 -129.74904     9.5699     9.5720   3.521307   3.521485    32.4208    32.4206     2.4163     6.2335    6.48080     0.5970     0.0720    98.2172      51032         15  0.000e+00
          0     82.325     81.634   45.82662 -129.74904     9.5696     9.5721   3.521320   3.521485    32.4211    32.4206     2.4163     6.2339    6.48083     0.5970     0.0720    98.2172      51033         15  0.000e+00
          0     82.264     81.574   45.82662 -129.74904     9.5697     9.5723   3.521367   3.521497    32.4216    32.4205     2.4163     6.2336    6.48079     0.6043     0.0720    98.2172      51034         15  0.000e+00
          0     82.272     81.582   45.82662 -129.74904     9.5699     9.5724   3.521407   3.521485    32.4218    32.4203     2.4163     6.2333    6.48076     0.5970     0.0720    98.2172      51035         15  0.000e+00
          0     82.325     81.634   45.82662 -129.74904     9.5704     9.5719   3.521421   3.521454    32.4215    32.4204     2.4163     6.2331    6.48070     0.6043     0.0720    98.2172      51036         15  0.000e+00
          0     82.272     81.582   45.82662 -129.74904     9.5705     9.5721   3.521467   3.521528    32.4218    32.4210     2.4163     6.2327    6.48067     0.5970     0.0720    98.2172      51037         15  0.000e+00
          0     82.317     81.626   45.82662 -129.74904     9.5703     9.5718   3.521487   3.521454    32.4222    32.4206     2.4163     6.2325    6.48068     0.5970     0.0720    98.2172      51038         15  0.000e+00
          0     82.272     81.582   45.82662 -129.74904     9.5704     9.5719   3.521467   3.521485    32.4220    32.4207     2.4163     6.2326    6.48068     0.6043     0.0720    98.2172      51039         15  0.000e+00
          0     82.325     81.634   45.82662 -129.74904     9.5708     9.5718   3.521494   3.521466    32.4218    32.4206     2.4163     6.2328    6.48062     0.5970     0.0720    98.2172      51040         15  0.000e+00
          0     82.325     81.634   45.82662 -129.74904     9.5712     9.5717   3.521501   3.521423    32.4216    32.4203     2.4163     6.2324    6.48058     0.6043     0.0720    98.2172      51041         15  0.000e+00
          0     82.265     81.574   45.82662 -129.74904     9.5720     9.5718   3.521507   3.521466    32.4209    32.4207     2.4163     6.2319    6.48049     0.6043     0.0720    98.2172      51042         15  0.000e+00
          0     82.325     81.634   45.82662 -129.74904     9.5722     9.5719   3.521534   3.521454    32.4210    32.4204     2.4163     6.2321    6.48046     0.6043     0.0730    98.1906      51043         15  0.000e+00
          0     82.272     81.582   45.82662 -129.74904     9.5719     9.5717   3.521527   3.521485    32.4212    32.4210     2.4176     6.2366    6.48049     0.6043     0.0730    98.1906      51044         15  0.000e+00
          0     82.317     81.627   45.82662 -129.74904     9.5719     9.5718   3.521541   3.521429    32.4214    32.4203     2.4163     6.2323    6.48049     0.6043     0.0730    98.1906      51045         15  0.000e+00
          0     82.325     81.634   45.82662 -129.74904     9.5722     9.5715   3.521527   3.521454    32.4209    32.4208     2.4163     6.2324    6.48046     0.6043     0.0720    98.2172      51046         15  0.000e+00
          0     82.272     81.582   45.82662 -129.74904     9.5723     9.5713   3.521494   3.521485    32.4205    32.4213     2.4163     6.2325    6.48046     0.6043     0.0763    98.1108      51047         15  0.000e+00
          0     82.325     81.634   45.82662 -129.74904     9.5720     9.5715   3.521507   3.521429    32.4208    32.4206     2.4163     6.2321    6.48049     0.6043     0.0730    98.1906      51048         15  0.000e+00
          0     82.378     81.686   45.82662 -129.74904     9.5720     9.5716   3.521541   3.521454    32.4212    32.4207     2.4163     6.2317    6.48048     0.6043     0.0665    98.3501      51049         15  0.000e+00
          0     82.325     81.634   45.82662 -129.74904     9.5724     9.5718   3.521554   3.521454    32.4210    32.4205     2.4151     6.2268    6.48043     0.6043     0.0655    98.3767      51050         15  0.000e+00
          0     82.273     81.582   45.82662 -129.74904     9.5723     9.5717   3.521568   3.521466    32.4212    32.4208     2.4163     6.2303    6.48043     0.6043     0.0655    98.3767      51051         15  0.000e+00
          0     82.325     81.634   45.82662 -129.74904     9.5722     9.5718   3.521581   3.521454    32.4215    32.4206     2.4163     6.2299    6.48044     0.6043     0.0655    98.3767      51052         15  0.000e+00
          0     82.318     81.627   45.82662 -129.74904     9.5722     9.5718   3.521561   3.521423    32.4213    32.4202     2.4163     6.2299    6.48045     0.6043     0.0655    98.3767      51053         15  0.000e+00
          0     82.325     81.634   45.82662 -129.74904     9.5723     9.5718   3.521554   3.521429    32.4211    32.4203     2.4176     6.2343    6.48044     0.6043     0.0655    98.3767      51054         15  0.000e+00
          0     82.325     81.635   45.82662 -129.74904     9.5722     9.5717   3.521547   3.521423    32.4211    32.4203     2.4163     6.2299    6.48046     0.5970     0.0655    98.3767      51055         15  0.000e+00
          0     82.325     81.635   45.82662 -129.74904     9.5721     9.5711   3.521547   3.521392    32.4212    32.4205     2.4163     6.2299    6.48047     0.6043     0.0655    98.3767      51056         15  0.000e+00
          0     82.318     81.627   45.82662 -129.74904     9.5722     9.5710   3.521574   3.521429    32.4214    32.4210     2.4163     6.2298    6.48044     0.6043     0.0655    98.3767      51057         15  0.000e+00
          0     82.325     81.635   45.82662 -129.74904     9.5723     9.5707   3.521608   3.521392    32.4216    32.4209     2.4163     6.2298    6.48042     0.6043     0.0655    98.3767      51058         15  0.000e+00
