AT50-29/CTD Data/AT50-29_CTD-004.cnv
* Sea-Bird SBE 9 Data File:
* FileName = C:\data\ctd\at50-29004.hex
* Software Version Seasave V 7.26.7.121
* Temperature SN = 4312
* Conductivity SN = 3521
* Number of Bytes Per Scan = 40
* Number of Voltage Words = 5
* Number of Scans Averaged by the Deck Unit = 1
* NMEA Latitude = 45 49.60 N
* NMEA Longitude = 129 44.94 W
* NMEA UTC (Time) = Aug 12 2024  01:28:09
** Ship: atlantis
** Station: Axial
** Operator: JN
# nquan = 18
# nvalues = 15964                                 
# units = specified
# name 0 = modError: Modulo Error Count
# name 1 = prDM: Pressure, Digiquartz [db]
# name 2 = depSM: Depth [salt water, m]
# name 3 = latitude: Latitude [deg]
# name 4 = longitude: Longitude [deg]
# name 5 = t090C: Temperature [ITS-90, deg C]
# name 6 = t190C: Temperature, 2 [ITS-90, deg C]
# name 7 = c0S/m: Conductivity [S/m]
# name 8 = c1S/m: Conductivity, 2 [S/m]
# name 9 = sal00: Salinity, Practical [PSU]
# name 10 = sal11: Salinity, Practical, 2 [PSU]
# name 11 = sbeox0V: Oxygen raw, SBE 43 [V]
# name 12 = sbeox0ML/L: Oxygen, SBE 43 [ml/l]
# name 13 = oxsolML/L: Oxygen Saturation, Garcia & Gordon [ml/l]
# name 14 = flECO-AFL: Fluorescence, WET Labs ECO-AFL/FL [mg/m^3]
# name 15 = CStarAt0: Beam Attenuation, WET Labs C-Star [1/m]
# name 16 = CStarTr0: Beam Transmission, WET Labs C-Star [%]
# name 17 = flag:  0.000e+00
# span 0 =          0,          0                 
# span 1 =      1.290,    223.061                 
# span 2 =      1.280,    221.114                 
# span 3 =   45.82660,   45.82662                 
# span 4 = -129.74904, -129.74900                 
# span 5 =     6.5239,    17.9159                 
# span 6 =     6.5294,    17.9149                 
# span 7 =   3.386508,   4.270146                 
# span 8 =   3.386503,   4.269829                 
# span 9 =    32.3437,    33.8030                 
# span 10 =    31.6705,    33.7991                
# span 11 =     1.4305,     3.8083                
# span 12 =     3.3239,     9.2649                
# span 13 =    5.46604,    6.87979                
# span 14 =    -0.0037,     1.9596                
# span 15 =     0.0332,     0.2889                
# span 16 =    93.0325,    99.1744                
# span 17 = 0.0000e+00, 0.0000e+00                
# interval = seconds: 0.0416667
# start_time = Aug 12 2024 01:28:09 [NMEA time, header]
# bad_flag = -9.990e-29
*END*
[from data line 3699]
          0     64.216     63.680   45.82662 -129.74902    10.4310    10.4332   3.593706   3.594263    32.3897    32.3933     2.5653     6.5284    6.36146     1.3809     0.1210    97.0207  0.000e+00
          0     64.216     63.680   45.82662 -129.74902    10.4268    10.4290   3.593383   3.593854    32.3902    32.3930     2.5665     6.5330    6.36202     1.3882     0.1210    97.0207  0.000e+00
          0     64.268     63.732   45.82662 -129.74902    10.4227    10.4248   3.593006   3.593500    32.3901    32.3931     2.5653     6.5297    6.36259     1.3809     0.1210    97.0207  0.000e+00
          0     64.268     63.732   45.82662 -129.74902    10.4189    10.4218   3.592676   3.593122    32.3901    32.3920     2.5665     6.5342    6.36311     1.3882     0.1210    97.0207  0.000e+00
          0     64.329     63.792   45.82662 -129.74902    10.4159    10.4184   3.592373   3.592799    32.3897    32.3918     2.5641     6.5267    6.36353     1.3809     0.1210    97.0207  0.000e+00
          0     64.329     63.792   45.82662 -129.74902    10.4128    10.4148   3.592090   3.592514    32.3897    32.3921     2.5641     6.5270    6.36397     1.3809     0.1210    97.0207  0.000e+00
          0     64.329     63.792   45.82662 -129.74902    10.4093    10.4120   3.591820   3.592222    32.3901    32.3917     2.5641     6.5276    6.36444     1.3882     0.1210    97.0207  0.000e+00
          0     64.381     63.844   45.82662 -129.74902    10.4068    10.4093   3.591591   3.591999    32.3900    32.3918     2.5629     6.5234    6.36479     1.3809     0.1210    97.0207  0.000e+00
          0     64.434     63.896   45.82662 -129.74902    10.4046    10.4077   3.591463   3.591745    32.3906    32.3907     2.5629     6.5232    6.36506     1.3882     0.1210    97.0207  0.000e+00
          0     64.434     63.896   45.82662 -129.74902    10.4026    10.4056   3.591342   3.591590    32.3912    32.3910     2.5629     6.5231    6.36531     1.3809     0.1210    97.0207  0.000e+00
          0     64.434     63.896   45.82662 -129.74902    10.4014    10.4039   3.591187   3.591459    32.3907    32.3912     2.5616     6.5188    6.36549     1.3809     0.1210    97.0207  0.000e+00
          0     64.434     63.896   45.82662 -129.74902    10.3999    10.4023   3.591053   3.591329    32.3907    32.3914     2.5629     6.5224    6.36570     1.3882     0.1210    97.0207  0.000e+00
          0     64.494     63.956   45.82662 -129.74902    10.3988    10.4007   3.590972   3.591137    32.3909    32.3908     2.5616     6.5184    6.36585     1.3809     0.1210    97.0207  0.000e+00
          0     64.547     64.008   45.82662 -129.74902    10.3978    10.3993   3.590884   3.591044    32.3908    32.3911     2.5616     6.5184    6.36599     1.3809     0.1210    97.0207  0.000e+00
          0     64.547     64.008   45.82662 -129.74902    10.3971    10.3983   3.590837   3.590951    32.3910    32.3910     2.5616     6.5181    6.36608     1.3882     0.1243    96.9409  0.000e+00
          0     64.494     63.956   45.82662 -129.74902    10.3964    10.3976   3.590756   3.590914    32.3908    32.3913     2.5616     6.5179    6.36618     1.3809     0.1232    96.9675  0.000e+00
          0     64.607     64.067   45.82662 -129.74902    10.3956    10.3969   3.590709   3.590821    32.3910    32.3910     2.5629     6.5219    6.36628     1.3882     0.1177    97.1005  0.000e+00
          0     64.607     64.067   45.82662 -129.74902    10.3950    10.3960   3.590655   3.590722    32.3910    32.3907     2.5616     6.5181    6.36636     1.3809     0.1155    97.1537  0.000e+00
          0     64.607     64.067   45.82662 -129.74902    10.3946    10.3955   3.590561   3.590659    32.3904    32.3906     2.5616     6.5184    6.36645     1.3882     0.1155    97.1537  0.000e+00
          0     64.659     64.120   45.82662 -129.74902    10.3939    10.3947   3.590467   3.590566    32.3901    32.3903     2.5616     6.5190    6.36656     1.4028     0.1166    97.1271  0.000e+00
          0     64.659     64.120   45.82662 -129.74902    10.3928    10.3939   3.590372   3.590504    32.3901    32.3905     2.5604     6.5149    6.36671     1.3955     0.1166    97.1271  0.000e+00
          0     64.712     64.172   45.82662 -129.74902    10.3921    10.3929   3.590251   3.590405    32.3895    32.3903     2.5604     6.5149    6.36683     1.4028     0.1155    97.1537  0.000e+00
          0     64.712     64.172   45.82662 -129.74902    10.3912    10.3926   3.590218   3.590343    32.3900    32.3900     2.5604     6.5150    6.36694     1.3955     0.1166    97.1271  0.000e+00
          0     64.659     64.120   45.82662 -129.74902    10.3905    10.3914   3.590144   3.590275    32.3899    32.3903     2.5604     6.5152    6.36704     1.4028     0.1155    97.1537  0.000e+00
          0     64.772     64.231   45.82662 -129.74902    10.3888    10.3899   3.589975   3.590182    32.3896    32.3907     2.5592     6.5111    6.36727     1.3955     0.1166    97.1271  0.000e+00
          0     64.772     64.231   45.82662 -129.74902    10.3873    10.3888   3.589807   3.590083    32.3893    32.3907     2.5580     6.5071    6.36750     1.3955     0.1166    97.1271  0.000e+00
          0     64.825     64.284   45.82662 -129.74902    10.3853    10.3875   3.589645   3.589990    32.3894    32.3909     2.5592     6.5110    6.36777     1.4028     0.1155    97.1537  0.000e+00
          0     64.772     64.231   45.82662 -129.74902    10.3843    10.3865   3.589538   3.589841    32.3892    32.3903     2.5592     6.5110    6.36791     1.3955     0.1166    97.1271  0.000e+00
          0     64.825     64.284   45.82662 -129.74902    10.3828    10.3854   3.589437   3.589705    32.3896    32.3900     2.5592     6.5114    6.36811     1.4028     0.1155    97.1537  0.000e+00
          0     64.825     64.284   45.82662 -129.74902    10.3818    10.3842   3.589349   3.589605    32.3896    32.3900     2.5580     6.5070    6.36825     1.3955     0.1166    97.1271  0.000e+00
          0     64.937     64.395   45.82662 -129.74902    10.3804    10.3827   3.589248   3.589481    32.3897    32.3900     2.5567     6.5026    6.36843     1.3955     0.1166    97.1271  0.000e+00
          0     64.877     64.336   45.82662 -129.74902    10.3793    10.3817   3.589174   3.589382    32.3900    32.3899     2.5567     6.5024    6.36857     1.4028     0.1155    97.1537  0.000e+00
          0     64.877     64.336   45.82662 -129.74902    10.3788    10.3803   3.589066   3.589258    32.3894    32.3900     2.5580     6.5063    6.36867     1.4028     0.1166    97.1271  0.000e+00
          0     64.938     64.395   45.82662 -129.74902    10.3783    10.3788   3.589006   3.589128    32.3892    32.3900     2.5567     6.5022    6.36875     1.4028     0.1166    97.1271  0.000e+00
          0     64.938     64.395   45.82662 -129.74902    10.3773    10.3779   3.588932   3.589078    32.3893    32.3902     2.5555     6.4978    6.36888     1.4028     0.1177    97.1005  0.000e+00
          0     64.990     64.448   45.82662 -129.74902    10.3761    10.3771   3.588878   3.588936    32.3898    32.3895     2.5567     6.5019    6.36902     1.3955     0.1188    97.0739  0.000e+00
          0     64.990     64.448   45.82662 -129.74902    10.3752    10.3763   3.588770   3.588874    32.3895    32.3896     2.5567     6.5023    6.36915     1.4028     0.1122    97.2334  0.000e+00
          0     64.990     64.448   45.82662 -129.74902    10.3748    10.3755   3.588716   3.588775    32.3894    32.3893     2.5567     6.5023    6.36922     1.3955     0.1100    97.2866  0.000e+00
          0     65.050     64.507   45.82662 -129.74902    10.3741    10.3750   3.588662   3.588775    32.3894    32.3897     2.5555     6.4987    6.36931     1.4028     0.1100    97.2866  0.000e+00
          0     65.050     64.507   45.82662 -129.74902    10.3734    10.3743   3.588622   3.588713    32.3896    32.3897     2.5555     6.4986    6.36940     1.4028     0.1111    97.2600  0.000e+00
          0     65.050     64.507   45.82662 -129.74902    10.3728    10.3735   3.588548   3.588620    32.3895    32.3895     2.5555     6.4988    6.36950     1.3955     0.1100    97.2866  0.000e+00
          0     65.103     64.559   45.82662 -129.74902    10.3721    10.3732   3.588440   3.588551    32.3890    32.3891     2.5555     6.4987    6.36961     1.4028     0.1100    97.2866  0.000e+00
          0     65.103     64.559   45.82662 -129.74902    10.3713    10.3727   3.588420   3.588489    32.3895    32.3889     2.5555     6.4987    6.36970     1.3955     0.1100    97.2866  0.000e+00
          0     65.155     64.611   45.82662 -129.74902    10.3709    10.3725   3.588346   3.588471    32.3890    32.3889     2.5543     6.4951    6.36977     1.3882     0.1100    97.2866  0.000e+00
          0     65.103     64.559   45.82662 -129.74902    10.3704    10.3714   3.588319   3.588396    32.3892    32.3891     2.5543     6.4950    6.36983     1.3442     0.1111    97.2600  0.000e+00
          0     65.156     64.611   45.82662 -129.74902    10.3696    10.3709   3.588231   3.588359    32.3891    32.3892     2.5531     6.4909    6.36995     1.3149     0.1100    97.2866  0.000e+00
          0     65.216     64.671   45.82662 -129.74902    10.3686    10.3702   3.588097   3.588266    32.3886    32.3888     2.5531     6.4909    6.37010     1.3223     0.1111    97.2600  0.000e+00
          0     65.156     64.611   45.82662 -129.74902    10.3672    10.3693   3.588016   3.588173    32.3890    32.3888     2.5531     6.4911    6.37028     1.3149     0.1111    97.2600  0.000e+00
          0     65.268     64.723   45.82662 -129.74902    10.3663    10.3680   3.587888   3.588012    32.3885    32.3883     2.5543     6.4958    6.37043     1.3149     0.1100    97.2866  0.000e+00
          0     65.216     64.671   45.82662 -129.74902    10.3653    10.3670   3.587767   3.587950    32.3882    32.3886     2.5531     6.4920    6.37058     1.3223     0.1111    97.2600  0.000e+00
          0     65.268     64.723   45.82662 -129.74902    10.3644    10.3658   3.587727   3.587913    32.3886    32.3892     2.5531     6.4927    6.37069     1.3149     0.1111    97.2600  0.000e+00
          0     65.268     64.723   45.82662 -129.74902    10.3636    10.3648   3.587639   3.587789    32.3884    32.3888     2.5531     6.4932    6.37080     1.3223     0.1100    97.2866  0.000e+00
          0     65.321     64.775   45.82662 -129.74902    10.3625    10.3634   3.587491   3.587727    32.3878    32.3894     2.5531     6.4944    6.37097     1.3149     0.1100    97.2866  0.000e+00
          0     65.321     64.775   45.82662 -129.74902    10.3613    10.3623   3.587417   3.587566    32.3882    32.3888     2.5519     6.4905    6.37113     1.3149     0.1100    97.2866  0.000e+00
          0     65.321     64.775   45.82662 -129.74902    10.3597    10.3612   3.587276   3.587454    32.3882    32.3887     2.5519     6.4907    6.37135     1.3296     0.1111    97.2600  0.000e+00
          0     65.381     64.835   45.82662 -129.74902    10.3581    10.3599   3.587154   3.587373    32.3884    32.3890     2.5506     6.4869    6.37156     1.3149     0.1155    97.1537  0.000e+00
          0     65.321     64.775   45.82662 -129.74902    10.3572    10.3589   3.587094   3.587311    32.3887    32.3893     2.5506     6.4864    6.37168     1.3149     0.1111    97.2600  0.000e+00
          0     65.434     64.887   45.82662 -129.74902    10.3561    10.3580   3.587020   3.587181    32.3888    32.3888     2.5506     6.4863    6.37182     1.3223     0.1089    97.3132  0.000e+00
          0     65.434     64.887   45.82662 -129.74902    10.3553    10.3569   3.586932   3.587088    32.3886    32.3888     2.5506     6.4863    6.37194     1.3149     0.1089    97.3132  0.000e+00
          0     65.434     64.887   45.82662 -129.74902    10.3547    10.3563   3.586899   3.587020    32.3889    32.3886     2.5506     6.4859    6.37202     1.3223     0.1079    97.3398  0.000e+00
          0     65.434     64.887   45.82662 -129.74902    10.3532    10.3546   3.586784   3.586958    32.3891    32.3895     2.5506     6.4863    6.37222     1.3149     0.1089    97.3132  0.000e+00
          0     65.494     64.947   45.82662 -129.74902    10.3520    10.3533   3.586676   3.586865    32.3890    32.3897     2.5506     6.4865    6.37239     1.3149     0.1089    97.3132  0.000e+00
          0     65.434     64.887   45.82662 -129.74902    10.3511    10.3526   3.586589   3.586704    32.3889    32.3887     2.5506     6.4866    6.37251     1.3149     0.1089    97.3132  0.000e+00
          0     65.546     64.999   45.82662 -129.74902    10.3498    10.3519   3.586535   3.586673    32.3895    32.3891     2.5506     6.4871    6.37267     1.3149     0.1079    97.3398  0.000e+00
          0     65.494     64.947   45.82662 -129.74902    10.3488    10.3507   3.586380   3.586574    32.3889    32.3891     2.5494     6.4834    6.37283     1.3223     0.1089    97.3132  0.000e+00
          0     65.599     65.051   45.82662 -129.74902    10.3473    10.3497   3.586320   3.586481    32.3895    32.3890     2.5494     6.4843    6.37301     1.3149     0.1089    97.3132  0.000e+00
          0     65.546     64.999   45.82662 -129.74902    10.3465    10.3483   3.586252   3.586351    32.3896    32.3890     2.5482     6.4804    6.37312     1.3149     0.1089    97.3132  0.000e+00
          0     65.546     64.999   45.82662 -129.74902    10.3459    10.3474   3.586185   3.586258    32.3894    32.3888     2.5494     6.4849    6.37320     1.3149     0.1089    97.3132  0.000e+00
          0     65.659     65.111   45.82662 -129.74902    10.3451    10.3466   3.586138   3.586227    32.3896    32.3892     2.5494     6.4859    6.37331     1.3149     0.1089    97.3132  0.000e+00
          0     65.599     65.051   45.82662 -129.74902    10.3445    10.3459   3.586064   3.586159    32.3895    32.3892     2.5482     6.4821    6.37340     1.3149     0.1079    97.3398  0.000e+00
          0     65.659     65.111   45.82662 -129.74902    10.3430    10.3448   3.585943   3.586059    32.3896    32.3891     2.5482     6.4826    6.37360     1.3003     0.1089    97.3132  0.000e+00
          0     65.659     65.111   45.82662 -129.74902    10.3421    10.3437   3.585855   3.586004    32.3895    32.3896     2.5482     6.4831    6.37373     1.3003     0.1089    97.3132  0.000e+00
          0     65.712     65.163   45.82662 -129.74902    10.3412    10.3427   3.585775   3.585904    32.3895    32.3894     2.5470     6.4796    6.37386     1.3003     0.1089    97.3132  0.000e+00
          0     65.712     65.163   45.82662 -129.74902    10.3403    10.3412   3.585653   3.585842    32.3891    32.3902     2.5470     6.4796    6.37400     1.3003     0.1089    97.3132  0.000e+00
          0     65.712     65.163   45.82662 -129.74902    10.3392    10.3397   3.585566   3.585712    32.3892    32.3902     2.5470     6.4794    6.37415     1.3149     0.1079    97.3398  0.000e+00
          0     65.764     65.215   45.82662 -129.74902    10.3376    10.3381   3.585438   3.585588    32.3893    32.3904     2.5470     6.4799    6.37437     1.3003     0.1133    97.2068  0.000e+00
          0     65.764     65.215   45.82662 -129.74902    10.3361    10.3370   3.585303   3.585458    32.3893    32.3900     2.5470     6.4805    6.37457     1.3003     0.1111    97.2600  0.000e+00
          0     65.825     65.275   45.82662 -129.74902    10.3349    10.3365   3.585196   3.585365    32.3893    32.3895     2.5458     6.4770    6.37474     1.3076     0.1089    97.3132  0.000e+00
          0     65.764     65.215   45.82662 -129.74902    10.3339    10.3355   3.585095   3.585266    32.3891    32.3894     2.5458     6.4770    6.37488     1.3003     0.1089    97.3132  0.000e+00
