AT50-29/CTD Data/AT50-29_CTD-006.ros
* Sea-Bird SBE 9 Data File:
* FileName = C:\data\ctd\at50-29006.hex
* Software Version Seasave V 7.26.7.121
* Temperature SN = 4312
* Conductivity SN = 3521
* Number of Bytes Per Scan = 40
* Number of Voltage Words = 5
* Number of Scans Averaged by the Deck Unit = 1
* NMEA Latitude = 44 22.34 N
* NMEA Longitude = 124 57.16 W
* NMEA UTC (Time) = Aug 28 2024  03:28:33
** Ship: atlantis
** Station: Endurance Offshore
** Operator: JN
# nquan = 21
# nvalues = 2328                                  
# units = specified
# name 0 = modError: Modulo Error Count
# name 1 = prDM: Pressure, Digiquartz [db]
# name 2 = depSM: Depth [salt water, m]
# name 3 = latitude: Latitude [deg]
# name 4 = longitude: Longitude [deg]
# name 5 = t090C: Temperature [ITS-90, deg C]
# name 6 = t190C: Temperature, 2 [ITS-90, deg C]
# name 7 = c0S/m: Conductivity [S/m]
# name 8 = c1S/m: Conductivity, 2 [S/m]
# name 9 = sal00: Salinity, Practical [PSU]
# name 10 = sal11: Salinity, Practical, 2 [PSU]
# name 11 = sbeox0V: Oxygen raw, SBE 43 [V]
# name 12 = sbeox0ML/L: Oxygen, SBE 43 [ml/l]
# name 13 = oxsolML/L: Oxygen Saturation, Garcia & Gordon [ml/l]
# name 14 = flECO-AFL: Fluorescence, WET Labs ECO-AFL/FL [mg/m^3]
# name 15 = CStarAt0: Beam Attenuation, WET Labs C-Star [1/m]
# name 16 = CStarTr0: Beam Transmission, WET Labs C-Star [%]
# name 17 = ph: pH
# name 18 = scan: Scan Count
# name 19 = nbf: Bottles Fired
# name 20 = flag:  0.000e+00
# interval = seconds: 0.0416667
# start_time = Aug 28 2024 03:28:33 [NMEA time, header]
# bad_flag = -9.990e-29
*END*
[from data line 1242]
          0    328.499    325.592   44.37236 -124.95268     6.1744     6.1734   3.379768   3.379700    34.0170    34.0172     0.8651     1.3899    6.92576     0.0329     0.0246    99.3871      7.639      67117         13  0.000e+00
          0    328.423    325.517   44.37236 -124.95268     6.1743     6.1734   3.379775   3.379681    34.0173    34.0171     0.8639     1.3851    6.92577     0.0329     0.0246    99.3871      7.639      67118         13  0.000e+00
          0    328.446    325.540   44.37236 -124.95268     6.1743     6.1734   3.379794   3.379700    34.0175    34.0173     0.8651     1.3897    6.92576     0.0329     0.0246    99.3871      7.639      67119         13  0.000e+00
          0    328.423    325.517   44.37236 -124.95268     6.1744     6.1734   3.379834   3.379651    34.0178    34.0167     0.8651     1.3899    6.92572     0.0329     0.0246    99.3871      7.639      67120         13  0.000e+00
          0    328.446    325.540   44.37236 -124.95268     6.1744     6.1734   3.379847   3.379669    34.0179    34.0169     0.8639     1.3850    6.92572     0.0329     0.0246    99.3871      7.639      67121         13  0.000e+00
          0    328.476    325.570   44.37236 -124.95268     6.1748     6.1736   3.379847   3.379712    34.0176    34.0172     0.8639     1.3845    6.92568     0.0329     0.0246    99.3871      7.639      67122         13  0.000e+00
          0    328.423    325.518   44.37236 -124.95268     6.1746     6.1733   3.379814   3.379700    34.0174    34.0174     0.8639     1.3840    6.92571     0.0329     0.0246    99.3871      7.639      67123         13  0.000e+00
          0    328.446    325.540   44.37236 -124.95268     6.1750     6.1734   3.379834   3.379669    34.0173    34.0169     0.8627     1.3785    6.92566     0.0329     0.0246    99.3871      7.639      67124         13  0.000e+00
          0    328.423    325.518   44.37236 -124.95268     6.1750     6.1733   3.379827   3.379681    34.0172    34.0172     0.8639     1.3831    6.92567     0.0402     0.0246    99.3871      7.639      67125         13  0.000e+00
          0    328.446    325.540   44.37236 -124.95268     6.1748     6.1734   3.379873   3.379669    34.0179    34.0169     0.8627     1.3783    6.92567     0.0402     0.0246    99.3871      7.639      67126         13  0.000e+00
          0    328.424    325.518   44.37236 -124.95268     6.1750     6.1733   3.379860   3.379712    34.0176    34.0176     0.8639     1.3823    6.92565     0.0402     0.0257    99.3605      7.639      67127         13  0.000e+00
          0    328.446    325.540   44.37236 -124.95268     6.1751     6.1734   3.379827   3.379639    34.0170    34.0166     0.8639     1.3826    6.92565     0.0402     0.0257    99.3605      7.639      67128         13  0.000e+00
          0    328.424    325.518   44.37236 -124.95268     6.1748     6.1734   3.379834   3.379651    34.0175    34.0167     0.8651     1.3873    6.92569     0.0329     0.0257    99.3605      7.639      67129         13  0.000e+00
          0    328.386    325.480   44.37236 -124.95268     6.1751     6.1733   3.379840   3.379700    34.0172    34.0174     0.8639     1.3832    6.92564     0.0329     0.0257    99.3605      7.639      67130         13  0.000e+00
          0    328.424    325.518   44.37236 -124.95268     6.1746     6.1734   3.379821   3.379651    34.0175    34.0167     0.8651     1.3879    6.92571     0.0329     0.0289    99.2807      7.639      67131         13  0.000e+00
          0    328.386    325.481   44.37236 -124.95268     6.1748     6.1734   3.379775   3.379700    34.0168    34.0173     0.8639     1.3831    6.92572     0.0329     0.0278    99.3073      7.639      67132         13  0.000e+00
          0    328.424    325.518   44.37236 -124.95268     6.1743     6.1734   3.379755   3.379669    34.0170    34.0169     0.8639     1.3828    6.92578     0.0329     0.0246    99.3871      7.639      67133         13  0.000e+00
          0    328.386    325.481   44.37236 -124.95268     6.1739     6.1734   3.379722   3.379681    34.0170    34.0171     0.8651     1.3874    6.92584     0.0329     0.0235    99.4136      7.639      67134         13  0.000e+00
          0    328.424    325.518   44.37236 -124.95268     6.1739     6.1734   3.379722   3.379700    34.0170    34.0173     0.8639     1.3827    6.92584     0.0329     0.0235    99.4136      7.639      67135         13  0.000e+00
          0    327.631    324.733   44.37236 -124.95268     6.1769     6.1794   3.379978   3.380154    34.0173    34.0168     0.8639     1.3840    6.92535     0.0256     0.0246    99.3871      7.639      67804         14  0.000e+00
          0    327.616    324.718   44.37236 -124.95268     6.1769     6.1791   3.379972   3.380135    34.0173    34.0169     0.8639     1.3837    6.92535     0.0329     0.0246    99.3871      7.639      67805         14  0.000e+00
          0    327.632    324.733   44.37236 -124.95268     6.1770     6.1787   3.379991   3.380123    34.0173    34.0172     0.8639     1.3835    6.92533     0.0402     0.0246    99.3871      7.639      67806         14  0.000e+00
          0    327.617    324.719   44.37236 -124.95268     6.1772     6.1784   3.379991   3.380135    34.0172    34.0176     0.8639     1.3832    6.92531     0.0475     0.0246    99.3871      7.639      67807         14  0.000e+00
          0    327.579    324.681   44.37236 -124.95268     6.1772     6.1787   3.380044   3.380093    34.0178    34.0168     0.8639     1.3837    6.92527     0.0402     0.0235    99.4136      7.639      67808         14  0.000e+00
          0    327.617    324.719   44.37236 -124.95268     6.1774     6.1784   3.380064   3.380135    34.0178    34.0176     0.8639     1.3834    6.92525     0.0475     0.0246    99.3871      7.639      67809         14  0.000e+00
          0    327.579    324.681   44.37236 -124.95268     6.1775     6.1784   3.380051   3.380093    34.0175    34.0171     0.8639     1.3832    6.92524     0.0475     0.0246    99.3871      7.639      67810         14  0.000e+00
          0    327.617    324.719   44.37236 -124.95268     6.1777     6.1782   3.380077   3.380093    34.0176    34.0173     0.8639     1.3830    6.92521     0.0475     0.0246    99.3871      7.639      67811         14  0.000e+00
          0    327.632    324.734   44.37236 -124.95268     6.1780     6.1786   3.380070   3.380075    34.0173    34.0167     0.8627     1.3778    6.92517     0.0475     0.0246    99.3871      7.639      67812         14  0.000e+00
          0    327.617    324.719   44.37236 -124.95268     6.1778     6.1784   3.380083   3.380093    34.0176    34.0171     0.8639     1.3819    6.92518     0.0475     0.0246    99.3871      7.639      67813         14  0.000e+00
          0    327.632    324.734   44.37236 -124.95268     6.1779     6.1784   3.380097   3.380105    34.0177    34.0173     0.8639     1.3817    6.92517     0.0402     0.0246    99.3871      7.639      67814         14  0.000e+00
          0    327.564    324.667   44.37236 -124.95268     6.1780     6.1787   3.380051   3.380063    34.0171    34.0165     0.8639     1.3815    6.92518     0.0402     0.0246    99.3871      7.639      67815         14  0.000e+00
          0    327.617    324.719   44.37236 -124.95268     6.1775     6.1784   3.380031   3.380135    34.0173    34.0176     0.8639     1.3814    6.92525     0.0402     0.0246    99.3871      7.639      67816         14  0.000e+00
          0    327.632    324.734   44.37236 -124.95268     6.1777     6.1787   3.380018   3.380093    34.0170    34.0168     0.8651     1.3862    6.92524     0.0402     0.0246    99.3871      7.639      67817         14  0.000e+00
          0    327.670    324.771   44.37236 -124.95268     6.1774     6.1784   3.380024   3.380123    34.0173    34.0174     0.8639     1.3816    6.92527     0.0402     0.0289    99.2807      7.639      67818         14  0.000e+00
          0    327.632    324.734   44.37236 -124.95268     6.1772     6.1792   3.379991   3.380105    34.0171    34.0164     0.8639     1.3821    6.92530     0.0402     0.0289    99.2807      7.639      67819         14  0.000e+00
          0    327.617    324.719   44.37236 -124.95268     6.1774     6.1791   3.379991   3.380093    34.0170    34.0165     0.8639     1.3819    6.92528     0.0402     0.0257    99.3605      7.639      67820         14  0.000e+00
          0    327.693    324.794   44.37236 -124.95268     6.1772     6.1794   3.379991   3.380105    34.0172    34.0162     0.8639     1.3824    6.92531     0.0402     0.0246    99.3871      7.639      67821         14  0.000e+00
          0    327.670    324.772   44.37236 -124.95268     6.1769     6.1792   3.379991   3.380184    34.0175    34.0173     0.8651     1.3873    6.92534     0.0402     0.0246    99.3871      7.639      67822         14  0.000e+00
          0    327.632    324.734   44.37236 -124.95268     6.1770     6.1794   3.380018   3.380166    34.0176    34.0169     0.8639     1.3827    6.92531     0.0402     0.0246    99.3871      7.639      67823         14  0.000e+00
          0    327.670    324.772   44.37236 -124.95268     6.1774     6.1791   3.380031   3.380154    34.0174    34.0171     0.8639     1.3832    6.92527     0.0402     0.0246    99.3871      7.639      67824         14  0.000e+00
          0    327.693    324.794   44.37236 -124.95268     6.1777     6.1792   3.380130   3.380154    34.0182    34.0169     0.8651     1.3880    6.92518     0.0402     0.0246    99.3871      7.639      67825         14  0.000e+00
          0    327.670    324.772   44.37236 -124.95268     6.1780     6.1791   3.380090   3.380135    34.0175    34.0169     0.8639     1.3841    6.92516     0.0402     0.0235    99.4136      7.639      67826         14  0.000e+00
          0    327.746    324.847   44.37236 -124.95268     6.1779     6.1792   3.380084   3.380123    34.0175    34.0166     0.8639     1.3840    6.92518     0.0475     0.0246    99.3871      7.639      67827         14  0.000e+00
          0    327.670    324.772   44.37236 -124.95268     6.1777     6.1789   3.380057   3.380135    34.0174    34.0171     0.8639     1.3831    6.92522     0.0475     0.0257    99.3605      7.639      67828         14  0.000e+00
          0    327.746    324.847   44.37236 -124.95268     6.1777     6.1791   3.380011   3.380154    34.0168    34.0171     0.8639     1.3830    6.92524     0.0475     0.0257    99.3605      7.639      67829         14  0.000e+00
          0    327.731    324.832   44.37236 -124.95268     6.1779     6.1787   3.380064   3.380105    34.0172    34.0169     0.8651     1.3878    6.92519     0.0402     0.0257    99.3605      7.639      67830         14  0.000e+00
          0    327.746    324.847   44.37236 -124.95268     6.1780     6.1787   3.380090   3.380123    34.0174    34.0170     0.8651     1.3882    6.92517     0.0256     0.0246    99.3871      7.639      67831         14  0.000e+00
          0    327.731    324.832   44.37236 -124.95268     6.1782     6.1784   3.380149   3.380123    34.0179    34.0174     0.8651     1.3886    6.92511     0.0256     0.0246    99.3871      7.639      67832         14  0.000e+00
          0    327.746    324.847   44.37236 -124.95266     6.1783     6.1786   3.380136   3.380105    34.0176    34.0170     0.8639     1.3846    6.92510     0.0256     0.0257    99.3605      7.639      67833         14  0.000e+00
          0    327.784    324.884   44.37236 -124.95266     6.1783     6.1786   3.380123   3.380123    34.0174    34.0172     0.8639     1.3851    6.92511     0.0256     0.0246    99.3871      7.639      67834         14  0.000e+00
          0    327.807    324.907   44.37236 -124.95266     6.1785     6.1785   3.380110   3.380075    34.0171    34.0167     0.8627     1.3799    6.92510     0.0256     0.0257    99.3605      7.639      67835         14  0.000e+00
          0    327.784    324.884   44.37236 -124.95266     6.1782     6.1786   3.380116   3.380093    34.0175    34.0168     0.8639     1.3840    6.92513     0.0256     0.0246    99.3871      7.639      67836         14  0.000e+00
          0    327.807    324.907   44.37236 -124.95266     6.1783     6.1785   3.380123   3.380136    34.0174    34.0174     0.8627     1.3788    6.92511     0.0256     0.0246    99.3871      7.639      67837         14  0.000e+00
          0    327.845    324.944   44.37236 -124.95266     6.1787     6.1784   3.380143   3.380123    34.0173    34.0173     0.8639     1.3830    6.92506     0.0256     0.0278    99.3073      7.639      67838         14  0.000e+00
          0    327.860    324.959   44.37236 -124.95266     6.1787     6.1783   3.380162   3.380093    34.0175    34.0171     0.8639     1.3835    6.92506     0.0256     0.0278    99.3073      7.639      67839         14  0.000e+00
          0    327.845    324.944   44.37236 -124.95266     6.1790     6.1784   3.380176   3.380105    34.0173    34.0172     0.8651     1.3884    6.92501     0.0256     0.0246    99.3871      7.639      67840         14  0.000e+00
          0    327.860    324.959   44.37236 -124.95266     6.1787     6.1783   3.380182   3.380093    34.0177    34.0171     0.8627     1.3795    6.92504     0.0256     0.0235    99.4136      7.639      67841         14  0.000e+00
          0    327.898    324.997   44.37236 -124.95266     6.1789     6.1784   3.380176   3.380075    34.0174    34.0167     0.8639     1.3845    6.92503     0.0256     0.0235    99.4136      7.639      67842         14  0.000e+00
          0    327.913    325.012   44.37236 -124.95266     6.1789     6.1782   3.380202   3.380093    34.0177    34.0171     0.8639     1.3844    6.92501     0.0329     0.0235    99.4136      7.639      67843         14  0.000e+00
          0    327.898    324.997   44.37236 -124.95266     6.1787     6.1783   3.380123   3.380075    34.0170    34.0169     0.8639     1.3843    6.92507     0.0329     0.0246    99.3871      7.639      67844         14  0.000e+00
          0    327.913    325.012   44.37236 -124.95266     6.1787     6.1782   3.380136   3.380063    34.0172    34.0168     0.8651     1.3893    6.92507     0.0329     0.0246    99.3871      7.639      67845         14  0.000e+00
          0    327.898    324.997   44.37236 -124.95266     6.1785     6.1781   3.380162   3.380063    34.0177    34.0169     0.8639     1.3841    6.92507     0.0256     0.0246    99.3871      7.639      67846         14  0.000e+00
          0    327.973    325.072   44.37236 -124.95266     6.1790     6.1781   3.380176   3.380075    34.0173    34.0170     0.8639     1.3840    6.92501     0.0256     0.0246    99.3871      7.639      67847         14  0.000e+00
          0    327.951    325.050   44.37236 -124.95266     6.1789     6.1784   3.380143   3.380093    34.0171    34.0170     0.8639     1.3839    6.92504     0.0256     0.0235    99.4136      7.639      67848         14  0.000e+00
          0    327.974    325.072   44.37236 -124.95266     6.1789     6.1780   3.380156   3.380075    34.0172    34.0172     0.8639     1.3837    6.92504     0.0256     0.0246    99.3871      7.639      67849         14  0.000e+00
          0    328.011    325.110   44.37236 -124.95266     6.1790     6.1780   3.380176   3.380093    34.0172    34.0174     0.8639     1.3836    6.92501     0.0256     0.0235    99.4136      7.634      67850         14  0.000e+00
          0    328.011    325.110   44.37236 -124.95266     6.1787     6.1778   3.380163   3.380045    34.0174    34.0170     0.8639     1.3841    6.92506     0.0256     0.0246    99.3871      7.639      67851         14  0.000e+00
          0    327.974    325.072   44.37236 -124.95266     6.1786     6.1778   3.380136   3.380063    34.0173    34.0172     0.8639     1.3840    6.92508     0.0256     0.0246    99.3871      7.639      67852         14  0.000e+00
