AT50-29/CTD Data/AT50-29_CTD-003.ros
* Sea-Bird SBE 9 Data File:
* FileName = C:\data\ctd\at50-29003.hex
* Software Version Seasave V 7.26.7.121
* Temperature SN = 4312
* Conductivity SN = 3521
* Number of Bytes Per Scan = 40
* Number of Voltage Words = 5
* Number of Scans Averaged by the Deck Unit = 1
* NMEA Latitude = 44 30.70 N
* NMEA Longitude = 125 23.98 W
* NMEA UTC (Time) = Aug 10 2024  08:15:39
** Ship: atlantis
** Station: Slope Base
** Operator: JN
# nquan = 20
# nvalues = 2328                                  
# units = specified
# name 0 = modError: Modulo Error Count
# name 1 = prDM: Pressure, Digiquartz [db]
# name 2 = depSM: Depth [salt water, m]
# name 3 = latitude: Latitude [deg]
# name 4 = longitude: Longitude [deg]
# name 5 = t090C: Temperature [ITS-90, deg C]
# name 6 = t190C: Temperature, 2 [ITS-90, deg C]
# name 7 = c0S/m: Conductivity [S/m]
# name 8 = c1S/m: Conductivity, 2 [S/m]
# name 9 = sal00: Salinity, Practical [PSU]
# name 10 = sal11: Salinity, Practical, 2 [PSU]
# name 11 = sbeox0V: Oxygen raw, SBE 43 [V]
# name 12 = sbeox0ML/L: Oxygen, SBE 43 [ml/l]
# name 13 = oxsolML/L: Oxygen Saturation, Garcia & Gordon [ml/l]
# name 14 = flECO-AFL: Fluorescence, WET Labs ECO-AFL/FL [mg/m^3]
# name 15 = CStarAt0: Beam Attenuation, WET Labs C-Star [1/m]
# name 16 = CStarTr0: Beam Transmission, WET Labs C-Star [%]
# name 17 = scan: Scan Count
# name 18 = nbf: Bottles Fired
# name 19 = flag:  0.000e+00
# interval = seconds: 0.0416667
# start_time = Aug 10 2024 08:15:39 [NMEA time, header]
# bad_flag = -9.990e-29
*END*
[from data line 1159]
          0   2943.377   2899.355   44.51164 -125.39962     1.7286     1.7290   3.148608   3.148438    34.6429    34.6404     0.8134     1.9054    7.68169     0.0402     0.0461    98.8553      90599         12  0.000e+00
          0   2943.440   2899.417   44.51164 -125.39962     1.7286     1.7292   3.148659   3.148402    34.6435    34.6397     0.8122     1.8984    7.68166     0.0475     0.0461    98.8553      90600         12  0.000e+00
          0   2943.440   2899.417   44.51164 -125.39962     1.7288     1.7290   3.148646   3.148432    34.6432    34.6403     0.8122     1.8984    7.68164     0.0402     0.0471    98.8287      90601         12  0.000e+00
          0   2943.377   2899.355   44.51164 -125.39962     1.7286     1.7290   3.148627   3.148432    34.6431    34.6403     0.8109     1.8915    7.68168     0.0402     0.0493    98.7755      90602         12  0.000e+00
          0   2943.441   2899.417   44.51164 -125.39962     1.7289     1.7289   3.148627   3.148408    34.6428    34.6401     0.8122     1.8989    7.68163     0.0402     0.0471    98.8287      90603         12  0.000e+00
          0   2942.745   2898.736   44.51164 -125.39962     1.7288     1.7290   3.148556   3.148373    34.6424    34.6399     0.8110     1.9007    7.68168     0.0475     0.0461    98.8553      91219         13  0.000e+00
          0   2942.745   2898.736   44.51164 -125.39962     1.7284     1.7289   3.148569   3.148432    34.6429    34.6408     0.8122     1.9081    7.68172     0.0475     0.0461    98.8553      91220         13  0.000e+00
          0   2942.689   2898.682   44.51164 -125.39962     1.7284     1.7290   3.148569   3.148343    34.6429    34.6395     0.8122     1.9083    7.68172     0.0402     0.0461    98.8553      91221         13  0.000e+00
          0   2942.689   2898.682   44.51164 -125.39962     1.7286     1.7289   3.148550   3.148408    34.6425    34.6405     0.8110     1.8993    7.68171     0.0256     0.0461    98.8553      91222         13  0.000e+00
          0   2942.690   2898.683   44.51164 -125.39962     1.7286     1.7292   3.148556   3.148343    34.6426    34.6393     0.8122     1.9068    7.68171     0.0329     0.0461    98.8553      91223         13  0.000e+00
          0   2942.690   2898.683   44.51164 -125.39962     1.7286     1.7289   3.148569   3.148402    34.6427    34.6404     0.8110     1.8979    7.68170     0.0256     0.0461    98.8553      91224         13  0.000e+00
          0   2942.690   2898.683   44.51164 -125.39962     1.7288     1.7289   3.148588   3.148373    34.6428    34.6401     0.8122     1.9054    7.68166     0.0256     0.0461    98.8553      91225         13  0.000e+00
          0   2942.627   2898.621   44.51164 -125.39962     1.7284     1.7289   3.148556   3.148384    34.6428    34.6402     0.8110     1.8966    7.68173     0.0256     0.0461    98.8553      91226         13  0.000e+00
          0   2942.627   2898.621   44.51164 -125.39962     1.7288     1.7288   3.148556   3.148373    34.6424    34.6402     0.8122     1.9020    7.68168     0.0256     0.0461    98.8553      91227         13  0.000e+00
          0   2942.627   2898.621   44.51164 -125.39962     1.7286     1.7290   3.148569   3.148402    34.6428    34.6403     0.8110     1.8955    7.68170     0.0329     0.0504    98.7489      91228         13  0.000e+00
          0   2942.690   2898.683   44.51164 -125.39962     1.7288     1.7289   3.148576   3.148402    34.6426    34.6404     0.8110     1.8939    7.68167     0.0256     0.0482    98.8021      91229         13  0.000e+00
          0   2942.564   2898.559   44.51164 -125.39962     1.7288     1.7289   3.148569   3.148384    34.6426    34.6402     0.8122     1.8995    7.68167     0.0256     0.0450    98.8819      91230         13  0.000e+00
          0   2942.627   2898.621   44.51164 -125.39962     1.7288     1.7290   3.148569   3.148402    34.6426    34.6403     0.8122     1.9001    7.68167     0.0256     0.0450    98.8819      91231         13  0.000e+00
          0   2942.627   2898.621   44.51164 -125.39962     1.7286     1.7289   3.148569   3.148402    34.6428    34.6404     0.8122     1.8985    7.68170     0.0256     0.0450    98.8819      91232         13  0.000e+00
          0   2942.627   2898.621   44.51164 -125.39962     1.7286     1.7289   3.148550   3.148373    34.6425    34.6401     0.8135     1.9083    7.68171     0.0329     0.0461    98.8553      91233         13  0.000e+00
          0   2942.564   2898.559   44.51164 -125.39962     1.7284     1.7290   3.148556   3.148384    34.6428    34.6401     0.8122     1.9017    7.68172     0.0256     0.0461    98.8553      91234         13  0.000e+00
          0   2942.627   2898.621   44.51164 -125.39962     1.7286     1.7289   3.148550   3.148402    34.6425    34.6404     0.8135     1.9114    7.68171     0.0329     0.0450    98.8819      91235         13  0.000e+00
          0   2942.564   2898.560   44.51164 -125.39962     1.7288     1.7290   3.148556   3.148373    34.6425    34.6399     0.8122     1.9046    7.68168     0.0256     0.0461    98.8553      91236         13  0.000e+00
          0   2942.564   2898.560   44.51164 -125.39962     1.7286     1.7289   3.148550   3.148402    34.6426    34.6405     0.8122     1.9050    7.68171     0.0256     0.0461    98.8553      91237         13  0.000e+00
          0   2942.627   2898.621   44.51164 -125.39962     1.7286     1.7289   3.148556   3.148373    34.6426    34.6401     0.8122     1.9031    7.68170     0.0256     0.0461    98.8553      91238         13  0.000e+00
          0   2942.509   2898.506   44.51164 -125.39962     1.7288     1.7290   3.148569   3.148384    34.6426    34.6401     0.8122     1.9033    7.68167     0.0256     0.0461    98.8553      91239         13  0.000e+00
          0   2942.627   2898.622   44.51164 -125.39962     1.7286     1.7289   3.148576   3.148432    34.6428    34.6408     0.8122     1.9036    7.68169     0.0329     0.0461    98.8553      91240         13  0.000e+00
          0   2942.564   2898.560   44.51164 -125.39962     1.7286     1.7290   3.148569   3.148373    34.6428    34.6399     0.8110     1.8946    7.68169     0.0256     0.0461    98.8553      91241         13  0.000e+00
          0   2942.627   2898.622   44.51164 -125.39962     1.7288     1.7288   3.148588   3.148402    34.6428    34.6406     0.8122     1.9021    7.68166     0.0256     0.0450    98.8819      91242         13  0.000e+00
          0   2942.564   2898.560   44.51164 -125.39962     1.7284     1.7291   3.148576   3.148384    34.6430    34.6400     0.8122     1.9025    7.68171     0.0256     0.0461    98.8553      91243         13  0.000e+00
          0   2942.564   2898.560   44.51164 -125.39962     1.7288     1.7292   3.148569   3.148402    34.6426    34.6401     0.8122     1.9028    7.68167     0.0256     0.0461    98.8553      91244         13  0.000e+00
          0   2942.564   2898.560   44.51164 -125.39962     1.7286     1.7289   3.148588   3.148402    34.6430    34.6405     0.8122     1.9032    7.68168     0.0329     0.0461    98.8553      91245         13  0.000e+00
          0   2942.628   2898.622   44.51164 -125.39962     1.7286     1.7289   3.148582   3.148402    34.6429    34.6404     0.8122     1.9036    7.68169     0.0256     0.0461    98.8553      91246         13  0.000e+00
          0   2942.564   2898.560   44.51164 -125.39962     1.7286     1.7290   3.148588   3.148384    34.6430    34.6401     0.8135     1.9132    7.68168     0.0329     0.0450    98.8819      91247         13  0.000e+00
          0   2942.564   2898.560   44.51164 -125.39962     1.7288     1.7290   3.148582   3.148432    34.6428    34.6407     0.8122     1.9063    7.68166     0.0329     0.0493    98.7755      91248         13  0.000e+00
          0   2942.628   2898.622   44.51164 -125.39962     1.7286     1.7290   3.148576   3.148343    34.6428    34.6395     0.8135     1.9159    7.68169     0.0329     0.0493    98.7755      91249         13  0.000e+00
          0   2942.565   2898.560   44.51164 -125.39962     1.7288     1.7292   3.148588   3.148402    34.6429    34.6401     0.8122     1.9089    7.68166     0.0329     0.0471    98.8287      91250         13  0.000e+00
          0   2942.691   2898.684   44.51164 -125.39962     1.7284     1.7292   3.148582   3.148408    34.6431    34.6401     0.8122     1.9091    7.68171     0.0329     0.0461    98.8553      91251         13  0.000e+00
          0   2942.565   2898.560   44.51164 -125.39962     1.7288     1.7290   3.148588   3.148373    34.6429    34.6399     0.8122     1.9070    7.68166     0.0402     0.0461    98.8553      91252         13  0.000e+00
          0   2942.628   2898.622   44.51164 -125.39962     1.7286     1.7292   3.148595   3.148402    34.6431    34.6401     0.8122     1.9071    7.68168     0.0329     0.0461    98.8553      91253         13  0.000e+00
          0   2942.628   2898.622   44.51164 -125.39962     1.7289     1.7294   3.148601   3.148402    34.6428    34.6399     0.8122     1.9072    7.68163     0.0402     0.0450    98.8819      91254         13  0.000e+00
          0   2942.628   2898.622   44.51164 -125.39962     1.7289     1.7292   3.148582   3.148373    34.6426    34.6397     0.8122     1.9096    7.68164     0.0329     0.0461    98.8553      91255         13  0.000e+00
          0   2942.691   2898.684   44.51164 -125.39962     1.7288     1.7291   3.148588   3.148385    34.6428    34.6400     0.8122     1.9098    7.68166     0.0329     0.0461    98.8553      91256         13  0.000e+00
          0   2942.628   2898.622   44.51164 -125.39962     1.7286     1.7290   3.148595   3.148402    34.6431    34.6403     0.8110     1.8984    7.68168     0.0329     0.0471    98.8287      91257         13  0.000e+00
          0   2942.691   2898.684   44.51164 -125.39962     1.7286     1.7292   3.148576   3.148373    34.6428    34.6397     0.8122     1.9057    7.68169     0.0329     0.0461    98.8553      91258         13  0.000e+00
          0   2942.691   2898.684   44.51164 -125.39962     1.7286     1.7290   3.148569   3.148373    34.6427    34.6399     0.8122     1.9059    7.68170     0.0402     0.0461    98.8553      91259         13  0.000e+00
          0   2942.691   2898.684   44.51164 -125.39962     1.7289     1.7290   3.148576   3.148385    34.6425    34.6400     0.8110     1.8968    7.68165     0.0329     0.0461    98.8553      91260         13  0.000e+00
          0   2942.691   2898.684   44.51164 -125.39962     1.7288     1.7289   3.148569   3.148373    34.6426    34.6401     0.8122     1.9042    7.68167     0.0402     0.0461    98.8553      91261         13  0.000e+00
          0   2942.691   2898.684   44.51164 -125.39962     1.7286     1.7292   3.148569   3.148373    34.6427    34.6397     0.8122     1.9067    7.68170     0.0329     0.0461    98.8553      91262         13  0.000e+00
          0   2942.692   2898.684   44.51164 -125.39962     1.7286     1.7290   3.148569   3.148432    34.6427    34.6406     0.8122     1.9071    7.68170     0.0329     0.0461    98.8553      91263         13  0.000e+00
          0   2942.810   2898.800   44.51164 -125.39962     1.7286     1.7290   3.148569   3.148408    34.6427    34.6403     0.8122     1.9075    7.68170     0.0402     0.0471    98.8287      91264         13  0.000e+00
          0   2942.747   2898.739   44.51164 -125.39962     1.7286     1.7290   3.148569   3.148373    34.6427    34.6399     0.8110     1.9008    7.68170     0.0329     0.0461    98.8553      91265         13  0.000e+00
          0   2942.747   2898.739   44.51164 -125.39962     1.7288     1.7289   3.148569   3.148402    34.6425    34.6404     0.8122     1.9084    7.68168     0.0402     0.0461    98.8553      91266         13  0.000e+00
          0   2942.747   2898.739   44.51164 -125.39962     1.7288     1.7290   3.148588   3.148402    34.6428    34.6402     0.8122     1.9090    7.68166     0.0329     0.0461    98.8553      91267         13  0.000e+00
          0   2942.810   2898.801   44.51164 -125.39962     1.7286     1.7286   3.148582   3.148385    34.6428    34.6404     0.8122     1.9073    7.68169     0.0329     0.0482    98.8021      91268         13  0.000e+00
          0   2942.874   2898.863   44.51164 -125.39962     1.7284     1.7290   3.148550   3.148373    34.6426    34.6398     0.8122     1.9078    7.68174     0.0329     0.0504    98.7489      91269         13  0.000e+00
          0   2942.747   2898.739   44.51164 -125.39962     1.7286     1.7290   3.148582   3.148343    34.6429    34.6395     0.8122     1.9082    7.68169     0.0329     0.0471    98.8287      91270         13  0.000e+00
          0   2942.874   2898.863   44.51164 -125.39962     1.7286     1.7292   3.148582   3.148373    34.6428    34.6396     0.8122     1.9064    7.68169     0.0329     0.0461    98.8553      91271         13  0.000e+00
          0   2942.811   2898.801   44.51164 -125.39962     1.7286     1.7290   3.148588   3.148408    34.6429    34.6403     0.8110     1.8975    7.68169     0.0329     0.0461    98.8553      91272         13  0.000e+00
          0   2942.874   2898.863   44.51164 -125.39962     1.7288     1.7290   3.148582   3.148402    34.6426    34.6402     0.8122     1.9028    7.68167     0.0475     0.0461    98.8553      91273         13  0.000e+00
          0   2942.874   2898.863   44.51164 -125.39962     1.7286     1.7289   3.148588   3.148402    34.6429    34.6403     0.8122     1.9032    7.68169     0.0402     0.0461    98.8553      91274         13  0.000e+00
          0   2942.937   2898.925   44.51164 -125.39962     1.7288     1.7292   3.148556   3.148402    34.6423    34.6399     0.8110     1.8920    7.68169     0.0402     0.0461    98.8553      91275         13  0.000e+00
          0   2942.874   2898.863   44.51164 -125.39962     1.7286     1.7290   3.148601   3.148373    34.6430    34.6398     0.8122     1.8995    7.68168     0.0475     0.0461    98.8553      91276         13  0.000e+00
          0   2942.937   2898.925   44.51164 -125.39962     1.7286     1.7290   3.148563   3.148438    34.6425    34.6406     0.8122     1.8976    7.68171     0.0402     0.0461    98.8553      91277         13  0.000e+00
          0   2942.937   2898.925   44.51164 -125.39962     1.7288     1.7294   3.148582   3.148432    34.6426    34.6401     0.8122     1.8957    7.68167     0.0475     0.0461    98.8553      91278         13  0.000e+00
          0   2942.993   2898.979   44.51164 -125.39962     1.7288     1.7289   3.148595   3.148402    34.6427    34.6403     0.8122     1.8958    7.68167     0.0402     0.0461    98.8553      91279         13  0.000e+00
          0   2942.937   2898.925   44.51164 -125.39962     1.7288     1.7290   3.148576   3.148432    34.6425    34.6405     0.8122     1.8960    7.68168     0.0402     0.0461    98.8553      91280         13  0.000e+00
          0   2943.056   2899.041   44.51164 -125.39962     1.7288     1.7294   3.148588   3.148408    34.6426    34.6398     0.8122     1.8962    7.68167     0.0475     0.0461    98.8553      91281         13  0.000e+00
          0   2942.993   2898.979   44.51164 -125.39962     1.7288     1.7290   3.148601   3.148402    34.6428    34.6401     0.8122     1.8986    7.68166     0.0402     0.0461    98.8553      91282         13  0.000e+00
          0   2942.993   2898.979   44.51164 -125.39962     1.7288     1.7290   3.148614   3.148402    34.6430    34.6401     0.8122     1.8989    7.68165     0.0475     0.0461    98.8553      91283         13  0.000e+00
          0   2943.119   2899.103   44.51164 -125.39962     1.7288     1.7290   3.148627   3.148402    34.6431    34.6400     0.8122     1.9014    7.68165     0.0402     0.0461    98.8553      91284         13  0.000e+00
