AT50-29/CTD Data/AT50-29_CTD-002.cnv
* Sea-Bird SBE 9 Data File:
* FileName = C:\data\ctd\at50-29002.hex
* Software Version Seasave V 7.26.7.121
* Temperature SN = 4312
* Conductivity SN = 3521
* Number of Bytes Per Scan = 40
* Number of Voltage Words = 5
* Number of Scans Averaged by the Deck Unit = 1
* NMEA Latitude = 44 31.48 N
* NMEA Longitude = 125 23.27 W
* NMEA UTC (Time) = Aug 09 2024  19:36:49
** Ship: atlantis
** Station: Slope Base
** Operator: MW
# nquan = 19
# nvalues = 17919                                 
# units = specified
# name 0 = modError: Modulo Error Count
# name 1 = prDM: Pressure, Digiquartz [db]
# name 2 = depSM: Depth [salt water, m]
# name 3 = latitude: Latitude [deg]
# name 4 = longitude: Longitude [deg]
# name 5 = t090C: Temperature [ITS-90, deg C]
# name 6 = t190C: Temperature, 2 [ITS-90, deg C]
# name 7 = c0S/m: Conductivity [S/m]
# name 8 = c1S/m: Conductivity, 2 [S/m]
# name 9 = sal00: Salinity, Practical [PSU]
# name 10 = sal11: Salinity, Practical, 2 [PSU]
# name 11 = sbeox0V: Oxygen raw, SBE 43 [V]
# name 12 = sbeox0ML/L: Oxygen, SBE 43 [ml/l]
# name 13 = oxsolML/L: Oxygen Saturation, Garcia & Gordon [ml/l]
# name 14 = flECO-AFL: Fluorescence, WET Labs ECO-AFL/FL [mg/m^3]
# name 15 = CStarAt0: Beam Attenuation, WET Labs C-Star [1/m]
# name 16 = CStarTr0: Beam Transmission, WET Labs C-Star [%]
# name 17 = ph: pH
# name 18 = flag:  0.000e+00
# span 0 =          0,          0                 
# span 1 =      1.582,    222.861                 
# span 2 =      1.569,    220.942                 
# span 3 =   44.52470,   44.52472                 
# span 4 = -125.38778, -125.38776                 
# span 5 =     7.0474,    17.8816                 
# span 6 =     7.0466,    17.8826                 
# span 7 =   3.445240,   4.187603                 
# span 8 =   3.445101,   4.187684                 
# span 9 =    31.6763,    33.9293                 
# span 10 =    31.6694,    33.9291                
# span 11 =     1.1508,     2.6875                
# span 12 =     2.3181,     6.7557                
# span 13 =    5.49166,    6.79145                
# span 14 =     0.0036,     1.6153                
# span 15 =     0.0214,     0.1806                
# span 16 =    95.5850,    99.4668                
# span 17 =      7.694,      8.216                
# span 18 = 0.0000e+00, 0.0000e+00                
# interval = seconds: 0.0416667
# start_time = Aug 09 2024 19:36:49 [NMEA time, header]
# bad_flag = -9.990e-29
*END*
[from data line 11962]
          0    199.075    197.372   44.52470 -125.38776     7.3444     7.3439   3.468010   3.467882    33.8964    33.8956     1.2424     2.6078    6.74690     0.0256     0.0299    99.2541      7.722  0.000e+00
          0    199.075    197.372   44.52470 -125.38776     7.3441     7.3439   3.467984   3.467870    33.8964    33.8954     1.2412     2.6030    6.74695     0.0256     0.0299    99.2541      7.722  0.000e+00
          0    199.060    197.357   44.52470 -125.38776     7.3441     7.3436   3.467964   3.467821    33.8962    33.8951     1.2424     2.6078    6.74696     0.0256     0.0321    99.2009      7.722  0.000e+00
          0    199.188    197.484   44.52470 -125.38776     7.3441     7.3439   3.467964   3.467821    33.8962    33.8948     1.2412     2.6031    6.74696     0.0256     0.0321    99.2009      7.722  0.000e+00
          0    199.127    197.424   44.52470 -125.38776     7.3436     7.3439   3.467911   3.467852    33.8961    33.8952     1.2412     2.6026    6.74704     0.0329     0.0310    99.2275      7.722  0.000e+00
          0    199.188    197.484   44.52470 -125.38776     7.3436     7.3435   3.467904   3.467821    33.8960    33.8952     1.2412     2.6021    6.74705     0.0256     0.0299    99.2541      7.722  0.000e+00
          0    199.188    197.484   44.52470 -125.38776     7.3432     7.3432   3.467831   3.467791    33.8956    33.8952     1.2424     2.6070    6.74712     0.0256     0.0299    99.2541      7.722  0.000e+00
          0    199.165    197.462   44.52470 -125.38776     7.3431     7.3430   3.467857   3.467760    33.8960    33.8950     1.2412     2.6024    6.74713     0.0256     0.0299    99.2541      7.722  0.000e+00
          0    199.293    197.589   44.52470 -125.38776     7.3426     7.3429   3.467818   3.467760    33.8960    33.8951     1.2424     2.6074    6.74720     0.0256     0.0299    99.2541      7.722  0.000e+00
          0    199.240    197.536   44.52470 -125.38776     7.3423     7.3422   3.467798   3.467699    33.8961    33.8951     1.2424     2.6075    6.74724     0.0402     0.0299    99.2541      7.726  0.000e+00
          0    199.293    197.589   44.52470 -125.38776     7.3417     7.3419   3.467764   3.467699    33.8962    33.8954     1.2412     2.6036    6.74732     0.0329     0.0299    99.2541      7.722  0.000e+00
          0    199.293    197.589   44.52470 -125.38776     7.3414     7.3416   3.467651   3.467668    33.8953    33.8954     1.2412     2.6033    6.74741     0.0329     0.0299    99.2541      7.722  0.000e+00
          0    199.353    197.648   44.52470 -125.38776     7.3410     7.3411   3.467691   3.467638    33.8962    33.8955     1.2412     2.6030    6.74744     0.0329     0.0299    99.2541      7.722  0.000e+00
          0    199.338    197.633   44.52470 -125.38776     7.3409     7.3411   3.467665   3.467589    33.8959    33.8949     1.2424     2.6074    6.74746     0.0329     0.0299    99.2541      7.722  0.000e+00
          0    199.353    197.648   44.52470 -125.38776     7.3405     7.3409   3.467651   3.467540    33.8962    33.8945     1.2424     2.6077    6.74751     0.0402     0.0299    99.2541      7.722  0.000e+00
          0    199.406    197.701   44.52470 -125.38776     7.3404     7.3409   3.467625   3.467540    33.8959    33.8945     1.2424     2.6080    6.74753     0.0329     0.0299    99.2541      7.722  0.000e+00
          0    199.406    197.701   44.52470 -125.38776     7.3401     7.3408   3.467578   3.467479    33.8958    33.8940     1.2412     2.6036    6.74759     0.0329     0.0299    99.2541      7.722  0.000e+00
          0    199.353    197.648   44.52470 -125.38776     7.3396     7.3403   3.467532   3.467479    33.8957    33.8945     1.2424     2.6074    6.74767     0.0329     0.0299    99.2541      7.722  0.000e+00
          0    199.557    197.850   44.52470 -125.38776     7.3394     7.3400   3.467519   3.467509    33.8957    33.8951     1.2412     2.6030    6.74770     0.0329     0.0299    99.2541      7.726  0.000e+00
          0    199.519    197.813   44.52470 -125.38776     7.3392     7.3396   3.467512   3.467448    33.8959    33.8948     1.2412     2.6027    6.74773     0.0402     0.0299    99.2541      7.722  0.000e+00
          0    199.519    197.813   44.52470 -125.38776     7.3388     7.3393   3.467492   3.467418    33.8960    33.8947     1.2412     2.6031    6.74778     0.0329     0.0299    99.2541      7.722  0.000e+00
          0    199.519    197.813   44.52470 -125.38776     7.3386     7.3390   3.467499   3.467418    33.8963    33.8950     1.2412     2.6029    6.74779     0.0329     0.0299    99.2541      7.722  0.000e+00
          0    199.519    197.813   44.52470 -125.38776     7.3387     7.3385   3.467492   3.467356    33.8961    33.8949     1.2412     2.6033    6.74779     0.0329     0.0321    99.2009      7.722  0.000e+00
          0    199.632    197.925   44.52470 -125.38776     7.3383     7.3385   3.467499   3.467418    33.8966    33.8955     1.2424     2.6092    6.74784     0.0329     0.0332    99.1744      7.722  0.000e+00
          0    199.617    197.910   44.52470 -125.38776     7.3378     7.3385   3.467426   3.467399    33.8962    33.8953     1.2424     2.6109    6.74792     0.0402     0.0310    99.2275      7.726  0.000e+00
          0    199.632    197.925   44.52470 -125.38776     7.3373     7.3382   3.467373   3.467387    33.8962    33.8954     1.2424     2.6120    6.74801     0.0329     0.0299    99.2541      7.726  0.000e+00
          0    199.685    197.977   44.52470 -125.38776     7.3368     7.3377   3.467326   3.467326    33.8961    33.8953     1.2424     2.6126    6.74808     0.0329     0.0299    99.2541      7.726  0.000e+00
          0    199.685    197.977   44.52470 -125.38776     7.3362     7.3366   3.467280   3.467265    33.8962    33.8957     1.2412     2.6085    6.74817     0.0329     0.0299    99.2541      7.722  0.000e+00
          0    199.685    197.977   44.52470 -125.38776     7.3354     7.3358   3.467187   3.467197    33.8960    33.8957     1.2424     2.6133    6.74831     0.0329     0.0299    99.2541      7.722  0.000e+00
          0    199.722    198.014   44.52470 -125.38776     7.3348     7.3350   3.467127   3.467106    33.8959    33.8955     1.2424     2.6139    6.74841     0.0402     0.0299    99.2541      7.722  0.000e+00
          0    199.798    198.089   44.52470 -125.38776     7.3335     7.3342   3.467014   3.467045    33.8959    33.8956     1.2424     2.6146    6.74860     0.0329     0.0299    99.2541      7.722  0.000e+00
          0    199.798    198.089   44.52470 -125.38776     7.3322     7.3330   3.466894   3.466983    33.8958    33.8960     1.2412     2.6099    6.74880     0.0329     0.0299    99.2541      7.722  0.000e+00
          0    199.798    198.089   44.52470 -125.38776     7.3312     7.3322   3.466768   3.466861    33.8955    33.8955     1.2412     2.6100    6.74898     0.0329     0.0299    99.2541      7.722  0.000e+00
          0    199.851    198.141   44.52470 -125.38776     7.3297     7.3309   3.466655   3.466733    33.8957    33.8953     1.2412     2.6095    6.74919     0.0329     0.0299    99.2541      7.722  0.000e+00
          0    199.851    198.141   44.52470 -125.38776     7.3289     7.3300   3.466595   3.466653    33.8958    33.8954     1.2412     2.6090    6.74931     0.0402     0.0299    99.2541      7.722  0.000e+00
          0    199.896    198.186   44.52470 -125.38776     7.3282     7.3292   3.466576   3.466488    33.8962    33.8944     1.2424     2.6132    6.74940     0.0329     0.0310    99.2275      7.722  0.000e+00
          0    199.911    198.201   44.52470 -125.38776     7.3279     7.3287   3.466556   3.466549    33.8963    33.8955     1.2412     2.6091    6.74944     0.0329     0.0299    99.2541      7.722  0.000e+00
          0    199.964    198.253   44.52470 -125.38776     7.3276     7.3280   3.466529   3.466457    33.8963    33.8951     1.2412     2.6085    6.74949     0.0329     0.0299    99.2541      7.726  0.000e+00
          0    199.964    198.253   44.52470 -125.38776     7.3271     7.3274   3.466516   3.466427    33.8966    33.8954     1.2412     2.6086    6.74955     0.0329     0.0299    99.2541      7.722  0.000e+00
          0    200.016    198.305   44.52470 -125.38776     7.3269     7.3274   3.466509   3.466457    33.8967    33.8957     1.2412     2.6087    6.74958     0.0329     0.0299    99.2541      7.722  0.000e+00
          0    199.964    198.253   44.52470 -125.38776     7.3267     7.3269   3.466529   3.466427    33.8971    33.8959     1.2412     2.6087    6.74959     0.0329     0.0289    99.2807      7.722  0.000e+00
          0    200.061    198.350   44.52470 -125.38776     7.3263     7.3269   3.466522   3.466427    33.8975    33.8958     1.2412     2.6089    6.74964     0.0402     0.0299    99.2541      7.722  0.000e+00
          0    200.077    198.365   44.52470 -125.38776     7.3262     7.3268   3.466516   3.466464    33.8975    33.8964     1.2412     2.6090    6.74966     0.0329     0.0310    99.2275      7.722  0.000e+00
          0    200.129    198.417   44.52470 -125.38776     7.3260     7.3262   3.466516   3.466427    33.8977    33.8965     1.2412     2.6086    6.74968     0.0329     0.0342    99.1478      7.722  0.000e+00
          0    200.077    198.365   44.52470 -125.38776     7.3255     7.3256   3.466489   3.466396    33.8979    33.8967     1.2424     2.6129    6.74975     0.0329     0.0310    99.2275      7.722  0.000e+00
          0    200.190    198.477   44.52470 -125.38776     7.3252     7.3254   3.466456   3.466396    33.8978    33.8969     1.2412     2.6089    6.74980     0.0402     0.0299    99.2541      7.722  0.000e+00
          0    200.129    198.417   44.52470 -125.38776     7.3247     7.3253   3.466403   3.466366    33.8977    33.8967     1.2412     2.6084    6.74988     0.0402     0.0299    99.2541      7.722  0.000e+00
          0    200.174    198.462   44.52470 -125.38776     7.3244     7.3247   3.466403   3.466268    33.8980    33.8963     1.2412     2.6086    6.74992     0.0329     0.0299    99.2541      7.722  0.000e+00
          0    200.242    198.529   44.52470 -125.38776     7.3240     7.3245   3.466376   3.466298    33.8981    33.8967     1.2424     2.6130    6.74997     0.0329     0.0310    99.2275      7.722  0.000e+00
          0    200.242    198.529   44.52470 -125.38776     7.3235     7.3240   3.466343   3.466298    33.8982    33.8972     1.2412     2.6090    6.75004     0.0329     0.0299    99.2541      7.722  0.000e+00
          0    200.295    198.582   44.52470 -125.38776     7.3235     7.3240   3.466343   3.466237    33.8981    33.8965     1.2412     2.6086    6.75004     0.0402     0.0299    99.2541      7.722  0.000e+00
          0    200.295    198.582   44.52470 -125.38776     7.3233     7.3235   3.466310   3.466250    33.8980    33.8971     1.2424     2.6135    6.75008     0.0402     0.0299    99.2541      7.726  0.000e+00
          0    200.295    198.582   44.52470 -125.38776     7.3229     7.3235   3.466310   3.466207    33.8984    33.8966     1.2424     2.6137    6.75013     0.0329     0.0310    99.2275      7.722  0.000e+00
          0    200.340    198.626   44.52470 -125.38776     7.3230     7.3230   3.466277   3.466207    33.8979    33.8971     1.2412     2.6091    6.75013     0.0329     0.0310    99.2275      7.722  0.000e+00
          0    200.408    198.694   44.52470 -125.38776     7.3227     7.3229   3.466244   3.466207    33.8978    33.8972     1.2412     2.6086    6.75019     0.0329     0.0299    99.2541      7.722  0.000e+00
          0    200.355    198.641   44.52470 -125.38776     7.3222     7.3227   3.466250   3.466146    33.8984    33.8967     1.2424     2.6135    6.75023     0.0329     0.0299    99.2541      7.722  0.000e+00
          0    200.408    198.694   44.52470 -125.38776     7.3219     7.3224   3.466217   3.466176    33.8983    33.8974     1.2412     2.6090    6.75029     0.0329     0.0299    99.2541      7.726  0.000e+00
          0    200.461    198.746   44.52470 -125.38776     7.3217     7.3222   3.466204   3.466146    33.8983    33.8972     1.2424     2.6139    6.75031     0.0402     0.0310    99.2275      7.722  0.000e+00
          0    200.461    198.746   44.52470 -125.38776     7.3215     7.3219   3.466177   3.466091    33.8982    33.8969     1.2412     2.6099    6.75034     0.0329     0.0310    99.2275      7.722  0.000e+00
          0    200.453    198.738   44.52470 -125.38776     7.3210     7.3217   3.466171   3.466084    33.8986    33.8970     1.2424     2.6142    6.75040     0.0329     0.0310    99.2275      7.722  0.000e+00
          0    200.521    198.806   44.52470 -125.38776     7.3210     7.3214   3.466144   3.466054    33.8983    33.8969     1.2412     2.6096    6.75042     0.0329     0.0299    99.2541      7.722  0.000e+00
          0    200.521    198.806   44.52470 -125.38776     7.3207     7.3212   3.466117   3.466115    33.8983    33.8978     1.2412     2.6092    6.75046     0.0402     0.0299    99.2541      7.722  0.000e+00
          0    200.574    198.858   44.52470 -125.38776     7.3204     7.3209   3.466111   3.466023    33.8985    33.8971     1.2412     2.6093    6.75051     0.0329     0.0310    99.2275      7.722  0.000e+00
          0    200.574    198.858   44.52470 -125.38776     7.3199     7.3208   3.466084   3.465993    33.8987    33.8969     1.2412     2.6095    6.75057     0.0329     0.0342    99.1478      7.722  0.000e+00
          0    200.634    198.917   44.52470 -125.38776     7.3197     7.3201   3.466058   3.465993    33.8986    33.8975     1.2412     2.6098    6.75060     0.0329     0.0321    99.2009      7.722  0.000e+00
          0    200.634    198.917   44.52470 -125.38776     7.3194     7.3201   3.465971   3.465962    33.8980    33.8972     1.2424     2.6142    6.75068     0.0329     0.0299    99.2541      7.722  0.000e+00
          0    200.619    198.903   44.52470 -125.38776     7.3189     7.3198   3.465971   3.465938    33.8984    33.8972     1.2412     2.6102    6.75073     0.0402     0.0289    99.2807      7.722  0.000e+00
          0    200.634    198.917   44.52470 -125.38776     7.3187     7.3198   3.465985   3.465895    33.8987    33.8967     1.2412     2.6098    6.75075     0.0329     0.0299    99.2541      7.722  0.000e+00
          0    200.740    199.022   44.52470 -125.38778     7.3184     7.3193   3.465918   3.465834    33.8983    33.8965     1.2412     2.6095    6.75082     0.0329     0.0299    99.2541      7.722  0.000e+00
          0    200.687    198.970   44.52470 -125.38778     7.3184     7.3187   3.465892   3.465864    33.8980    33.8975     1.2412     2.6091    6.75083     0.0329     0.0299    99.2541      7.722  0.000e+00
          0    200.740    199.022   44.52470 -125.38778     7.3178     7.3184   3.465892   3.465773    33.8986    33.8967     1.2412     2.6088    6.75090     0.0329     0.0289    99.2807      7.722  0.000e+00
          0    200.740    199.022   44.52470 -125.38778     7.3176     7.3179   3.465825   3.465803    33.8981    33.8976     1.2424     2.6132    6.75096     0.0402     0.0299    99.2541      7.722  0.000e+00
          0    200.785    199.067   44.52470 -125.38778     7.3169     7.3177   3.465799   3.465681    33.8984    33.8964     1.2412     2.6092    6.75104     0.0329     0.0299    99.2541      7.722  0.000e+00
          0    200.800    199.082   44.52470 -125.38778     7.3166     7.3176   3.465752   3.465748    33.8982    33.8972     1.2412     2.6095    6.75110     0.0329     0.0299    99.2541      7.722  0.000e+00
          0    200.853    199.134   44.52470 -125.38778     7.3163     7.3170   3.465732   3.465650    33.8983    33.8967     1.2412     2.6098    6.75115     0.0329     0.0299    99.2541      7.722  0.000e+00
          0    200.853    199.134   44.52470 -125.38778     7.3158     7.3166   3.465732   3.465620    33.8987    33.8968     1.2412     2.6101    6.75120     0.0329     0.0289    99.2807      7.722  0.000e+00
