AT50-29/CTD Data/AT50-29_CTD-004.cnv
* Sea-Bird SBE 9 Data File:
* FileName = C:\data\ctd\at50-29004.hex
* Software Version Seasave V 7.26.7.121
* Temperature SN = 4312
* Conductivity SN = 3521
* Number of Bytes Per Scan = 40
* Number of Voltage Words = 5
* Number of Scans Averaged by the Deck Unit = 1
* NMEA Latitude = 45 49.60 N
* NMEA Longitude = 129 44.94 W
* NMEA UTC (Time) = Aug 12 2024  01:28:09
** Ship: atlantis
** Station: Axial
** Operator: JN
# nquan = 18
# nvalues = 15964                                 
# units = specified
# name 0 = modError: Modulo Error Count
# name 1 = prDM: Pressure, Digiquartz [db]
# name 2 = depSM: Depth [salt water, m]
# name 3 = latitude: Latitude [deg]
# name 4 = longitude: Longitude [deg]
# name 5 = t090C: Temperature [ITS-90, deg C]
# name 6 = t190C: Temperature, 2 [ITS-90, deg C]
# name 7 = c0S/m: Conductivity [S/m]
# name 8 = c1S/m: Conductivity, 2 [S/m]
# name 9 = sal00: Salinity, Practical [PSU]
# name 10 = sal11: Salinity, Practical, 2 [PSU]
# name 11 = sbeox0V: Oxygen raw, SBE 43 [V]
# name 12 = sbeox0ML/L: Oxygen, SBE 43 [ml/l]
# name 13 = oxsolML/L: Oxygen Saturation, Garcia & Gordon [ml/l]
# name 14 = flECO-AFL: Fluorescence, WET Labs ECO-AFL/FL [mg/m^3]
# name 15 = CStarAt0: Beam Attenuation, WET Labs C-Star [1/m]
# name 16 = CStarTr0: Beam Transmission, WET Labs C-Star [%]
# name 17 = flag:  0.000e+00
# span 0 =          0,          0                 
# span 1 =      1.290,    223.061                 
# span 2 =      1.280,    221.114                 
# span 3 =   45.82660,   45.82662                 
# span 4 = -129.74904, -129.74900                 
# span 5 =     6.5239,    17.9159                 
# span 6 =     6.5294,    17.9149                 
# span 7 =   3.386508,   4.270146                 
# span 8 =   3.386503,   4.269829                 
# span 9 =    32.3437,    33.8030                 
# span 10 =    31.6705,    33.7991                
# span 11 =     1.4305,     3.8083                
# span 12 =     3.3239,     9.2649                
# span 13 =    5.46604,    6.87979                
# span 14 =    -0.0037,     1.9596                
# span 15 =     0.0332,     0.2889                
# span 16 =    93.0325,    99.1744                
# span 17 = 0.0000e+00, 0.0000e+00                
# interval = seconds: 0.0416667
# start_time = Aug 12 2024 01:28:09 [NMEA time, header]
# bad_flag = -9.990e-29
*END*
[from data line 7156]
          0    101.676    100.818   45.82662 -129.74902     8.9004     8.8923   3.485246   3.484803    32.6499    32.6528     2.1720     5.5375    6.56772     0.2160     0.0439    98.9085  0.000e+00
          0    101.758    100.900   45.82662 -129.74902     8.9017     8.8928   3.485313   3.484840    32.6493    32.6526     2.1720     5.5374    6.56755     0.2234     0.0439    98.9085  0.000e+00
          0    101.706    100.848   45.82662 -129.74902     8.9029     8.8940   3.485332   3.484735    32.6485    32.6505     2.1720     5.5372    6.56742     0.2087     0.0439    98.9085  0.000e+00
          0    101.789    100.930   45.82662 -129.74902     8.9031     8.8950   3.485286   3.484809    32.6478    32.6503     2.1720     5.5372    6.56742     0.2087     0.0439    98.9085  0.000e+00
          0    101.758    100.900   45.82662 -129.74902     8.8989     8.8957   3.485033   3.484895    32.6490    32.6505     2.1720     5.5377    6.56798     0.2087     0.0439    98.9085  0.000e+00
          0    101.759    100.900   45.82662 -129.74902     8.8926     8.8956   3.484773   3.484895    32.6521    32.6506     2.1708     5.5339    6.56877     0.1867     0.0439    98.9085  0.000e+00
          0    101.819    100.960   45.82662 -129.74902     8.8898     8.8955   3.484707   3.484962    32.6540    32.6514     2.1720     5.5388    6.56910     0.1867     0.0439    98.9085  0.000e+00
          0    101.789    100.930   45.82662 -129.74902     8.8909     8.8955   3.484727   3.484925    32.6531    32.6511     2.1720     5.5392    6.56897     0.1941     0.0439    98.9085  0.000e+00
          0    101.819    100.960   45.82662 -129.74902     8.8923     8.8945   3.484780   3.484925    32.6524    32.6520     2.1720     5.5391    6.56880     0.1941     0.0450    98.8819  0.000e+00
          0    101.819    100.960   45.82662 -129.74902     8.8924     8.8937   3.484800   3.484932    32.6525    32.6528     2.1720     5.5386    6.56878     0.1867     0.0450    98.8819  0.000e+00
          0    101.841    100.982   45.82662 -129.74902     8.8917     8.8920   3.484780   3.484833    32.6530    32.6532     2.1733     5.5427    6.56887     0.1941     0.0439    98.9085  0.000e+00
          0    101.871    101.012   45.82662 -129.74902     8.8911     8.8912   3.484787   3.484680    32.6536    32.6524     2.1720     5.5388    6.56892     0.2014     0.0471    98.8287  0.000e+00
          0    101.871    101.012   45.82662 -129.74902     8.8905     8.8911   3.484754   3.484643    32.6538    32.6521     2.1720     5.5388    6.56900     0.1867     0.0482    98.8021  0.000e+00
          0    101.871    101.012   45.82662 -129.74902     8.8898     8.8909   3.484734   3.484613    32.6542    32.6520     2.1720     5.5389    6.56909     0.1867     0.0450    98.8819  0.000e+00
          0    101.894    101.034   45.82662 -129.74902     8.8893     8.8912   3.484734   3.484650    32.6546    32.6520     2.1708     5.5344    6.56914     0.1941     0.0439    98.9085  0.000e+00
          0    101.924    101.064   45.82662 -129.74902     8.8890     8.8915   3.484734   3.484674    32.6549    32.6520     2.1720     5.5390    6.56918     0.1867     0.0439    98.9085  0.000e+00
          0    101.924    101.064   45.82662 -129.74902     8.8886     8.8920   3.484714   3.484735    32.6550    32.6522     2.1720     5.5396    6.56922     0.1867     0.0450    98.8819  0.000e+00
          0    101.894    101.034   45.82662 -129.74902     8.8888     8.8919   3.484707   3.484742    32.6548    32.6524     2.1720     5.5396    6.56920     0.1941     0.0439    98.9085  0.000e+00
          0    101.924    101.064   45.82662 -129.74902     8.8888     8.8922   3.484687   3.484772    32.6546    32.6524     2.1720     5.5402    6.56922     0.1941     0.0450    98.8819  0.000e+00
          0    101.924    101.064   45.82662 -129.74902     8.8888     8.8922   3.484674   3.484735    32.6545    32.6520     2.1720     5.5403    6.56922     0.1941     0.0450    98.8819  0.000e+00
          0    101.894    101.034   45.82662 -129.74902     8.8888     8.8924   3.484674   3.484742    32.6545    32.6519     2.1720     5.5403    6.56922     0.1867     0.0439    98.9085  0.000e+00
          0    101.984    101.124   45.82662 -129.74902     8.8885     8.8920   3.484694   3.484772    32.6549    32.6525     2.1708     5.5360    6.56925     0.1941     0.0450    98.8819  0.000e+00
          0    101.924    101.064   45.82662 -129.74902     8.8885     8.8924   3.484707   3.484778    32.6552    32.6523     2.1720     5.5400    6.56925     0.1867     0.0450    98.8819  0.000e+00
          0    101.984    101.124   45.82662 -129.74902     8.8882     8.8930   3.484707   3.484772    32.6554    32.6516     2.1708     5.5356    6.56927     0.1941     0.0439    98.9085  0.000e+00
          0    101.894    101.034   45.82662 -129.74902     8.8886     8.8937   3.484747   3.484803    32.6554    32.6514     2.1720     5.5396    6.56921     0.2014     0.0439    98.9085  0.000e+00
          0    102.037    101.176   45.82662 -129.74902     8.8890     8.8937   3.484787   3.484840    32.6554    32.6517     2.1720     5.5398    6.56915     0.1867     0.0450    98.8819  0.000e+00
          0    101.924    101.064   45.82662 -129.74902     8.8900     8.8937   3.484780   3.484864    32.6545    32.6520     2.1720     5.5397    6.56905     0.1867     0.0439    98.9085  0.000e+00
          0    101.954    101.094   45.82662 -129.74902     8.8910     8.8935   3.484787   3.484833    32.6537    32.6518     2.1720     5.5402    6.56894     0.1941     0.0439    98.9085  0.000e+00
          0    101.984    101.124   45.82662 -129.74902     8.8916     8.8932   3.484820   3.484742    32.6534    32.6512     2.1720     5.5403    6.56886     0.1941     0.0450    98.8819  0.000e+00
          0    101.984    101.124   45.82662 -129.74902     8.8918     8.8930   3.484813   3.484864    32.6532    32.6526     2.1720     5.5404    6.56884     0.1867     0.0450    98.8819  0.000e+00
          0    101.984    101.124   45.82662 -129.74902     8.8918     8.8932   3.484800   3.484840    32.6530    32.6522     2.1720     5.5406    6.56885     0.1941     0.0439    98.9085  0.000e+00
          0    101.954    101.094   45.82662 -129.74902     8.8916     8.8937   3.484840   3.484895    32.6536    32.6523     2.1720     5.5407    6.56885     0.2014     0.0471    98.8287  0.000e+00
          0    101.984    101.124   45.82662 -129.74902     8.8912     8.8952   3.484820   3.484864    32.6538    32.6506     2.1733     5.5454    6.56890     0.1867     0.0493    98.7755  0.000e+00
          0    101.984    101.124   45.82662 -129.74902     8.8909     8.8970   3.484840   3.484932    32.6542    32.6496     2.1720     5.5415    6.56892     0.1867     0.0461    98.8553  0.000e+00
          0    101.954    101.094   45.82662 -129.74902     8.8913     8.8987   3.484953   3.485017    32.6551    32.6490     2.1720     5.5410    6.56883     0.1941     0.0450    98.8819  0.000e+00
          0    101.984    101.124   45.82662 -129.74902     8.8924     8.8992   3.485006   3.485146    32.6546    32.6498     2.1733     5.5454    6.56869     0.1867     0.0461    98.8553  0.000e+00
          0    101.924    101.064   45.82662 -129.74902     8.8939     8.9000   3.485133   3.485146    32.6545    32.6491     2.1720     5.5418    6.56847     0.1867     0.0461    98.8553  0.000e+00
          0    101.954    101.094   45.82662 -129.74902     8.8968     8.9003   3.485293   3.485207    32.6536    32.6494     2.1720     5.5415    6.56810     0.1941     0.0450    98.8819  0.000e+00
          0    101.984    101.124   45.82662 -129.74902     8.8986     8.9005   3.485353   3.485213    32.6526    32.6493     2.1720     5.5414    6.56788     0.1941     0.0461    98.8553  0.000e+00
          0    101.924    101.064   45.82662 -129.74902     8.9001     8.9003   3.485386   3.485207    32.6515    32.6494     2.1733     5.5458    6.56770     0.1867     0.0461    98.8553  0.000e+00
          0    101.924    101.064   45.82662 -129.74902     8.9010     8.9000   3.485392   3.485207    32.6507    32.6498     2.1720     5.5418    6.56759     0.1867     0.0461    98.8553  0.000e+00
          0    101.954    101.094   45.82662 -129.74902     8.9015     8.8995   3.485419   3.485213    32.6505    32.6503     2.1720     5.5413    6.56753     0.1867     0.0450    98.8819  0.000e+00
          0    101.924    101.064   45.82662 -129.74902     8.9023     8.8993   3.485426   3.485146    32.6500    32.6497     2.1733     5.5457    6.56745     0.1941     0.0461    98.8553  0.000e+00
          0    101.924    101.064   45.82662 -129.74902     8.9024     8.8990   3.485406   3.485146    32.6497    32.6500     2.1708     5.5367    6.56745     0.1867     0.0461    98.8553  0.000e+00
          0    101.842    100.982   45.82662 -129.74902     8.9021     8.8990   3.485299   3.485115    32.6489    32.6497     2.1720     5.5407    6.56753     0.1867     0.0450    98.8819  0.000e+00
          0    101.924    101.064   45.82662 -129.74902     8.9010     8.8987   3.485199   3.485079    32.6487    32.6496     2.1708     5.5365    6.56768     0.2014     0.0461    98.8553  0.000e+00
          0    101.872    101.012   45.82662 -129.74902     8.8994     8.8979   3.485086   3.485115    32.6490    32.6508     2.1720     5.5407    6.56790     0.1867     0.0450    98.8819  0.000e+00
          0    101.872    101.012   45.82662 -129.74902     8.8979     8.8966   3.485053   3.485017    32.6501    32.6509     2.1720     5.5409    6.56808     0.1867     0.0450    98.8819  0.000e+00
          0    101.842    100.982   45.82662 -129.74902     8.8969     8.8956   3.485033   3.485017    32.6508    32.6519     2.1720     5.5405    6.56819     0.1941     0.0450    98.8819  0.000e+00
          0    101.819    100.960   45.82662 -129.74902     8.8966     8.8948   3.485040   3.484962    32.6512    32.6520     2.1720     5.5405    6.56822     0.1867     0.0461    98.8553  0.000e+00
          0    101.872    101.012   45.82662 -129.74902     8.8969     8.8948   3.485053   3.484895    32.6510    32.6513     2.1733     5.5450    6.56819     0.1867     0.0461    98.8553  0.000e+00
          0    101.789    100.930   45.82662 -129.74902     8.8973     8.8950   3.485093   3.484833    32.6511    32.6506     2.1720     5.5409    6.56813     0.1941     0.0461    98.8553  0.000e+00
          0    101.819    100.960   45.82662 -129.74902     8.8976     8.8946   3.485113   3.484870    32.6510    32.6513     2.1720     5.5409    6.56809     0.1941     0.0504    98.7489  0.000e+00
          0    101.759    100.900   45.82662 -129.74902     8.8976     8.8942   3.485093   3.484895    32.6508    32.6519     2.1708     5.5364    6.56809     0.1867     0.0471    98.8287  0.000e+00
          0    101.729    100.871   45.82662 -129.74902     8.8977     8.8924   3.485100   3.484870    32.6508    32.6534     2.1720     5.5398    6.56807     0.1867     0.0450    98.8819  0.000e+00
          0    101.759    100.900   45.82662 -129.74902     8.8979     8.8909   3.485093   3.484735    32.6505    32.6533     2.1720     5.5398    6.56806     0.1867     0.0439    98.9085  0.000e+00
          0    101.759    100.900   45.82662 -129.74902     8.8984     8.8899   3.485173   3.484643    32.6509    32.6532     2.1720     5.5398    6.56797     0.1721     0.0450    98.8819  0.000e+00
          0    101.654    100.796   45.82662 -129.74902     8.9001     8.8917   3.485326   3.484558    32.6510    32.6507     2.1720     5.5395    6.56772     0.1721     0.0450    98.8819  0.000e+00
          0    101.676    100.818   45.82662 -129.74902     8.9026     8.8970   3.485432   3.484643    32.6498    32.6467     2.1708     5.5347    6.56741     0.1794     0.0450    98.8819  0.000e+00
          0    101.706    100.848   45.82662 -129.74902     8.9040     8.8993   3.485526   3.484925    32.6495    32.6475     2.1708     5.5346    6.56721     0.1867     0.0450    98.8819  0.000e+00
          0    101.654    100.796   45.82662 -129.74902     8.9049     8.8996   3.485532   3.485115    32.6488    32.6493     2.1720     5.5385    6.56712     0.1721     0.0450    98.8819  0.000e+00
          0    101.624    100.766   45.82662 -129.74902     8.9054     8.8997   3.485519   3.485146    32.6482    32.6495     2.1708     5.5340    6.56707     0.1721     0.0450    98.8819  0.000e+00
          0    101.654    100.796   45.82662 -129.74902     8.9057     8.8998   3.485519   3.485115    32.6479    32.6491     2.1708     5.5336    6.56704     0.1794     0.0450    98.8819  0.000e+00
          0    101.594    100.736   45.82662 -129.74902     8.9059     8.9006   3.485539   3.485115    32.6479    32.6484     2.1708     5.5326    6.56700     0.1794     0.0450    98.8819  0.000e+00
          0    101.564    100.707   45.82662 -129.74902     8.9063     8.9006   3.485532   3.485115    32.6475    32.6484     2.1720     5.5366    6.56696     0.1721     0.0450    98.8819  0.000e+00
          0    101.541    100.684   45.82662 -129.74902     8.9060     8.9006   3.485519   3.485146    32.6476    32.6487     2.1720     5.5367    6.56700     0.1721     0.0450    98.8819  0.000e+00
          0    101.541    100.684   45.82662 -129.74902     8.9060     8.9010   3.485519   3.485146    32.6477    32.6484     2.1708     5.5324    6.56700     0.1867     0.0450    98.8819  0.000e+00
          0    101.541    100.684   45.82662 -129.74902     8.9056     8.9015   3.485499   3.485177    32.6478    32.6482     2.1720     5.5365    6.56706     0.1721     0.0450    98.8819  0.000e+00
          0    101.451    100.595   45.82662 -129.74902     8.9059     8.9016   3.485505   3.485275    32.6477    32.6492     2.1708     5.5321    6.56702     0.1721     0.0450    98.8819  0.000e+00
          0    101.481    100.625   45.82662 -129.74902     8.9060     8.9015   3.485499   3.485268    32.6475    32.6492     2.1708     5.5317    6.56701     0.1794     0.0439    98.9085  0.000e+00
          0    101.481    100.625   45.82662 -129.74902     8.9060     8.9011   3.485485   3.485244    32.6473    32.6493     2.1708     5.5309    6.56701     0.1794     0.0461    98.8553  0.000e+00
          0    101.451    100.595   45.82662 -129.74902     8.9048     8.9013   3.485399   3.485207    32.6475    32.6487     2.1720     5.5352    6.56718     0.1721     0.0461    98.8553  0.000e+00
          0    101.376    100.520   45.82662 -129.74902     8.9032     8.9016   3.485292   3.485146    32.6479    32.6479     2.1708     5.5305    6.56739     0.1721     0.0493    98.7755  0.000e+00
          0    101.376    100.520   45.82662 -129.74902     8.9021     8.9021   3.485266   3.485244    32.6487    32.6484     2.1720     5.5347    6.56753     0.1794     0.0471    98.8287  0.000e+00
          0    101.398    100.543   45.82662 -129.74902     8.9025     8.9021   3.485339   3.485207    32.6490    32.6480     2.1708     5.5304    6.56745     0.1721     0.0450    98.8819  0.000e+00
          0    101.376    100.520   45.82662 -129.74902     8.9037     8.9015   3.485406   3.485238    32.6486    32.6490     2.1696     5.5254    6.56729     0.1721     0.0450    98.8819  0.000e+00
          0    101.316    100.461   45.82662 -129.74902     8.9050     8.9008   3.485465   3.485183    32.6481    32.6490     2.1708     5.5289    6.56712     0.1794     0.0450    98.8819  0.000e+00
          0    101.285    100.431   45.82662 -129.74902     8.9057     8.9013   3.485485   3.485115    32.6477    32.6479     2.1720     5.5331    6.56704     0.1867     0.0450    98.8819  0.000e+00
          0    101.263    100.409   45.82662 -129.74902     8.9067     8.9021   3.485532   3.485183    32.6473    32.6478     2.1708     5.5287    6.56692     0.1721     0.0450    98.8819  0.000e+00
          0    101.316    100.461   45.82662 -129.74902     8.9069     8.9031   3.485552   3.485207    32.6473    32.6472     2.1708     5.5285    6.56689     0.1721     0.0450    98.8819  0.000e+00
