AT50-29/CTD Data/AT50-29_CTD-003.ros
* Sea-Bird SBE 9 Data File:
* FileName = C:\data\ctd\at50-29003.hex
* Software Version Seasave V 7.26.7.121
* Temperature SN = 4312
* Conductivity SN = 3521
* Number of Bytes Per Scan = 40
* Number of Voltage Words = 5
* Number of Scans Averaged by the Deck Unit = 1
* NMEA Latitude = 44 30.70 N
* NMEA Longitude = 125 23.98 W
* NMEA UTC (Time) = Aug 10 2024  08:15:39
** Ship: atlantis
** Station: Slope Base
** Operator: JN
# nquan = 20
# nvalues = 2328                                  
# units = specified
# name 0 = modError: Modulo Error Count
# name 1 = prDM: Pressure, Digiquartz [db]
# name 2 = depSM: Depth [salt water, m]
# name 3 = latitude: Latitude [deg]
# name 4 = longitude: Longitude [deg]
# name 5 = t090C: Temperature [ITS-90, deg C]
# name 6 = t190C: Temperature, 2 [ITS-90, deg C]
# name 7 = c0S/m: Conductivity [S/m]
# name 8 = c1S/m: Conductivity, 2 [S/m]
# name 9 = sal00: Salinity, Practical [PSU]
# name 10 = sal11: Salinity, Practical, 2 [PSU]
# name 11 = sbeox0V: Oxygen raw, SBE 43 [V]
# name 12 = sbeox0ML/L: Oxygen, SBE 43 [ml/l]
# name 13 = oxsolML/L: Oxygen Saturation, Garcia & Gordon [ml/l]
# name 14 = flECO-AFL: Fluorescence, WET Labs ECO-AFL/FL [mg/m^3]
# name 15 = CStarAt0: Beam Attenuation, WET Labs C-Star [1/m]
# name 16 = CStarTr0: Beam Transmission, WET Labs C-Star [%]
# name 17 = scan: Scan Count
# name 18 = nbf: Bottles Fired
# name 19 = flag:  0.000e+00
# interval = seconds: 0.0416667
# start_time = Aug 10 2024 08:15:39 [NMEA time, header]
# bad_flag = -9.990e-29
*END*
[from data line 1593]
          0   2943.212   2899.194   44.51166 -125.39962     1.7286     1.7289   3.148621   3.148402    34.6431    34.6402     0.8111     1.8990    7.68168     0.0549     0.0450    98.8819      92829         17  0.000e+00
          0   2943.149   2899.132   44.51166 -125.39962     1.7286     1.7290   3.148601   3.148461    34.6429    34.6408     0.8123     1.9045    7.68169     0.0475     0.0450    98.8819      92830         17  0.000e+00
          0   2943.213   2899.194   44.51166 -125.39962     1.7288     1.7289   3.148582   3.148408    34.6425    34.6403     0.8123     1.9051    7.68168     0.0475     0.0450    98.8819      92831         17  0.000e+00
          0   2943.149   2899.132   44.51166 -125.39962     1.7286     1.7290   3.148588   3.148432    34.6428    34.6404     0.8123     1.9034    7.68170     0.0475     0.0450    98.8819      92832         17  0.000e+00
          0   2943.149   2899.132   44.51166 -125.39962     1.7286     1.7290   3.148621   3.148432    34.6432    34.6404     0.8123     1.9038    7.68167     0.0475     0.0450    98.8819      92833         17  0.000e+00
          0   2943.086   2899.071   44.51166 -125.39962     1.7288     1.7289   3.148608   3.148402    34.6429    34.6402     0.8123     1.9042    7.68166     0.0475     0.0461    98.8553      92834         17  0.000e+00
          0   2943.213   2899.194   44.51166 -125.39962     1.7286     1.7289   3.148595   3.148408    34.6428    34.6403     0.8111     1.8955    7.68169     0.0475     0.0450    98.8819      92835         17  0.000e+00
          0   2943.086   2899.071   44.51166 -125.39962     1.7286     1.7290   3.148620   3.148373    34.6432    34.6397     0.8123     1.9031    7.68167     0.0549     0.0461    98.8553      92836         17  0.000e+00
          0   2943.150   2899.133   44.51166 -125.39962     1.7286     1.7290   3.148608   3.148461    34.6430    34.6408     0.8111     1.8944    7.68168     0.0475     0.0450    98.8819      92837         17  0.000e+00
          0   2943.150   2899.133   44.51166 -125.39962     1.7288     1.7290   3.148595   3.148402    34.6427    34.6400     0.8123     1.9043    7.68167     0.0549     0.0450    98.8819      92838         17  0.000e+00
          0   2943.087   2899.071   44.51166 -125.39962     1.7288     1.7290   3.148614   3.148408    34.6429    34.6401     0.8111     1.8958    7.68166     0.0475     0.0450    98.8819      92839         17  0.000e+00
          0   2943.150   2899.133   44.51166 -125.39962     1.7288     1.7289   3.148563   3.148402    34.6423    34.6401     0.8123     1.9037    7.68169     0.0549     0.0450    98.8819      92840         17  0.000e+00
          0   2943.087   2899.071   44.51166 -125.39962     1.7288     1.7290   3.148582   3.148402    34.6425    34.6401     0.8123     1.9023    7.68168     0.0475     0.0450    98.8819      92841         17  0.000e+00
          0   2943.087   2899.071   44.51166 -125.39962     1.7288     1.7290   3.148595   3.148432    34.6427    34.6404     0.8123     1.9030    7.68167     0.0549     0.0450    98.8819      92842         17  0.000e+00
          0   2943.087   2899.071   44.51166 -125.39962     1.7286     1.7292   3.148601   3.148408    34.6430    34.6400     0.8111     1.8944    7.68169     0.0475     0.0450    98.8819      92843         17  0.000e+00
          0   2943.150   2899.133   44.51166 -125.39962     1.7286     1.7290   3.148595   3.148373    34.6428    34.6397     0.8123     1.9024    7.68169     0.0475     0.0461    98.8553      92844         17  0.000e+00
          0   2943.087   2899.071   44.51166 -125.39962     1.7289     1.7290   3.148614   3.148402    34.6428    34.6401     0.8136     1.9124    7.68163     0.0475     0.0504    98.7489      92845         17  0.000e+00
          0   2943.087   2899.071   44.51166 -125.39962     1.7288     1.7290   3.148588   3.148432    34.6426    34.6404     0.8111     1.8968    7.68167     0.0475     0.0471    98.8287      92846         17  0.000e+00
          0   2943.150   2899.133   44.51166 -125.39962     1.7286     1.7290   3.148576   3.148408    34.6426    34.6401     0.8123     1.9047    7.68170     0.0549     0.0471    98.8287      92847         17  0.000e+00
          0   2943.032   2899.017   44.51166 -125.39962     1.7288     1.7290   3.148608   3.148402    34.6429    34.6401     0.8123     1.9055    7.68166     0.0475     0.0461    98.8553      92848         17  0.000e+00
          0   2943.087   2899.072   44.51166 -125.39962     1.7286     1.7290   3.148608   3.148402    34.6430    34.6401     0.8123     1.9041    7.68168     0.0475     0.0461    98.8553      92849         17  0.000e+00
          0   2943.087   2899.072   44.51166 -125.39962     1.7284     1.7292   3.148601   3.148432    34.6431    34.6402     0.8123     1.9048    7.68171     0.0475     0.0461    98.8553      92850         17  0.000e+00
          0   2943.087   2899.072   44.51166 -125.39962     1.7289     1.7289   3.148595   3.148402    34.6425    34.6402     0.8123     1.9032    7.68165     0.0475     0.0461    98.8553      92851         17  0.000e+00
          0   2943.087   2899.072   44.51166 -125.39962     1.7288     1.7289   3.148601   3.148408    34.6428    34.6403     0.8111     1.8946    7.68166     0.0475     0.0471    98.8287      92852         17  0.000e+00
          0   2943.087   2899.072   44.51166 -125.39962     1.7288     1.7293   3.148595   3.148432    34.6427    34.6402     0.8111     1.8932    7.68167     0.0402     0.0461    98.8553      92853         17  0.000e+00
          0   2943.087   2899.072   44.51166 -125.39962     1.7286     1.7290   3.148614   3.148402    34.6431    34.6401     0.8123     1.9011    7.68168     0.0475     0.0461    98.8553      92854         17  0.000e+00
          0   2943.088   2899.072   44.51166 -125.39962     1.7288     1.7292   3.148588   3.148402    34.6426    34.6399     0.8136     1.9112    7.68167     0.0402     0.0471    98.8287      92855         17  0.000e+00
          0   2943.088   2899.072   44.51166 -125.39962     1.7288     1.7289   3.148608   3.148438    34.6429    34.6407     0.8111     1.8955    7.68166     0.0402     0.0461    98.8553      92856         17  0.000e+00
          0   2943.088   2899.072   44.51166 -125.39962     1.7286     1.7292   3.148588   3.148402    34.6428    34.6399     0.8123     1.9034    7.68169     0.0402     0.0471    98.8287      92857         17  0.000e+00
          0   2943.088   2899.072   44.51166 -125.39962     1.7288     1.7289   3.148595   3.148402    34.6427    34.6402     0.8123     1.9042    7.68167     0.0402     0.0461    98.8553      92858         17  0.000e+00
          0   2943.088   2899.072   44.51166 -125.39962     1.7288     1.7292   3.148576   3.148432    34.6425    34.6402     0.8123     1.9051    7.68168     0.0402     0.0461    98.8553      92859         17  0.000e+00
          0   2943.088   2899.072   44.51166 -125.39962     1.7288     1.7292   3.148588   3.148408    34.6426    34.6400     0.8111     1.8966    7.68167     0.0402     0.0461    98.8553      92860         17  0.000e+00
          0   2943.088   2899.072   44.51166 -125.39962     1.7286     1.7290   3.148601   3.148402    34.6430    34.6401     0.8123     1.9046    7.68169     0.0402     0.0471    98.8287      92861         17  0.000e+00
          0   2943.088   2899.072   44.51166 -125.39962     1.7286     1.7290   3.148620   3.148432    34.6432    34.6404     0.8111     1.8962    7.68167     0.0402     0.0461    98.8553      92862         17  0.000e+00
          0   2943.088   2899.072   44.51166 -125.39962     1.7289     1.7292   3.148608   3.148432    34.6427    34.6402     0.8123     1.9021    7.68164     0.0475     0.0461    98.8553      92863         17  0.000e+00
          0   2943.151   2899.134   44.51166 -125.39962     1.7284     1.7290   3.148582   3.148467    34.6429    34.6408     0.8123     1.9008    7.68172     0.0402     0.0471    98.8287      92864         17  0.000e+00
          0   2943.088   2899.072   44.51166 -125.39962     1.7288     1.7290   3.148588   3.148432    34.6426    34.6404     0.8123     1.9016    7.68167     0.0475     0.0504    98.7489      92865         17  0.000e+00
          0   2943.151   2899.134   44.51166 -125.39962     1.7286     1.7293   3.148621   3.148402    34.6432    34.6398     0.8123     1.9024    7.68167     0.0402     0.0504    98.7489      92866         17  0.000e+00
          0   2943.088   2899.073   44.51166 -125.39962     1.7288     1.7290   3.148608   3.148461    34.6429    34.6408     0.8111     1.8939    7.68166     0.0402     0.0493    98.7755      92867         17  0.000e+00
          0   2943.088   2899.073   44.51166 -125.39962     1.7286     1.7292   3.148556   3.148438    34.6424    34.6403     0.8123     1.9019    7.68172     0.0402     0.0493    98.7755      92868         17  0.000e+00
          0   2943.152   2899.134   44.51166 -125.39962     1.7288     1.7290   3.148563   3.148402    34.6423    34.6400     0.8123     1.9006    7.68169     0.0402     0.0493    98.7755      92869         17  0.000e+00
          0   2943.152   2899.135   44.51166 -125.39962     1.7286     1.7294   3.148588   3.148432    34.6428    34.6400     0.8123     1.9014    7.68170     0.0475     0.0493    98.7755      92870         17  0.000e+00
          0   2943.152   2899.135   44.51166 -125.39962     1.7284     1.7292   3.148595   3.148432    34.6430    34.6402     0.8123     1.9022    7.68171     0.0402     0.0493    98.7755      92871         17  0.000e+00
          0   2943.152   2899.135   44.51166 -125.39962     1.7289     1.7294   3.148601   3.148402    34.6426    34.6397     0.8123     1.9052    7.68164     0.0402     0.0482    98.8021      92872         17  0.000e+00
          0   2943.152   2899.135   44.51166 -125.39962     1.7286     1.7290   3.148595   3.148438    34.6428    34.6405     0.8123     1.9062    7.68169     0.0402     0.0493    98.7755      92873         17  0.000e+00
          0   2943.152   2899.135   44.51166 -125.39962     1.7286     1.7292   3.148601   3.148432    34.6429    34.6402     0.8123     1.9071    7.68169     0.0402     0.0493    98.7755      92874         17  0.000e+00
          0   2943.152   2899.135   44.51166 -125.39962     1.7286     1.7294   3.148595   3.148402    34.6428    34.6397     0.8123     1.9080    7.68169     0.0402     0.0493    98.7755      92875         17  0.000e+00
          0   2943.152   2899.135   44.51166 -125.39962     1.7288     1.7294   3.148601   3.148432    34.6427    34.6400     0.8123     1.9088    7.68167     0.0402     0.0493    98.7755      92876         17  0.000e+00
          0   2943.215   2899.197   44.51166 -125.39962     1.7286     1.7292   3.148595   3.148408    34.6428    34.6399     0.8123     1.9098    7.68169     0.0475     0.0493    98.7755      92877         17  0.000e+00
          0   2943.215   2899.197   44.51166 -125.39962     1.7286     1.7292   3.148614   3.148402    34.6431    34.6398     0.8123     1.9084    7.68168     0.0402     0.0493    98.7755      92878         17  0.000e+00
          0   2943.215   2899.197   44.51166 -125.39962     1.7288     1.7291   3.148608   3.148432    34.6428    34.6403     0.8123     1.9092    7.68166     0.0475     0.0493    98.7755      92879         17  0.000e+00
          0   2943.152   2899.135   44.51166 -125.39962     1.7284     1.7292   3.148601   3.148402    34.6431    34.6399     0.8123     1.9100    7.68171     0.0329     0.0493    98.7755      92880         17  0.000e+00
          0   2943.215   2899.197   44.51166 -125.39962     1.7288     1.7290   3.148601   3.148438    34.6427    34.6404     0.8111     1.9016    7.68167     0.0329     0.0493    98.7755      92881         17  0.000e+00
          0   2943.215   2899.197   44.51166 -125.39962     1.7288     1.7292   3.148595   3.148432    34.6426    34.6402     0.8123     1.9096    7.68167     0.0329     0.0493    98.7755      92882         17  0.000e+00
          0   2943.271   2899.251   44.51166 -125.39962     1.7286     1.7292   3.148614   3.148402    34.6430    34.6398     0.8123     1.9105    7.68168     0.0329     0.0493    98.7755      92883         17  0.000e+00
          0   2943.271   2899.251   44.51166 -125.39962     1.7286     1.7294   3.148608   3.148402    34.6429    34.6396     0.8123     1.9092    7.68169     0.0402     0.0493    98.7755      92884         17  0.000e+00
          0   2943.417   2899.394   44.51166 -125.39962     1.7288     1.7290   3.148595   3.148461    34.6426    34.6406     0.8111     1.8976    7.68168     0.0402     0.0461    98.8553      93183         18  0.000e+00
          0   2943.417   2899.394   44.51166 -125.39962     1.7286     1.7292   3.148601   3.148408    34.6428    34.6398     0.8124     1.9030    7.68169     0.0402     0.0450    98.8819      93184         18  0.000e+00
          0   2943.354   2899.332   44.51166 -125.39962     1.7286     1.7290   3.148621   3.148402    34.6431    34.6399     0.8124     1.9035    7.68168     0.0475     0.0450    98.8819      93185         18  0.000e+00
          0   2943.354   2899.332   44.51166 -125.39962     1.7286     1.7290   3.148614   3.148461    34.6430    34.6407     0.8124     1.9039    7.68168     0.0402     0.0450    98.8819      93186         18  0.000e+00
          0   2943.354   2899.332   44.51166 -125.39962     1.7286     1.7291   3.148614   3.148432    34.6430    34.6402     0.8124     1.9021    7.68168     0.0475     0.0450    98.8819      93187         18  0.000e+00
          0   2943.354   2899.332   44.51166 -125.39962     1.7289     1.7290   3.148627   3.148438    34.6428    34.6404     0.8124     1.9025    7.68163     0.0402     0.0493    98.7755      93188         18  0.000e+00
          0   2943.291   2899.271   44.51166 -125.39962     1.7286     1.7290   3.148608   3.148432    34.6429    34.6403     0.8124     1.9028    7.68169     0.0402     0.0482    98.8021      93189         18  0.000e+00
          0   2943.354   2899.333   44.51166 -125.39962     1.7289     1.7290   3.148595   3.148432    34.6424    34.6403     0.8124     1.9032    7.68165     0.0402     0.0461    98.8553      93190         18  0.000e+00
          0   2943.354   2899.333   44.51166 -125.39962     1.7286     1.7289   3.148601   3.148432    34.6428    34.6405     0.8124     1.9058    7.68169     0.0402     0.0461    98.8553      93191         18  0.000e+00
          0   2943.291   2899.271   44.51166 -125.39962     1.7288     1.7292   3.148595   3.148408    34.6426    34.6399     0.8124     1.9062    7.68167     0.0402     0.0461    98.8553      93192         18  0.000e+00
          0   2943.291   2899.271   44.51166 -125.39962     1.7288     1.7292   3.148601   3.148432    34.6427    34.6401     0.8124     1.9067    7.68167     0.0402     0.0461    98.8553      93193         18  0.000e+00
          0   2943.291   2899.271   44.51166 -125.39962     1.7288     1.7290   3.148595   3.148432    34.6426    34.6403     0.8124     1.9071    7.68167     0.0402     0.0461    98.8553      93194         18  0.000e+00
          0   2943.291   2899.271   44.51166 -125.39962     1.7288     1.7290   3.148614   3.148402    34.6428    34.6400     0.8136     1.9168    7.68166     0.0402     0.0461    98.8553      93195         18  0.000e+00
          0   2943.291   2899.271   44.51166 -125.39962     1.7289     1.7292   3.148608   3.148432    34.6426    34.6401     0.8124     1.9101    7.68164     0.0475     0.0450    98.8819      93196         18  0.000e+00
          0   2943.291   2899.271   44.51166 -125.39962     1.7288     1.7290   3.148601   3.148408    34.6427    34.6400     0.8124     1.9104    7.68167     0.0402     0.0461    98.8553      93197         18  0.000e+00
          0   2943.236   2899.217   44.51166 -125.39962     1.7284     1.7289   3.148614   3.148402    34.6432    34.6402     0.8124     1.9086    7.68170     0.0402     0.0450    98.8819      93198         18  0.000e+00
