AT50-29/CTD Data/AT50-29_CTD-001.ros
* Sea-Bird SBE 9 Data File:
* FileName = C:\data\ctd\at50-29001.hex
* Software Version Seasave V 7.26.7.121
* Temperature SN = 4312
* Conductivity SN = 3521
* Number of Bytes Per Scan = 40
* Number of Voltage Words = 5
* Number of Scans Averaged by the Deck Unit = 1
* NMEA Latitude = 44 22.17 N
* NMEA Longitude = 124 57.68 W
* NMEA UTC (Time) = Aug 09 2024  07:03:31
** Ship: atlantis
** Station: Endurance Offshore
** Operator: JN
** 500 m SW of shallow profiler
# nquan = 21
# nvalues = 2231                                  
# units = specified
# name 0 = modError: Modulo Error Count
# name 1 = prDM: Pressure, Digiquartz [db]
# name 2 = depSM: Depth [salt water, m]
# name 3 = latitude: Latitude [deg]
# name 4 = longitude: Longitude [deg]
# name 5 = t090C: Temperature [ITS-90, deg C]
# name 6 = t190C: Temperature, 2 [ITS-90, deg C]
# name 7 = c0S/m: Conductivity [S/m]
# name 8 = c1S/m: Conductivity, 2 [S/m]
# name 9 = sal00: Salinity, Practical [PSU]
# name 10 = sal11: Salinity, Practical, 2 [PSU]
# name 11 = sbeox0V: Oxygen raw, SBE 43 [V]
# name 12 = sbeox0ML/L: Oxygen, SBE 43 [ml/l]
# name 13 = oxsolML/L: Oxygen Saturation, Garcia & Gordon [ml/l]
# name 14 = flECO-AFL: Fluorescence, WET Labs ECO-AFL/FL [mg/m^3]
# name 15 = CStarAt0: Beam Attenuation, WET Labs C-Star [1/m]
# name 16 = CStarTr0: Beam Transmission, WET Labs C-Star [%]
# name 17 = ph: pH
# name 18 = scan: Scan Count
# name 19 = nbf: Bottles Fired
# name 20 = flag:  0.000e+00
# interval = seconds: 0.0416667
# start_time = Aug 09 2024 07:03:31 [NMEA time, header]
# bad_flag = -9.990e-29
*END*
[from data line 2138]
          0     10.164     10.082   44.36946 -124.96136    12.0343    12.1607   3.707978   3.716826    32.1319    32.1084     2.5879     6.3205    6.15744     1.3589     0.2935    92.9261      8.148      70694         23  0.000e+00
          0     10.171     10.089   44.36946 -124.96136    12.0444    12.1643   3.709554   3.717090    32.1384    32.1078     2.5891     6.3221    6.15588     1.3589     0.2935    92.9261      8.148      70695         23  0.000e+00
          0     10.164     10.082   44.36946 -124.96136    12.0656    12.1706   3.710618   3.717247    32.1304    32.1039     2.5879     6.3151    6.15344     1.3589     0.2935    92.9261      8.148      70696         23  0.000e+00
          0     10.119     10.037   44.36946 -124.96136    12.0701    12.1792   3.711368   3.717480    32.1338    32.0988     2.5879     6.3137    6.15273     1.3589     0.2969    92.8464      8.152      70697         23  0.000e+00
          0     10.111     10.030   44.36946 -124.96136    12.0647    12.1880   3.712078   3.718071    32.1452    32.0969     2.5879     6.3140    6.15298     1.3589     0.2900    93.0059      8.148      70698         23  0.000e+00
          0     10.164     10.082   44.36946 -124.96136    12.0726    12.1937   3.713340   3.718756    32.1506    32.0986     2.5879     6.3125    6.15175     1.3589     0.2855    93.1123      8.148      70699         23  0.000e+00
          0     10.119     10.037   44.36946 -124.96136    12.0978    12.1909   3.714944   3.719190    32.1443    32.1052     2.5879     6.3095    6.14873     1.3589     0.2866    93.0857      8.148      70700         23  0.000e+00
          0     10.164     10.082   44.36946 -124.96136    12.1216    12.1914   3.716022   3.719347    32.1342    32.1063     2.5879     6.3067    6.14605     1.3589     0.2866    93.0857      8.147      70701         23  0.000e+00
          0     10.112     10.030   44.36946 -124.96136    12.1356    12.1949   3.716930   3.719416    32.1309    32.1039     2.5891     6.3087    6.14437     1.3589     0.2855    93.1123      8.152      70702         23  0.000e+00
          0     10.119     10.037   44.36946 -124.96136    12.1517    12.1995   3.718186   3.719542    32.1292    32.1011     2.5879     6.3032    6.14236     1.3516     0.2866    93.0857      8.147      70703         23  0.000e+00
          0     10.164     10.082   44.36946 -124.96136    12.1700    12.2020   3.719695   3.719813    32.1279    32.1016     2.5891     6.3053    6.14004     1.3589     0.2866    93.0857      8.152      70704         23  0.000e+00
          0     10.112     10.030   44.36946 -124.96136    12.1846    12.2037   3.721423   3.719737    32.1320    32.0994     2.5879     6.3004    6.13801     1.3589     0.2855    93.1123      8.147      70705         23  0.000e+00
          0     10.119     10.037   44.36946 -124.96136    12.2035    12.2067   3.722714   3.719617    32.1282    32.0957     2.5891     6.3031    6.13572     1.3516     0.2866    93.0857      8.147      70706         23  0.000e+00
          0     10.112     10.030   44.36946 -124.96136    12.2191    12.2062   3.722994   3.719775    32.1175    32.0977     2.5891     6.3031    6.13412     1.3589     0.2866    93.0857      8.147      70707         23  0.000e+00
          0     10.119     10.037   44.36946 -124.96136    12.2262    12.2077   3.722700   3.719945    32.1085    32.0980     2.5903     6.3079    6.13355     1.3589     0.2855    93.1123      8.147      70708         23  0.000e+00
          0     10.112     10.030   44.36946 -124.96136    12.2321    12.2072   3.722331   3.720001    32.1000    32.0990     2.5903     6.3090    6.13312     1.3516     0.2866    93.0857      8.152      70709         23  0.000e+00
          0     10.164     10.082   44.36946 -124.96136    12.2254    12.2040   3.721866   3.720133    32.1013    32.1030     2.5903     6.3120    6.13394     1.3589     0.2866    93.0857      8.147      70710         23  0.000e+00
          0     10.119     10.038   44.36946 -124.96136    12.2134    12.2025   3.721245   3.720177    32.1056    32.1047     2.5916     6.3192    6.13531     1.4028     0.2855    93.1123      8.152      70711         23  0.000e+00
          0     10.112     10.030   44.36946 -124.96136    12.2005    12.2003   3.720562   3.720033    32.1101    32.1052     2.5916     6.3231    6.13680     1.4175     0.2866    93.0857      8.147      70712         23  0.000e+00
          0     10.112     10.030   44.36946 -124.96136    12.1855    12.1955   3.719920   3.719517    32.1168    32.1043     2.5916     6.3273    6.13847     1.4175     0.2866    93.0857      8.147      70713         23  0.000e+00
          0     10.172     10.090   44.36946 -124.96136    12.1915    12.1916   3.719073   3.718693    32.1035    32.0998     2.5916     6.3290    6.13822     1.4175     0.2855    93.1123      8.147      70714         23  0.000e+00
          0     10.112     10.030   44.36946 -124.96136    12.1881    12.1756   3.717837   3.717807    32.0946    32.1050     2.5928     6.3359    6.13900     1.4102     0.2855    93.1123      8.147      70715         23  0.000e+00
          0     10.112     10.030   44.36946 -124.96136    12.1729    12.1679   3.716459   3.716794    32.0944    32.1019     2.5928     6.3405    6.14097     1.4175     0.2877    93.0591      8.147      70716         23  0.000e+00
          0     10.172     10.090   44.36946 -124.96136    12.1643    12.1671   3.715148   3.716065    32.0891    32.0955     2.5940     6.3482    6.14227     1.4175     0.2900    93.0059      8.147      70717         23  0.000e+00
          0     10.112     10.030   44.36946 -124.96136    12.1497    12.1623   3.714090   3.716103    32.0916    32.1001     2.5940     6.3527    6.14407     1.4175     0.2923    92.9527      8.152      70718         23  0.000e+00
          0     10.165     10.082   44.36946 -124.96136    12.1434    12.1412   3.713619   3.716336    32.0923    32.1204     2.5940     6.3561    6.14485     1.4175     0.2935    92.9261      8.152      70719         23  0.000e+00
          0     10.120     10.038   44.36946 -124.96136    12.1359    12.0996   3.713421   3.715770    32.0970    32.1507     2.5952     6.3632    6.14565     1.4175     0.2923    92.9527      8.152      70720         23  0.000e+00
          0     10.165     10.083   44.36946 -124.96136    12.1285    12.0548   3.713230   3.713822    32.1015    32.1705     2.5952     6.3667    6.14643     1.4175     0.2923    92.9527      8.147      70721         23  0.000e+00
          0     10.172     10.090   44.36946 -124.96136    12.1231    12.0181   3.712637   3.709248    32.1004    32.1580     2.5952     6.3700    6.14717     1.4175     0.2923    92.9527      8.152      70722         23  0.000e+00
          0     10.165     10.083   44.36946 -124.96136    12.1138    12.0079   3.711859   3.704795    32.1008    32.1239     2.5964     6.3779    6.14834     1.4175     0.2923    92.9527      8.147      70723         23  0.000e+00
          0     10.165     10.083   44.36946 -124.96136    12.1033    12.0008   3.711081   3.703420    32.1024    32.1168     2.5964     6.3822    6.14965     1.4175     0.2923    92.9527      8.148      70724         23  0.000e+00
          0     10.120     10.038   44.36946 -124.96136    12.0940    11.9888   3.710379   3.704299    32.1037    32.1356     2.5964     6.3859    6.15081     1.4175     0.2923    92.9527      8.148      70725         23  0.000e+00
          0     10.217     10.135   44.36946 -124.96136    12.0874    11.9592   3.710065   3.704500    32.1063    32.1630     2.5964     6.3893    6.15156     1.4175     0.2912    92.9793      8.148      70726         23  0.000e+00
          0     10.165     10.083   44.36946 -124.96136    12.0866    11.9264   3.710181   3.702598    32.1081    32.1730     2.5977     6.3957    6.15159     1.4175     0.2923    92.9527      8.152      70727         23  0.000e+00
          0     10.172     10.090   44.36946 -124.96136    12.0863    11.9028   3.710597   3.700181    32.1123    32.1700     2.5977     6.3982    6.15146     1.4102     0.2923    92.9527      8.148      70728         23  0.000e+00
          0     10.217     10.135   44.36946 -124.96136    12.0877    11.8965   3.710413   3.697866    32.1093    32.1531     2.5977     6.4007    6.15139     1.4175     0.2923    92.9527      8.152      70729         23  0.000e+00
          0     10.218     10.135   44.36946 -124.96136    12.0779    11.9052   3.709103   3.696241    32.1052    32.1298     2.5977     6.4045    6.15282     1.4175     0.2923    92.9527      8.148      70730         23  0.000e+00
          0     10.173     10.090   44.36946 -124.96136    12.0622    11.9087   3.707309   3.695707    32.1014    32.1216     2.5989     6.4130    6.15501     1.4175     0.2923    92.9527      8.148      70731         23  0.000e+00
          0     10.278     10.195   44.36946 -124.96136    12.0457    11.9097   3.705564   3.695676    32.0987    32.1204     2.6001     6.4216    6.15724     1.4175     0.2923    92.9527      8.148      70732         23  0.000e+00
          0     10.173     10.090   44.36946 -124.96136    12.0314    11.9077   3.704623   3.695576    32.1020    32.1212     2.5989     6.4216    6.15897     1.4175     0.2935    92.9261      8.148      70733         23  0.000e+00
          0     10.278     10.195   44.36946 -124.96136    12.0262    11.9044   3.704248   3.695739    32.1029    32.1256     2.5989     6.4241    6.15962     1.4175     0.2923    92.9527      8.148      70734         23  0.000e+00
          0     10.278     10.195   44.36946 -124.96136    12.0177    11.9063   3.703444   3.695871    32.1024    32.1252     2.5989     6.4270    6.16074     1.4175     0.2923    92.9527      8.148      70735         23  0.000e+00
          0     10.233     10.150   44.36946 -124.96136    12.0042    11.9102   3.702503   3.695839    32.1050    32.1216     2.5989     6.4299    6.16239     1.4028     0.2923    92.9527      8.153      70736         23  0.000e+00
          0     10.278     10.195   44.36946 -124.96136    11.9931    11.9132   3.701610   3.695939    32.1059    32.1200     2.5989     6.4328    6.16379     1.3882     0.2958    92.8730      8.153      70737         23  0.000e+00
          0     10.218     10.135   44.36946 -124.96136    11.9813    11.9273   3.700104   3.696196    32.1016    32.1103     2.5989     6.4351    6.16550     1.3882     0.2946    92.8995      8.153      70738         23  0.000e+00
          0     10.285     10.202   44.36946 -124.96136    11.9717    11.9468   3.698073   3.697012    32.0902    32.1014     2.6001     6.4414    6.16719     1.3809     0.2923    92.9527      8.148      70739         23  0.000e+00
          0     10.278     10.195   44.36946 -124.96136    11.9432    11.9517   3.695199   3.698191    32.0870    32.1085     2.5989     6.4425    6.17102     1.3882     0.2912    92.9793      8.148      70740         23  0.000e+00
          0     10.330     10.247   44.36946 -124.96136    11.9073    11.9539   3.694130   3.698775    32.1075    32.1123     2.5989     6.4474    6.17489     1.3882     0.2912    92.9793      8.148      70741         23  0.000e+00
          0     10.285     10.202   44.36946 -124.96136    11.8944    11.9549   3.695254   3.698712    32.1296    32.1108     2.5989     6.4486    6.17572     1.3882     0.2923    92.9527      8.148      70742         23  0.000e+00
          0     10.278     10.195   44.36946 -124.96136    11.9046    11.9621   3.696752   3.698875    32.1352    32.1062     2.6001     6.4507    6.17416     1.3882     0.2923    92.9527      8.153      70743         23  0.000e+00
          0     10.383     10.299   44.36946 -124.96136    11.9178    11.9692   3.697802   3.698969    32.1340    32.1010     2.5989     6.4451    6.17250     1.3882     0.2912    92.9793      8.148      70744         23  0.000e+00
          0     10.233     10.150   44.36946 -124.96136    11.9316    11.9712   3.697985   3.699038    32.1239    32.1000     2.5989     6.4428    6.17109     1.3809     0.2923    92.9527      8.148      70745         23  0.000e+00
          0     10.383     10.299   44.36946 -124.96136    11.9373    11.9723   3.697427   3.699133    32.1135    32.0998     2.5989     6.4417    6.17075     1.3809     0.2912    92.9793      8.148      70746         23  0.000e+00
          0     10.286     10.202   44.36946 -124.96136    11.9346    11.9760   3.696773   3.699264    32.1096    32.0980     2.5989     6.4413    6.17126     1.3955     0.2912    92.9793      8.153      70747         23  0.000e+00
          0     10.383     10.299   44.36946 -124.96136    11.9328    11.9787   3.696350   3.699691    32.1070    32.0998     2.5989     6.4407    6.17159     1.3809     0.2923    92.9527      8.148      70748         23  0.000e+00
          0     10.331     10.247   44.36946 -124.96136    11.9287    11.9768   3.695962   3.700344    32.1068    32.1077     2.5977     6.4360    6.17214     1.3882     0.2912    92.9793      8.148      70749         23  0.000e+00
          0     10.346     10.262   44.36946 -124.96136    11.9218    11.9791   3.695737   3.700639    32.1106    32.1085     2.5977     6.4352    6.17288     1.3955     0.2912    92.9793      8.148      70750         23  0.000e+00
          0     10.383     10.299   44.36946 -124.96136    11.9159    11.9873   3.695506   3.700865    32.1134    32.1037     2.5977     6.4346    6.17354     1.3882     0.2912    92.9793      8.148      70751         23  0.000e+00
          0     10.331     10.247   44.36946 -124.96136    11.9124    11.9895   3.695608   3.701160    32.1175    32.1046     2.5989     6.4370    6.17385     1.3882     0.2912    92.9793      8.148      70752         23  0.000e+00
          0     10.398     10.314   44.36946 -124.96136    11.9132    11.9875   3.696078   3.701160    32.1213    32.1064     2.5977     6.4314    6.17359     1.3955     0.2912    92.9793      8.148      70753         23  0.000e+00
          0     10.383     10.299   44.36946 -124.96136    11.9195    11.9887   3.696241   3.700996    32.1175    32.1037     2.5964     6.4243    6.17292     1.3882     0.2923    92.9527      8.148      70754         23  0.000e+00
          0     10.383     10.299   44.36946 -124.96136    11.9228    11.9911   3.695887   3.700802    32.1111    32.0998     2.5977     6.4258    6.17273     1.3882     0.2912    92.9793      8.148      70755         23  0.000e+00
          0     10.398     10.314   44.36946 -124.96136    11.9232    11.9926   3.695519   3.701066    32.1073    32.1010     2.5964     6.4198    6.17284     1.3955     0.2912    92.9793      8.148      70756         23  0.000e+00
          0     10.383     10.299   44.36946 -124.96136    11.9252    11.9958   3.695560   3.701291    32.1060    32.1005     2.5964     6.4175    6.17263     1.3809     0.2946    92.8995      8.148      70757         23  0.000e+00
          0     10.443     10.359   44.36946 -124.96136    11.9291    12.0011   3.695744   3.701718    32.1043    32.1000     2.5964     6.4148    6.17218     1.3809     0.2935    92.9261      8.153      70758         23  0.000e+00
          0     10.398     10.314   44.36946 -124.96136    11.9318    12.0077   3.695867   3.702176    32.1032    32.0987     2.5977     6.4162    6.17188     1.3955     0.2900    93.0059      8.148      70759         23  0.000e+00
          0     10.383     10.300   44.36946 -124.96136    11.9358    12.0162   3.696214   3.702729    32.1031    32.0967     2.5964     6.4100    6.17135     1.3809     0.2889    93.0325      8.148      70760         23  0.000e+00
          0     10.399     10.314   44.36944 -124.96136    11.9430    12.0203   3.696936   3.703256    32.1039    32.0983     2.5977     6.4109    6.17039     1.3735     0.2889    93.0325      8.148      70761         23  0.000e+00
