AT50-29/CTD Data/AT50-29_CTD-004.ros
* Sea-Bird SBE 9 Data File:
* FileName = C:\data\ctd\at50-29004.hex
* Software Version Seasave V 7.26.7.121
* Temperature SN = 4312
* Conductivity SN = 3521
* Number of Bytes Per Scan = 40
* Number of Voltage Words = 5
* Number of Scans Averaged by the Deck Unit = 1
* NMEA Latitude = 45 49.60 N
* NMEA Longitude = 129 44.94 W
* NMEA UTC (Time) = Aug 12 2024  01:28:09
** Ship: atlantis
** Station: Axial
** Operator: JN
# nquan = 20
# nvalues = 2328                                  
# units = specified
# name 0 = modError: Modulo Error Count
# name 1 = prDM: Pressure, Digiquartz [db]
# name 2 = depSM: Depth [salt water, m]
# name 3 = latitude: Latitude [deg]
# name 4 = longitude: Longitude [deg]
# name 5 = t090C: Temperature [ITS-90, deg C]
# name 6 = t190C: Temperature, 2 [ITS-90, deg C]
# name 7 = c0S/m: Conductivity [S/m]
# name 8 = c1S/m: Conductivity, 2 [S/m]
# name 9 = sal00: Salinity, Practical [PSU]
# name 10 = sal11: Salinity, Practical, 2 [PSU]
# name 11 = sbeox0V: Oxygen raw, SBE 43 [V]
# name 12 = sbeox0ML/L: Oxygen, SBE 43 [ml/l]
# name 13 = oxsolML/L: Oxygen Saturation, Garcia & Gordon [ml/l]
# name 14 = flECO-AFL: Fluorescence, WET Labs ECO-AFL/FL [mg/m^3]
# name 15 = CStarAt0: Beam Attenuation, WET Labs C-Star [1/m]
# name 16 = CStarTr0: Beam Transmission, WET Labs C-Star [%]
# name 17 = scan: Scan Count
# name 18 = nbf: Bottles Fired
# name 19 = flag:  0.000e+00
# interval = seconds: 0.0416667
# start_time = Aug 12 2024 01:28:09 [NMEA time, header]
# bad_flag = -9.990e-29
*END*
[from data line 435]
          0    182.326    180.752   45.82662 -129.74904     6.8950     6.8993   3.409089   3.409017    33.7008    33.6957     1.7268     4.3144    6.82547     0.0182     0.0407    98.9882      24715          5  0.000e+00
          0    182.348    180.774   45.82662 -129.74904     6.8945     6.8987   3.409076   3.408987    33.7011    33.6960     1.7256     4.3100    6.82553     0.0182     0.0396    99.0148      24716          5  0.000e+00
          0    182.295    180.722   45.82662 -129.74904     6.8948     6.8969   3.409076   3.408944    33.7008    33.6973     1.7268     4.3144    6.82550     0.0182     0.0407    98.9882      24717          5  0.000e+00
          0    182.378    180.804   45.82662 -129.74904     6.8948     6.8959   3.409095   3.408956    33.7010    33.6984     1.7268     4.3147    6.82549     0.0182     0.0407    98.9882      24718          5  0.000e+00
          0    182.348    180.774   45.82662 -129.74904     6.8951     6.8956   3.409089   3.408956    33.7006    33.6987     1.7268     4.3148    6.82545     0.0182     0.0396    99.0148      24719          5  0.000e+00
          0    182.265    180.692   45.82662 -129.74904     6.8954     6.8971   3.409095   3.408883    33.7004    33.6965     1.7268     4.3155    6.82541     0.0182     0.0407    98.9882      24720          5  0.000e+00
          0    182.348    180.774   45.82662 -129.74904     6.8961     6.8964   3.409089   3.408896    33.6997    33.6972     1.7268     4.3162    6.82535     0.0182     0.0407    98.9882      24721          5  0.000e+00
          0    182.326    180.752   45.82662 -129.74904     6.8961     6.8935   3.409122   3.408835    33.7001    33.6994     1.7280     4.3216    6.82533     0.0182     0.0407    98.9882      24722          5  0.000e+00
          0    182.348    180.775   45.82662 -129.74904     6.8961     6.8899   3.409095   3.408823    33.6998    33.7028     1.7268     4.3181    6.82534     0.0182     0.0450    98.8819      24723          5  0.000e+00
          0    182.266    180.692   45.82662 -129.74904     6.8964     6.8871   3.409095   3.408713    33.6995    33.7044     1.7268     4.3186    6.82530     0.0182     0.0428    98.9351      24724          5  0.000e+00
          0    182.348    180.775   45.82662 -129.74904     6.8964     6.8857   3.409109   3.408744    33.6996    33.7060     1.7280     4.3241    6.82530     0.0182     0.0396    99.0148      24725          5  0.000e+00
          0    182.296    180.722   45.82662 -129.74904     6.8964     6.8873   3.409109   3.408701    33.6996    33.7041     1.7280     4.3252    6.82529     0.0182     0.0407    98.9882      24726          5  0.000e+00
          0    182.379    180.804   45.82662 -129.74904     6.8961     6.8897   3.409128   3.408683    33.7001    33.7015     1.7280     4.3257    6.82533     0.0256     0.0407    98.9882      24727          5  0.000e+00
          0    182.296    180.722   45.82662 -129.74904     6.8964     6.8905   3.409142   3.408592    33.6999    33.6997     1.7280     4.3260    6.82528     0.0182     0.0396    99.0148      24728          5  0.000e+00
          0    182.326    180.752   45.82662 -129.74904     6.8964     6.8902   3.409122   3.408610    33.6997    33.7002     1.7292     4.3318    6.82529     0.0182     0.0407    98.9882      24729          5  0.000e+00
          0    182.296    180.722   45.82662 -129.74904     6.8969     6.8900   3.409128   3.408622    33.6993    33.7006     1.7292     4.3326    6.82523     0.0256     0.0407    98.9882      24730          5  0.000e+00
          0    182.326    180.752   45.82662 -129.74904     6.8964     6.8896   3.409095   3.408610    33.6994    33.7008     1.7280     4.3292    6.82530     0.0182     0.0396    99.0148      24731          5  0.000e+00
          0    182.296    180.722   45.82662 -129.74904     6.8963     6.8893   3.409076   3.408622    33.6994    33.7012     1.7292     4.3341    6.82533     0.0182     0.0407    98.9882      24732          5  0.000e+00
          0    182.326    180.752   45.82662 -129.74904     6.8964     6.8897   3.409095   3.408653    33.6994    33.7012     1.7280     4.3305    6.82530     0.0256     0.0407    98.9882      24733          5  0.000e+00
          0    182.296    180.723   45.82662 -129.74904     6.8964     6.8902   3.409089   3.408640    33.6994    33.7006     1.7292     4.3358    6.82530     0.0182     0.0407    98.9882      24734          5  0.000e+00
          0    182.349    180.775   45.82662 -129.74904     6.8938     6.8890   3.408990   3.408653    33.7008    33.7018     1.7292     4.3372    6.82565     0.0182     0.0396    99.0148      24735          5  0.000e+00
          0    182.266    180.693   45.82662 -129.74904     6.8910     6.8855   3.408937   3.408592    33.7030    33.7046     1.7292     4.3378    6.82599     0.0256     0.0396    99.0148      24736          5  0.000e+00
          0    182.296    180.723   45.82662 -129.74904     6.8889     6.8841   3.408884   3.408641    33.7045    33.7065     1.7304     4.3437    6.82625     0.0182     0.0396    99.0148      24737          5  0.000e+00
          0    182.326    180.752   45.82662 -129.74904     6.8881     6.8842   3.408818   3.408562    33.7045    33.7056     1.7292     4.3398    6.82638     0.0182     0.0407    98.9882      24738          5  0.000e+00
          0    182.296    180.723   45.82662 -129.74904     6.8884     6.8850   3.408818   3.408501    33.7042    33.7041     1.7292     4.3405    6.82634     0.0256     0.0396    99.0148      24739          5  0.000e+00
          0    182.326    180.753   45.82662 -129.74904     6.8896     6.8856   3.408832   3.408489    33.7032    33.7034     1.7304     4.3458    6.82621     0.0182     0.0407    98.9882      24740          5  0.000e+00
          0    182.296    180.723   45.82662 -129.74904     6.8906     6.8859   3.408898   3.408501    33.7030    33.7033     1.7304     4.3462    6.82606     0.0182     0.0407    98.9882      24741          5  0.000e+00
          0    182.243    180.670   45.82662 -129.74904     6.8910     6.8863   3.408904   3.408464    33.7027    33.7024     1.7292     4.3424    6.82601     0.0256     0.0407    98.9882      24742          5  0.000e+00
          0    182.326    180.753   45.82662 -129.74904     6.8919     6.8875   3.408911   3.408428    33.7019    33.7008     1.7304     4.3469    6.82591     0.0182     0.0439    98.9085      24743          5  0.000e+00
          0    182.296    180.723   45.82662 -129.74904     6.8922     6.8879   3.408944   3.408403    33.7019    33.7002     1.7317     4.3524    6.82586     0.0182     0.0418    98.9616      24744          5  0.000e+00
          0    182.326    180.753   45.82662 -129.74904     6.8927     6.8884   3.408957   3.408403    33.7016    33.6997     1.7317     4.3537    6.82579     0.0256     0.0396    99.0148      24745          5  0.000e+00
          0    182.243    180.671   45.82662 -129.74904     6.8932     6.8884   3.408957   3.408489    33.7011    33.7006     1.7317     4.3547    6.82574     0.0182     0.0396    99.0148      24746          5  0.000e+00
          0    182.326    180.753   45.82662 -129.74904     6.8940     6.8868   3.408977   3.408403    33.7005    33.7012     1.7317     4.3557    6.82564     0.0182     0.0396    99.0148      24747          5  0.000e+00
          0    182.296    180.723   45.82662 -129.74904     6.8941     6.8837   3.408983   3.408404    33.7005    33.7043     1.7304     4.3512    6.82562     0.0256     0.0385    99.0414      24748          5  0.000e+00
          0    182.266    180.693   45.82662 -129.74904     6.8943     6.8833   3.408963   3.408331    33.7001    33.7039     1.7304     4.3514    6.82560     0.0182     0.0396    99.0148      24749          5  0.000e+00
          0    182.244    180.671   45.82662 -129.74904     6.8943     6.8833   3.408977   3.408343    33.7002    33.7041     1.7317     4.3563    6.82560     0.0182     0.0396    99.0148      24750          5  0.000e+00
          0    182.296    180.723   45.82662 -129.74904     6.8948     6.8827   3.408983   3.408252    33.6998    33.7036     1.7317     4.3562    6.82554     0.0182     0.0396    99.0148      24751          5  0.000e+00
          0    182.326    180.753   45.82662 -129.74904     6.8945     6.8809   3.408983   3.408300    33.7001    33.7059     1.7317     4.3560    6.82558     0.0182     0.0396    99.0148      24752          5  0.000e+00
          0    182.296    180.723   45.82662 -129.74904     6.8950     6.8803   3.408963   3.408282    33.6994    33.7063     1.7317     4.3563    6.82553     0.0182     0.0407    98.9882      24753          5  0.000e+00
          0    182.214    180.641   45.82662 -129.74904     6.8951     6.8810   3.408996   3.408221    33.6997    33.7050     1.7317     4.3557    6.82550     0.0182     0.0396    99.0148      24754          5  0.000e+00
          0    182.349    180.775   45.82662 -129.74904     6.8954     6.8811   3.409016   3.408191    33.6995    33.7045     1.7317     4.3552    6.82545     0.0182     0.0396    99.0148      24755          5  0.000e+00
          0    182.266    180.693   45.82662 -129.74904     6.8956     6.8818   3.409016   3.408118    33.6994    33.7030     1.7317     4.3549    6.82543     0.0182     0.0396    99.0148      24756          5  0.000e+00
          0    182.296    180.723   45.82662 -129.74904     6.8956     6.8818   3.409036   3.408100    33.6996    33.7028     1.7317     4.3547    6.82542     0.0182     0.0396    99.0148      24757          5  0.000e+00
          0    182.244    180.671   45.82662 -129.74904     6.8956     6.8830   3.409029   3.408130    33.6995    33.7020     1.7317     4.3543    6.82542     0.0182     0.0396    99.0148      24758          5  0.000e+00
          0    182.266    180.693   45.82662 -129.74904     6.8956     6.8833   3.409036   3.408088    33.6996    33.7013     1.7329     4.3586    6.82542     0.0256     0.0396    99.0148      24759          5  0.000e+00
          0    182.297    180.723   45.82662 -129.74904     6.8961     6.8824   3.409029   3.408069    33.6991    33.7019     1.7329     4.3591    6.82537     0.0182     0.0396    99.0148      24760          5  0.000e+00
          0    182.266    180.693   45.82662 -129.74904     6.8956     6.8815   3.409036   3.408069    33.6996    33.7028     1.7317     4.3541    6.82542     0.0182     0.0396    99.0148      24761          5  0.000e+00
          0    182.297    180.723   45.82662 -129.74904     6.8958     6.8806   3.409089   3.408057    33.7000    33.7036     1.7329     4.3586    6.82538     0.0256     0.0396    99.0148      24762          5  0.000e+00
          0    182.266    180.693   45.82662 -129.74904     6.8966     6.8793   3.409128   3.408039    33.6997    33.7046     1.7329     4.3587    6.82527     0.0182     0.0428    98.9351      24763          5  0.000e+00
          0    182.297    180.723   45.82662 -129.74904     6.8971     6.8796   3.409161   3.408069    33.6995    33.7047     1.7341     4.3635    6.82519     0.0182     0.0428    98.9351      24764          5  0.000e+00
          0    182.543    180.967   45.82662 -129.74902     6.9092     6.9009   3.409921   3.409327    33.6959    33.6975     1.7451     4.3865    6.82346     0.0256     0.0407    98.9882      25445          6  0.000e+00
          0    182.543    180.967   45.82662 -129.74902     6.9090     6.9010   3.409954   3.409388    33.6964    33.6981     1.7439     4.3820    6.82346     0.0256     0.0407    98.9882      25446          6  0.000e+00
          0    182.565    180.990   45.82662 -129.74902     6.9092     6.9006   3.409934   3.409431    33.6960    33.6989     1.7439     4.3816    6.82345     0.0256     0.0407    98.9882      25447          6  0.000e+00
          0    182.543    180.967   45.82662 -129.74902     6.9092     6.9011   3.409914   3.409479    33.6958    33.6989     1.7451     4.3859    6.82346     0.0329     0.0407    98.9882      25448          6  0.000e+00
          0    182.566    180.990   45.82662 -129.74902     6.9090     6.9019   3.409954   3.409510    33.6964    33.6985     1.7439     4.3812    6.82346     0.0256     0.0407    98.9882      25449          6  0.000e+00
          0    182.543    180.967   45.82662 -129.74902     6.9090     6.9030   3.409934   3.409497    33.6962    33.6973     1.7439     4.3806    6.82347     0.0256     0.0450    98.8819      25450          6  0.000e+00
          0    182.626    181.049   45.82662 -129.74902     6.9090     6.9035   3.409894   3.409510    33.6957    33.6969     1.7439     4.3801    6.82349     0.0329     0.0439    98.9085      25451          6  0.000e+00
          0    182.543    180.967   45.82662 -129.74902     6.9087     6.9035   3.409921   3.409570    33.6964    33.6976     1.7451     4.3842    6.82351     0.0256     0.0407    98.9882      25452          6  0.000e+00
          0    182.626    181.050   45.82662 -129.74902     6.9084     6.9038   3.409921   3.409528    33.6967    33.6968     1.7439     4.3799    6.82355     0.0256     0.0396    99.0148      25453          6  0.000e+00
          0    182.596    181.020   45.82662 -129.74902     6.9085     6.9035   3.409934   3.409540    33.6967    33.6972     1.7439     4.3791    6.82353     0.0256     0.0396    99.0148      25454          6  0.000e+00
          0    182.596    181.020   45.82662 -129.74902     6.9085     6.9039   3.409921   3.409589    33.6965    33.6973     1.7451     4.3831    6.82354     0.0256     0.0396    99.0148      25455          6  0.000e+00
          0    182.566    180.990   45.82662 -129.74902     6.9085     6.9038   3.409914   3.409570    33.6965    33.6973     1.7439     4.3786    6.82354     0.0256     0.0396    99.0148      25456          6  0.000e+00
          0    182.596    181.020   45.82662 -129.74902     6.9085     6.9034   3.409914   3.409540    33.6965    33.6974     1.7439     4.3784    6.82354     0.0256     0.0396    99.0148      25457          6  0.000e+00
          0    182.626    181.050   45.82662 -129.74902     6.9085     6.9036   3.409894   3.409528    33.6962    33.6970     1.7439     4.3781    6.82355     0.0329     0.0396    99.0148      25458          6  0.000e+00
          0    182.596    181.020   45.82662 -129.74902     6.9084     6.9033   3.409881   3.409570    33.6962    33.6977     1.7439     4.3771    6.82357     0.0256     0.0396    99.0148      25459          6  0.000e+00
          0    182.679    181.102   45.82662 -129.74902     6.9085     6.9037   3.409861   3.409510    33.6958    33.6967     1.7451     4.3810    6.82357     0.0256     0.0396    99.0148      25460          6  0.000e+00
          0    182.596    181.020   45.82662 -129.74902     6.9081     6.9038   3.409848   3.409497    33.6962    33.6965     1.7451     4.3805    6.82362     0.0329     0.0396    99.0148      25461          6  0.000e+00
          0    182.566    180.990   45.82662 -129.74902     6.9078     6.9035   3.409894   3.409449    33.6969    33.6963     1.7451     4.3799    6.82362     0.0256     0.0396    99.0148      25462          6  0.000e+00
          0    182.649    181.072   45.82662 -129.74902     6.9081     6.9024   3.409914   3.409388    33.6969    33.6966     1.7439     4.3751    6.82359     0.0256     0.0407    98.9882      25463          6  0.000e+00
          0    182.596    181.020   45.82662 -129.74902     6.9081     6.9011   3.409894   3.409400    33.6967    33.6981     1.7451     4.3792    6.82360     0.0329     0.0396    99.0148      25464          6  0.000e+00
          0    182.626    181.050   45.82662 -129.74902     6.9078     6.9001   3.409881   3.409388    33.6967    33.6989     1.7451     4.3792    6.82363     0.0256     0.0396    99.0148      25465          6  0.000e+00
