AT50-29/CTD Data/AT50-29_CTD-004.cnv
* Sea-Bird SBE 9 Data File:
* FileName = C:\data\ctd\at50-29004.hex
* Software Version Seasave V 7.26.7.121
* Temperature SN = 4312
* Conductivity SN = 3521
* Number of Bytes Per Scan = 40
* Number of Voltage Words = 5
* Number of Scans Averaged by the Deck Unit = 1
* NMEA Latitude = 45 49.60 N
* NMEA Longitude = 129 44.94 W
* NMEA UTC (Time) = Aug 12 2024  01:28:09
** Ship: atlantis
** Station: Axial
** Operator: JN
# nquan = 18
# nvalues = 15964                                 
# units = specified
# name 0 = modError: Modulo Error Count
# name 1 = prDM: Pressure, Digiquartz [db]
# name 2 = depSM: Depth [salt water, m]
# name 3 = latitude: Latitude [deg]
# name 4 = longitude: Longitude [deg]
# name 5 = t090C: Temperature [ITS-90, deg C]
# name 6 = t190C: Temperature, 2 [ITS-90, deg C]
# name 7 = c0S/m: Conductivity [S/m]
# name 8 = c1S/m: Conductivity, 2 [S/m]
# name 9 = sal00: Salinity, Practical [PSU]
# name 10 = sal11: Salinity, Practical, 2 [PSU]
# name 11 = sbeox0V: Oxygen raw, SBE 43 [V]
# name 12 = sbeox0ML/L: Oxygen, SBE 43 [ml/l]
# name 13 = oxsolML/L: Oxygen Saturation, Garcia & Gordon [ml/l]
# name 14 = flECO-AFL: Fluorescence, WET Labs ECO-AFL/FL [mg/m^3]
# name 15 = CStarAt0: Beam Attenuation, WET Labs C-Star [1/m]
# name 16 = CStarTr0: Beam Transmission, WET Labs C-Star [%]
# name 17 = flag:  0.000e+00
# span 0 =          0,          0                 
# span 1 =      1.290,    223.061                 
# span 2 =      1.280,    221.114                 
# span 3 =   45.82660,   45.82662                 
# span 4 = -129.74904, -129.74900                 
# span 5 =     6.5239,    17.9159                 
# span 6 =     6.5294,    17.9149                 
# span 7 =   3.386508,   4.270146                 
# span 8 =   3.386503,   4.269829                 
# span 9 =    32.3437,    33.8030                 
# span 10 =    31.6705,    33.7991                
# span 11 =     1.4305,     3.8083                
# span 12 =     3.3239,     9.2649                
# span 13 =    5.46604,    6.87979                
# span 14 =    -0.0037,     1.9596                
# span 15 =     0.0332,     0.2889                
# span 16 =    93.0325,    99.1744                
# span 17 = 0.0000e+00, 0.0000e+00                
# interval = seconds: 0.0416667
# start_time = Aug 12 2024 01:28:09 [NMEA time, header]
# bad_flag = -9.990e-29
*END*
[from data line 7317]
          0    101.565    100.708   45.82662 -129.74902     8.8816     8.8831   3.484401   3.484392    32.6584    32.6570     2.1708     5.5442    6.57011     0.1721     0.0450    98.8819  0.000e+00
          0    101.655    100.797   45.82662 -129.74902     8.8820     8.8831   3.484407   3.484331    32.6581    32.6563     2.1708     5.5442    6.57006     0.1721     0.0461    98.8553  0.000e+00
          0    101.655    100.797   45.82662 -129.74902     8.8821     8.8834   3.484381   3.484343    32.6577    32.6561     2.1720     5.5488    6.57007     0.1794     0.0450    98.8819  0.000e+00
          0    101.677    100.820   45.82662 -129.74902     8.8810     8.8852   3.484381   3.484392    32.6587    32.6550     2.1720     5.5494    6.57018     0.1794     0.0461    98.8553  0.000e+00
          0    101.708    100.849   45.82662 -129.74902     8.8793     8.8871   3.484254   3.484435    32.6590    32.6536     2.1720     5.5495    6.57042     0.1721     0.0461    98.8553  0.000e+00
          0    101.655    100.797   45.82662 -129.74902     8.8742     8.8884   3.484021   3.484521    32.6612    32.6534     2.1708     5.5460    6.57107     0.1794     0.0450    98.8819  0.000e+00
          0    101.708    100.849   45.82662 -129.74902     8.8691     8.8891   3.483835   3.484551    32.6640    32.6531     2.1708     5.5465    6.57170     0.1867     0.0450    98.8819  0.000e+00
          0    101.730    100.872   45.82662 -129.74902     8.8684     8.8899   3.483795   3.484650    32.6642    32.6533     2.1720     5.5509    6.57180     0.1721     0.0450    98.8819  0.000e+00
          0    101.760    100.902   45.82662 -129.74902     8.8687     8.8906   3.483815   3.484613    32.6641    32.6523     2.1708     5.5467    6.57175     0.1721     0.0450    98.8819  0.000e+00
          0    101.760    100.902   45.82662 -129.74902     8.8697     8.8912   3.483868   3.484674    32.6637    32.6524     2.1720     5.5508    6.57162     0.1794     0.0450    98.8819  0.000e+00
          0    101.790    100.931   45.82662 -129.74902     8.8714     8.8915   3.483908   3.484680    32.6626    32.6521     2.1720     5.5514    6.57142     0.1794     0.0461    98.8553  0.000e+00
          0    101.760    100.902   45.82662 -129.74902     8.8714     8.8917   3.483942   3.484674    32.6630    32.6519     2.1720     5.5516    6.57141     0.1721     0.0461    98.8553  0.000e+00
          0    101.760    100.902   45.82662 -129.74902     8.8715     8.8917   3.483935   3.484674    32.6628    32.6519     2.1720     5.5517    6.57140     0.1794     0.0493    98.7755  0.000e+00
          0    101.843    100.984   45.82662 -129.74902     8.8707     8.8919   3.483902   3.484680    32.6631    32.6518     2.1720     5.5520    6.57150     0.1867     0.0482    98.8021  0.000e+00
          0    101.820    100.961   45.82662 -129.74902     8.8706     8.8920   3.483935   3.484674    32.6636    32.6516     2.1708     5.5476    6.57150     0.1721     0.0461    98.8553  0.000e+00
          0    101.820    100.961   45.82662 -129.74902     8.8717     8.8920   3.483975   3.484711    32.6630    32.6520     2.1720     5.5515    6.57136     0.1721     0.0450    98.8819  0.000e+00
          0    101.820    100.961   45.82662 -129.74902     8.8728     8.8917   3.484055   3.484674    32.6628    32.6519     2.1708     5.5469    6.57120     0.1794     0.0450    98.8819  0.000e+00
          0    101.843    100.984   45.82662 -129.74902     8.8747     8.8917   3.484168   3.484643    32.6622    32.6515     2.1720     5.5507    6.57096     0.1721     0.0461    98.8553  0.000e+00
          0    101.873    101.014   45.82662 -129.74902     8.8765     8.8912   3.484221   3.484650    32.6611    32.6520     2.1720     5.5505    6.57074     0.1721     0.0461    98.8553  0.000e+00
          0    101.821    100.961   45.82662 -129.74902     8.8777     8.8914   3.484254   3.484674    32.6604    32.6522     2.1708     5.5462    6.57060     0.1794     0.0450    98.8819  0.000e+00
          0    101.896    101.036   45.82662 -129.74902     8.8786     8.8909   3.484308   3.484674    32.6600    32.6526     2.1708     5.5456    6.57047     0.1867     0.0450    98.8819  0.000e+00
          0    101.873    101.014   45.82662 -129.74902     8.8797     8.8921   3.484328   3.484680    32.6593    32.6515     2.1708     5.5448    6.57035     0.1794     0.0450    98.8819  0.000e+00
          0    101.873    101.014   45.82662 -129.74902     8.8804     8.8935   3.484348   3.484674    32.6588    32.6502     2.1708     5.5441    6.57026     0.1794     0.0450    98.8819  0.000e+00
          0    101.843    100.984   45.82662 -129.74902     8.8810     8.8942   3.484381   3.484735    32.6586    32.6502     2.1708     5.5434    6.57018     0.1941     0.0450    98.8819  0.000e+00
          0    101.873    101.014   45.82662 -129.74902     8.8816     8.8943   3.484374   3.484778    32.6580    32.6505     2.1696     5.5382    6.57013     0.1794     0.0450    98.8819  0.000e+00
          0    101.926    101.066   45.82662 -129.74902     8.8816     8.8938   3.484381   3.484772    32.6580    32.6509     2.1708     5.5415    6.57012     0.1794     0.0450    98.8819  0.000e+00
          0    101.873    101.014   45.82662 -129.74902     8.8824     8.8930   3.484394   3.484778    32.6575    32.6517     2.1696     5.5362    6.57003     0.1867     0.0450    98.8819  0.000e+00
          0    101.896    101.036   45.82662 -129.74902     8.8825     8.8927   3.484368   3.484772    32.6571    32.6520     2.1708     5.5396    6.57003     0.1867     0.0461    98.8553  0.000e+00
          0    101.873    101.014   45.82662 -129.74902     8.8816     8.8933   3.484361   3.484772    32.6579    32.6514     2.1708     5.5389    6.57013     0.1794     0.0461    98.8553  0.000e+00
          0    101.873    101.014   45.82662 -129.74902     8.8815     8.8942   3.484381   3.484778    32.6582    32.6507     2.1696     5.5342    6.57013     0.1867     0.0450    98.8819  0.000e+00
          0    101.896    101.036   45.82662 -129.74902     8.8826     8.8946   3.484434   3.484833    32.6577    32.6508     2.1708     5.5379    6.57000     0.1941     0.0450    98.8819  0.000e+00
          0    101.873    101.014   45.82662 -129.74902     8.8830     8.8946   3.484521   3.484895    32.6582    32.6515     2.1708     5.5376    6.56991     0.1794     0.0450    98.8819  0.000e+00
          0    101.926    101.066   45.82662 -129.74902     8.8832     8.8946   3.484547   3.484932    32.6583    32.6518     2.1708     5.5374    6.56987     0.1794     0.0493    98.7755  0.000e+00
          0    101.873    101.014   45.82662 -129.74902     8.8847     8.8946   3.484640   3.484925    32.6580    32.6518     2.1696     5.5320    6.56968     0.1867     0.0482    98.8021  0.000e+00
          0    101.896    101.036   45.82662 -129.74902     8.8866     8.8945   3.484714   3.484901    32.6570    32.6517     2.1708     5.5356    6.56944     0.1867     0.0461    98.8553  0.000e+00
          0    101.873    101.014   45.82662 -129.74902     8.8888     8.8945   3.484780   3.484895    32.6556    32.6516     2.1708     5.5352    6.56918     0.1794     0.0461    98.8553  0.000e+00
          0    101.873    101.014   45.82662 -129.74902     8.8905     8.8942   3.484867   3.484925    32.6550    32.6522     2.1696     5.5303    6.56895     0.1794     0.0461    98.8553  0.000e+00
          0    101.896    101.036   45.82662 -129.74902     8.8916     8.8942   3.484913   3.484870    32.6544    32.6516     2.1696     5.5290    6.56882     0.1867     0.0450    98.8819  0.000e+00
          0    101.821    100.962   45.82662 -129.74902     8.8926     8.8942   3.484927   3.484895    32.6536    32.6519     2.1708     5.5326    6.56870     0.1794     0.0450    98.8819  0.000e+00
          0    101.873    101.014   45.82662 -129.74902     8.8928     8.8943   3.484947   3.484895    32.6537    32.6518     2.1696     5.5275    6.56868     0.1794     0.0450    98.8819  0.000e+00
          0    101.843    100.984   45.82662 -129.74902     8.8931     8.8938   3.484933   3.484870    32.6533    32.6520     2.1708     5.5312    6.56864     0.1867     0.0450    98.8819  0.000e+00
          0    101.873    101.014   45.82662 -129.74902     8.8931     8.8937   3.484907   3.484864    32.6530    32.6520     2.1696     5.5266    6.56866     0.1794     0.0461    98.8553  0.000e+00
          0    101.873    101.014   45.82662 -129.74902     8.8926     8.8935   3.484873   3.484809    32.6531    32.6516     2.1696     5.5260    6.56872     0.1794     0.0461    98.8553  0.000e+00
          0    101.821    100.962   45.82662 -129.74902     8.8925     8.8933   3.484860   3.484833    32.6531    32.6521     2.1696     5.5254    6.56874     0.1867     0.0450    98.8819  0.000e+00
          0    101.843    100.984   45.82662 -129.74902     8.8931     8.8935   3.484860   3.484803    32.6525    32.6515     2.1708     5.5297    6.56868     0.1867     0.0450    98.8819  0.000e+00
          0    101.821    100.962   45.82662 -129.74902     8.8933     8.8932   3.484907   3.484809    32.6528    32.6519     2.1696     5.5256    6.56863     0.1794     0.0450    98.8819  0.000e+00
          0    101.821    100.962   45.82662 -129.74902     8.8936     8.8935   3.484907   3.484735    32.6525    32.6509     2.1708     5.5296    6.56860     0.1794     0.0461    98.8553  0.000e+00
          0    101.791    100.932   45.82662 -129.74902     8.8933     8.8935   3.484827   3.484803    32.6520    32.6516     2.1708     5.5301    6.56867     0.1867     0.0450    98.8819  0.000e+00
          0    101.821    100.962   45.82662 -129.74902     8.8924     8.8937   3.484753   3.484741    32.6520    32.6508     2.1708     5.5302    6.56880     0.1941     0.0461    98.8553  0.000e+00
          0    101.821    100.962   45.82662 -129.74902     8.8906     8.8935   3.484647   3.484803    32.6526    32.6516     2.1708     5.5304    6.56904     0.1941     0.0461    98.8553  0.000e+00
          0    101.791    100.932   45.82662 -129.74902     8.8889     8.8933   3.484594   3.484778    32.6536    32.6515     2.1708     5.5305    6.56924     0.1867     0.0450    98.8819  0.000e+00
          0    101.761    100.902   45.82662 -129.74902     8.8880     8.8935   3.484514   3.484772    32.6536    32.6513     2.1708     5.5312    6.56937     0.1941     0.0450    98.8819  0.000e+00
          0    101.761    100.902   45.82662 -129.74902     8.8871     8.8933   3.484554   3.484772    32.6548    32.6514     2.1696     5.5273    6.56945     0.1867     0.0482    98.8021  0.000e+00
          0    101.761    100.902   45.82662 -129.74902     8.8880     8.8939   3.484647   3.484809    32.6550    32.6513     2.1696     5.5272    6.56932     0.1867     0.0493    98.7755  0.000e+00
          0    101.731    100.872   45.82662 -129.74902     8.8898     8.8940   3.484694   3.484772    32.6539    32.6509     2.1708     5.5310    6.56910     0.1941     0.0461    98.8553  0.000e+00
          0    101.708    100.850   45.82662 -129.74902     8.8915     8.8948   3.484800   3.484803    32.6535    32.6504     2.1696     5.5264    6.56888     0.1941     0.0461    98.8553  0.000e+00
          0    101.761    100.902   45.82662 -129.74902     8.8931     8.8950   3.484900   3.484840    32.6530    32.6506     2.1708     5.5309    6.56866     0.1941     0.0461    98.8553  0.000e+00
          0    101.731    100.872   45.82662 -129.74902     8.8941     8.8957   3.484946   3.484833    32.6526    32.6499     2.1696     5.5264    6.56853     0.1867     0.0461    98.8553  0.000e+00
          0    101.708    100.850   45.82662 -129.74902     8.8961     8.8961   3.485026   3.484895    32.6516    32.6502     2.1696     5.5263    6.56828     0.1941     0.0450    98.8819  0.000e+00
          0    101.708    100.850   45.82662 -129.74902     8.8974     8.8967   3.485073   3.484901    32.6508    32.6496     2.1708     5.5308    6.56812     0.1867     0.0461    98.8553  0.000e+00
          0    101.678    100.820   45.82662 -129.74902     8.8983     8.8974   3.485100   3.484987    32.6503    32.6500     2.1708     5.5314    6.56802     0.1941     0.0461    98.8553  0.000e+00
          0    101.655    100.798   45.82662 -129.74902     8.8989     8.8977   3.485093   3.484993    32.6497    32.6498     2.1696     5.5276    6.56795     0.1941     0.0450    98.8819  0.000e+00
          0    101.656    100.798   45.82662 -129.74902     8.8999     8.8974   3.485126   3.484956    32.6491    32.6497     2.1708     5.5323    6.56783     0.2014     0.0461    98.8553  0.000e+00
          0    101.656    100.798   45.82662 -129.74902     8.9012     8.8975   3.485259   3.484987    32.6493    32.6498     2.1708     5.5324    6.56763     0.1941     0.0450    98.8819  0.000e+00
          0    101.678    100.820   45.82662 -129.74902     8.9027     8.8977   3.485299   3.484993    32.6483    32.6497     2.1696     5.5286    6.56745     0.1867     0.0450    98.8819  0.000e+00
          0    101.595    100.738   45.82662 -129.74902     8.9040     8.8979   3.485366   3.484987    32.6479    32.6495     2.1708     5.5327    6.56728     0.1941     0.0450    98.8819  0.000e+00
          0    101.595    100.738   45.82662 -129.74902     8.9052     8.8977   3.485412   3.485017    32.6472    32.6500     2.1696     5.5289    6.56713     0.1867     0.0461    98.8553  0.000e+00
          0    101.625    100.768   45.82662 -129.74902     8.9057     8.8976   3.485466   3.484993    32.6474    32.6498     2.1708     5.5337    6.56706     0.1867     0.0461    98.8553  0.000e+00
          0    101.595    100.738   45.82662 -129.74902     8.9059     8.8974   3.485466   3.484956    32.6472    32.6497     2.1708     5.5341    6.56704     0.1941     0.0450    98.8819  0.000e+00
          0    101.543    100.686   45.82662 -129.74902     8.9063     8.8975   3.485439   3.484931    32.6465    32.6493     2.1708     5.5344    6.56700     0.1941     0.0461    98.8553  0.000e+00
          0    101.626    100.768   45.82662 -129.74902     8.9062     8.8975   3.485446   3.484925    32.6467    32.6492     2.1708     5.5349    6.56701     0.1867     0.0461    98.8553  0.000e+00
          0    101.543    100.686   45.82662 -129.74902     8.9062     8.8969   3.485459   3.484925    32.6468    32.6498     2.1708     5.5352    6.56700     0.1867     0.0450    98.8819  0.000e+00
          0    101.543    100.686   45.82662 -129.74902     8.9063     8.8967   3.485439   3.484839    32.6465    32.6491     2.1696     5.5311    6.56700     0.1867     0.0471    98.8287  0.000e+00
          0    101.543    100.686   45.82662 -129.74902     8.9056     8.8969   3.485359   3.484833    32.6464    32.6489     2.1696     5.5306    6.56712     0.1721     0.0493    98.7755  0.000e+00
          0    101.565    100.708   45.82662 -129.74902     8.9048     8.8974   3.485286   3.484833    32.6463    32.6484     2.1708     5.5351    6.56723     0.1648     0.0461    98.8553  0.000e+00
          0    101.483    100.626   45.82662 -129.74902     8.9037     8.8975   3.485266   3.484839    32.6471    32.6484     2.1696     5.5306    6.56736     0.1648     0.0439    98.9085  0.000e+00
          0    101.543    100.686   45.82662 -129.74902     8.9027     8.8975   3.485179   3.484864    32.6472    32.6486     2.1708     5.5352    6.56750     0.1721     0.0439    98.9085  0.000e+00
          0    101.453    100.597   45.82662 -129.74902     8.9015     8.8977   3.485099   3.484901    32.6474    32.6489     2.1696     5.5312    6.56766     0.1648     0.0450    98.8819  0.000e+00
          0    101.543    100.686   45.82662 -129.74902     8.9008     8.8982   3.485079   3.484864    32.6479    32.6480     2.1708     5.5353    6.56776     0.1648     0.0450    98.8819  0.000e+00
