AT50-29/CTD Data/AT50-29_CTD-003.ros
* Sea-Bird SBE 9 Data File:
* FileName = C:\data\ctd\at50-29003.hex
* Software Version Seasave V 7.26.7.121
* Temperature SN = 4312
* Conductivity SN = 3521
* Number of Bytes Per Scan = 40
* Number of Voltage Words = 5
* Number of Scans Averaged by the Deck Unit = 1
* NMEA Latitude = 44 30.70 N
* NMEA Longitude = 125 23.98 W
* NMEA UTC (Time) = Aug 10 2024  08:15:39
** Ship: atlantis
** Station: Slope Base
** Operator: JN
# nquan = 20
# nvalues = 2328                                  
# units = specified
# name 0 = modError: Modulo Error Count
# name 1 = prDM: Pressure, Digiquartz [db]
# name 2 = depSM: Depth [salt water, m]
# name 3 = latitude: Latitude [deg]
# name 4 = longitude: Longitude [deg]
# name 5 = t090C: Temperature [ITS-90, deg C]
# name 6 = t190C: Temperature, 2 [ITS-90, deg C]
# name 7 = c0S/m: Conductivity [S/m]
# name 8 = c1S/m: Conductivity, 2 [S/m]
# name 9 = sal00: Salinity, Practical [PSU]
# name 10 = sal11: Salinity, Practical, 2 [PSU]
# name 11 = sbeox0V: Oxygen raw, SBE 43 [V]
# name 12 = sbeox0ML/L: Oxygen, SBE 43 [ml/l]
# name 13 = oxsolML/L: Oxygen Saturation, Garcia & Gordon [ml/l]
# name 14 = flECO-AFL: Fluorescence, WET Labs ECO-AFL/FL [mg/m^3]
# name 15 = CStarAt0: Beam Attenuation, WET Labs C-Star [1/m]
# name 16 = CStarTr0: Beam Transmission, WET Labs C-Star [%]
# name 17 = scan: Scan Count
# name 18 = nbf: Bottles Fired
# name 19 = flag:  0.000e+00
# interval = seconds: 0.0416667
# start_time = Aug 10 2024 08:15:39 [NMEA time, header]
# bad_flag = -9.990e-29
*END*
[from data line 1666]
          0   2943.236   2899.217   44.51166 -125.39962     1.7289     1.7290   3.148608   3.148432    34.6426    34.6404     0.8111     1.8977    7.68164     0.0402     0.0461    98.8553      93200         18  0.000e+00
          0   2943.236   2899.217   44.51166 -125.39962     1.7286     1.7292   3.148608   3.148438    34.6430    34.6402     0.8111     1.8961    7.68169     0.0402     0.0461    98.8553      93201         18  0.000e+00
          0   2943.236   2899.217   44.51166 -125.39962     1.7288     1.7292   3.148614   3.148432    34.6429    34.6402     0.8111     1.8944    7.68166     0.0402     0.0461    98.8553      93202         18  0.000e+00
          0   2943.236   2899.217   44.51166 -125.39962     1.7288     1.7289   3.148608   3.148402    34.6428    34.6402     0.8124     1.8999    7.68166     0.0402     0.0461    98.8553      93203         18  0.000e+00
          0   2943.236   2899.218   44.51166 -125.39962     1.7286     1.7290   3.148601   3.148432    34.6429    34.6404     0.8111     1.8912    7.68169     0.0402     0.0461    98.8553      93204         18  0.000e+00
          0   2943.236   2899.218   44.51166 -125.39962     1.7286     1.7292   3.148595   3.148438    34.6428    34.6402     0.8111     1.8897    7.68169     0.0475     0.0450    98.8819      93205         18  0.000e+00
          0   2943.173   2899.156   44.51166 -125.39962     1.7286     1.7290   3.148614   3.148402    34.6431    34.6400     0.8124     1.8975    7.68168     0.0402     0.0461    98.8553      93206         18  0.000e+00
          0   2943.237   2899.218   44.51166 -125.39962     1.7286     1.7292   3.148608   3.148432    34.6430    34.6402     0.8124     1.8982    7.68169     0.0402     0.0461    98.8553      93207         18  0.000e+00
          0   2943.237   2899.218   44.51166 -125.39962     1.7289     1.7290   3.148601   3.148402    34.6425    34.6400     0.8111     1.8897    7.68164     0.0402     0.0482    98.8021      93208         18  0.000e+00
          0   2943.237   2899.218   44.51166 -125.39962     1.7286     1.7290   3.148614   3.148408    34.6430    34.6401     0.8124     1.8976    7.68168     0.0402     0.0493    98.7755      93209         18  0.000e+00
          0   2943.174   2899.156   44.51166 -125.39962     1.7286     1.7289   3.148608   3.148432    34.6430    34.6406     0.8124     1.9006    7.68168     0.0402     0.0461    98.8553      93210         18  0.000e+00
          0   2943.237   2899.218   44.51166 -125.39962     1.7286     1.7292   3.148614   3.148402    34.6430    34.6398     0.8124     1.9016    7.68168     0.0402     0.0450    98.8819      93211         18  0.000e+00
          0   2943.174   2899.156   44.51166 -125.39962     1.7286     1.7288   3.148608   3.148402    34.6430    34.6403     0.8124     1.9047    7.68168     0.0402     0.0461    98.8553      93212         18  0.000e+00
          0   2943.174   2899.156   44.51166 -125.39962     1.7288     1.7294   3.148601   3.148438    34.6427    34.6401     0.8124     1.9034    7.68167     0.0402     0.0450    98.8819      93213         18  0.000e+00
          0   2943.174   2899.156   44.51166 -125.39962     1.7286     1.7290   3.148595   3.148402    34.6428    34.6400     0.8136     1.9113    7.68169     0.0475     0.0461    98.8553      93214         18  0.000e+00
          0   2943.174   2899.156   44.51166 -125.39962     1.7284     1.7290   3.148601   3.148402    34.6431    34.6400     0.8111     1.8957    7.68171     0.0402     0.0461    98.8553      93215         18  0.000e+00
          0   2943.174   2899.157   44.51166 -125.39962     1.7288     1.7290   3.148595   3.148402    34.6427    34.6400     0.8124     1.9014    7.68167     0.0475     0.0461    98.8553      93216         18  0.000e+00
          0   2943.174   2899.157   44.51166 -125.39962     1.7286     1.7290   3.148576   3.148402    34.6426    34.6400     0.8111     1.8928    7.68170     0.0402     0.0461    98.8553      93217         18  0.000e+00
          0   2943.174   2899.157   44.51166 -125.39962     1.7288     1.7289   3.148589   3.148408    34.6426    34.6403     0.8111     1.8892    7.68167     0.0475     0.0450    98.8819      93218         18  0.000e+00
          0   2943.174   2899.157   44.51166 -125.39962     1.7288     1.7292   3.148582   3.148402    34.6425    34.6398     0.8124     1.8971    7.68168     0.0402     0.0450    98.8819      93219         18  0.000e+00
          0   2943.174   2899.157   44.51166 -125.39962     1.7289     1.7289   3.148569   3.148373    34.6422    34.6398     0.8124     1.8979    7.68166     0.0402     0.0450    98.8819      93220         18  0.000e+00
          0   2943.111   2899.095   44.51166 -125.39962     1.7286     1.7289   3.148614   3.148402    34.6431    34.6402     0.8124     1.8987    7.68168     0.0402     0.0461    98.8553      93221         18  0.000e+00
          0   2943.174   2899.157   44.51166 -125.39962     1.7284     1.7290   3.148608   3.148408    34.6432    34.6401     0.8111     1.8903    7.68171     0.0402     0.0450    98.8819      93222         18  0.000e+00
          0   2943.175   2899.157   44.51166 -125.39962     1.7286     1.7289   3.148595   3.148402    34.6428    34.6402     0.8124     1.8983    7.68169     0.0402     0.0461    98.8553      93223         18  0.000e+00
          0   2943.175   2899.157   44.51166 -125.39962     1.7284     1.7288   3.148614   3.148432    34.6432    34.6407     0.8124     1.8992    7.68170     0.0402     0.0450    98.8819      93224         18  0.000e+00
          0   2943.175   2899.157   44.51166 -125.39962     1.7288     1.7291   3.148608   3.148402    34.6428    34.6400     0.8124     1.9023    7.68166     0.0402     0.0461    98.8553      93225         18  0.000e+00
          0   2943.112   2899.095   44.51166 -125.39962     1.7286     1.7290   3.148576   3.148408    34.6426    34.6401     0.8111     1.8941    7.68170     0.0402     0.0450    98.8819      93226         18  0.000e+00
          0   2943.175   2899.157   44.51166 -125.39962     1.7288     1.7290   3.148589   3.148432    34.6426    34.6404     0.8124     1.9023    7.68167     0.0475     0.0461    98.8553      93227         18  0.000e+00
          0   2943.112   2899.096   44.51166 -125.39962     1.7288     1.7290   3.148640   3.148402    34.6432    34.6400     0.8124     1.9011    7.68164     0.0402     0.0482    98.8021      93228         18  0.000e+00
          0   2943.175   2899.157   44.51166 -125.39962     1.7289     1.7290   3.148614   3.148343    34.6427    34.6393     0.8124     1.9021    7.68163     0.0475     0.0493    98.7755      93229         18  0.000e+00
          0   2943.112   2899.096   44.51166 -125.39962     1.7286     1.7290   3.148582   3.148408    34.6427    34.6401     0.8124     1.9031    7.68170     0.0402     0.0482    98.8021      93230         18  0.000e+00
          0   2943.175   2899.158   44.51166 -125.39962     1.7288     1.7289   3.148608   3.148402    34.6428    34.6402     0.8124     1.9041    7.68166     0.0402     0.0461    98.8553      93231         18  0.000e+00
          0   2943.175   2899.158   44.51166 -125.39962     1.7286     1.7290   3.148589   3.148402    34.6428    34.6400     0.8124     1.9028    7.68170     0.0402     0.0461    98.8553      93232         18  0.000e+00
          0   2943.112   2899.096   44.51166 -125.39962     1.7288     1.7290   3.148633   3.148373    34.6432    34.6397     0.8124     1.9037    7.68164     0.0402     0.0461    98.8553      93233         18  0.000e+00
          0   2943.175   2899.158   44.51166 -125.39962     1.7284     1.7290   3.148576   3.148402    34.6428    34.6400     0.8124     1.9046    7.68173     0.0402     0.0461    98.8553      93234         18  0.000e+00
          0   2943.175   2899.158   44.51166 -125.39962     1.7288     1.7290   3.148601   3.148438    34.6427    34.6405     0.8124     1.9055    7.68167     0.0402     0.0461    98.8553      93235         18  0.000e+00
          0   2943.112   2899.096   44.51166 -125.39962     1.7288     1.7290   3.148588   3.148402    34.6426    34.6400     0.8111     1.8971    7.68167     0.0475     0.0471    98.8287      93236         18  0.000e+00
          0   2943.176   2899.158   44.51166 -125.39962     1.7286     1.7290   3.148608   3.148402    34.6430    34.6400     0.8124     1.9052    7.68168     0.0402     0.0471    98.8287      93237         18  0.000e+00
          0   2943.112   2899.096   44.51166 -125.39962     1.7286     1.7289   3.148608   3.148432    34.6430    34.6405     0.8124     1.9062    7.68168     0.0475     0.0461    98.8553      93238         18  0.000e+00
          0   2943.112   2899.096   44.51166 -125.39962     1.7288     1.7289   3.148614   3.148438    34.6429    34.6407     0.8111     1.8979    7.68166     0.0402     0.0461    98.8553      93239         18  0.000e+00
          0   2943.176   2899.158   44.51166 -125.39962     1.7286     1.7288   3.148627   3.148432    34.6432    34.6407     0.8124     1.9061    7.68167     0.0402     0.0461    98.8553      93240         18  0.000e+00
          0   2943.113   2899.096   44.51166 -125.39962     1.7288     1.7292   3.148614   3.148402    34.6429    34.6399     0.8124     1.9072    7.68166     0.0402     0.0461    98.8553      93241         18  0.000e+00
          0   2943.176   2899.158   44.51166 -125.39962     1.7286     1.7288   3.148614   3.148402    34.6431    34.6403     0.8124     1.9083    7.68168     0.0402     0.0461    98.8553      93242         18  0.000e+00
          0   2943.113   2899.097   44.51166 -125.39962     1.7289     1.7289   3.148608   3.148408    34.6427    34.6403     0.8111     1.9001    7.68164     0.0475     0.0471    98.8287      93243         18  0.000e+00
          0   2943.176   2899.158   44.51166 -125.39962     1.7286     1.7289   3.148601   3.148373    34.6429    34.6398     0.8124     1.9106    7.68169     0.0402     0.0461    98.8553      93244         18  0.000e+00
          0   2943.176   2899.159   44.51166 -125.39962     1.7288     1.7289   3.148582   3.148461    34.6425    34.6409     0.8136     1.9211    7.68168     0.0475     0.0461    98.8553      93245         18  0.000e+00
          0   2943.113   2899.097   44.51166 -125.39962     1.7288     1.7290   3.148608   3.148402    34.6428    34.6400     0.8124     1.9152    7.68166     0.0402     0.0471    98.8287      93246         18  0.000e+00
          0   2943.176   2899.159   44.51166 -125.39962     1.7286     1.7290   3.148589   3.148385    34.6428    34.6398     0.8124     1.9164    7.68170     0.0402     0.0461    98.8553      93247         18  0.000e+00
          0   2943.058   2899.043   44.51166 -125.39962     1.7286     1.7289   3.148588   3.148402    34.6428    34.6402     0.8124     1.9153    7.68169     0.0402     0.0482    98.8021      93248         18  0.000e+00
          0   2943.176   2899.159   44.51166 -125.39962     1.7286     1.7294   3.148582   3.148402    34.6427    34.6397     0.8124     1.9141    7.68170     0.0402     0.0504    98.7489      93249         18  0.000e+00
          0   2943.176   2899.159   44.51166 -125.39962     1.7288     1.7290   3.148608   3.148402    34.6428    34.6400     0.8124     1.9129    7.68166     0.0475     0.0493    98.7755      93250         18  0.000e+00
          0   2943.113   2899.097   44.51166 -125.39962     1.7286     1.7291   3.148627   3.148408    34.6433    34.6401     0.8124     1.9115    7.68167     0.0402     0.0471    98.8287      93251         18  0.000e+00
          0   2943.177   2899.159   44.51166 -125.39962     1.7286     1.7289   3.148614   3.148402    34.6431    34.6402     0.8124     1.9123    7.68168     0.0402     0.0461    98.8553      93252         18  0.000e+00
          0   2943.177   2899.159   44.51166 -125.39962     1.7288     1.7290   3.148601   3.148373    34.6427    34.6397     0.8124     1.9109    7.68167     0.0402     0.0471    98.8287      93253         18  0.000e+00
          0   2943.114   2899.097   44.51166 -125.39962     1.7286     1.7289   3.148646   3.148432    34.6435    34.6406     0.8124     1.9093    7.68166     0.0402     0.0461    98.8553      93254         18  0.000e+00
          0   2943.177   2899.159   44.51166 -125.39962     1.7288     1.7292   3.148633   3.148402    34.6431    34.6398     0.8111     1.9007    7.68164     0.0402     0.0471    98.8287      93255         18  0.000e+00
          0   2943.114   2899.097   44.51166 -125.39962     1.7288     1.7289   3.148588   3.148438    34.6426    34.6407     0.8111     1.8993    7.68167     0.0402     0.0461    98.8553      93256         18  0.000e+00
          0   2943.177   2899.159   44.51166 -125.39962     1.7286     1.7292   3.148608   3.148402    34.6430    34.6398     0.8124     1.9050    7.68168     0.0402     0.0471    98.8287      93257         18  0.000e+00
          0   2943.177   2899.159   44.51166 -125.39962     1.7288     1.7289   3.148589   3.148432    34.6426    34.6406     0.8136     1.9150    7.68167     0.0402     0.0471    98.8287      93258         18  0.000e+00
          0   2943.114   2899.098   44.51166 -125.39962     1.7286     1.7289   3.148588   3.148373    34.6428    34.6399     0.8124     1.9085    7.68169     0.0475     0.0461    98.8553      93259         18  0.000e+00
          0   2943.177   2899.160   44.51166 -125.39962     1.7286     1.7290   3.148595   3.148438    34.6428    34.6405     0.8124     1.9091    7.68169     0.0402     0.0471    98.8287      93260         18  0.000e+00
          0   2943.177   2899.160   44.51166 -125.39962     1.7286     1.7290   3.148601   3.148402    34.6429    34.6400     0.8124     1.9097    7.68169     0.0402     0.0461    98.8553      93261         18  0.000e+00
          0   2943.114   2899.098   44.51166 -125.39962     1.7284     1.7289   3.148595   3.148402    34.6430    34.6402     0.8124     1.9103    7.68171     0.0329     0.0471    98.8287      93262         18  0.000e+00
          0   2943.177   2899.160   44.51166 -125.39962     1.7288     1.7291   3.148601   3.148402    34.6427    34.6400     0.8124     1.9132    7.68167     0.0329     0.0471    98.8287      93263         18  0.000e+00
          0   2943.114   2899.098   44.51166 -125.39962     1.7288     1.7289   3.148601   3.148408    34.6428    34.6403     0.8111     1.9024    7.68166     0.0329     0.0471    98.8287      93264         18  0.000e+00
          0   2943.177   2899.160   44.51166 -125.39962     1.7286     1.7290   3.148621   3.148402    34.6431    34.6400     0.8124     1.9103    7.68168     0.0329     0.0461    98.8553      93265         18  0.000e+00
          0   2943.178   2899.160   44.51166 -125.39962     1.7286     1.7289   3.148627   3.148432    34.6432    34.6406     0.8111     1.8995    7.68167     0.0402     0.0471    98.8287      93266         18  0.000e+00
          0   2943.114   2899.098   44.51166 -125.39962     1.7286     1.7288   3.148563   3.148402    34.6425    34.6403     0.8124     1.9051    7.68171     0.0329     0.0471    98.8287      93267         18  0.000e+00
          0   2943.178   2899.160   44.51166 -125.39962     1.7286     1.7289   3.148601   3.148408    34.6429    34.6403     0.8111     1.8964    7.68169     0.0402     0.0471    98.8287      93268         18  0.000e+00
          0   2943.178   2899.160   44.51166 -125.39962     1.7288     1.7289   3.148608   3.148432    34.6428    34.6406     0.8111     1.8950    7.68166     0.0329     0.0514    98.7224      93269         18  0.000e+00
          0   2943.178   2899.160   44.51166 -125.39962     1.7286     1.7290   3.148601   3.148402    34.6429    34.6400     0.8124     1.9029    7.68169     0.0329     0.0482    98.8021      93270         18  0.000e+00
