AT50-29/CTD Data/AT50-29_CTD-002.ros
* Sea-Bird SBE 9 Data File:
* FileName = C:\data\ctd\at50-29002.hex
* Software Version Seasave V 7.26.7.121
* Temperature SN = 4312
* Conductivity SN = 3521
* Number of Bytes Per Scan = 40
* Number of Voltage Words = 5
* Number of Scans Averaged by the Deck Unit = 1
* NMEA Latitude = 44 31.48 N
* NMEA Longitude = 125 23.27 W
* NMEA UTC (Time) = Aug 09 2024  19:36:49
** Ship: atlantis
** Station: Slope Base
** Operator: MW
# nquan = 21
# nvalues = 2328                                  
# units = specified
# name 0 = modError: Modulo Error Count
# name 1 = prDM: Pressure, Digiquartz [db]
# name 2 = depSM: Depth [salt water, m]
# name 3 = latitude: Latitude [deg]
# name 4 = longitude: Longitude [deg]
# name 5 = t090C: Temperature [ITS-90, deg C]
# name 6 = t190C: Temperature, 2 [ITS-90, deg C]
# name 7 = c0S/m: Conductivity [S/m]
# name 8 = c1S/m: Conductivity, 2 [S/m]
# name 9 = sal00: Salinity, Practical [PSU]
# name 10 = sal11: Salinity, Practical, 2 [PSU]
# name 11 = sbeox0V: Oxygen raw, SBE 43 [V]
# name 12 = sbeox0ML/L: Oxygen, SBE 43 [ml/l]
# name 13 = oxsolML/L: Oxygen Saturation, Garcia & Gordon [ml/l]
# name 14 = flECO-AFL: Fluorescence, WET Labs ECO-AFL/FL [mg/m^3]
# name 15 = CStarAt0: Beam Attenuation, WET Labs C-Star [1/m]
# name 16 = CStarTr0: Beam Transmission, WET Labs C-Star [%]
# name 17 = ph: pH
# name 18 = scan: Scan Count
# name 19 = nbf: Bottles Fired
# name 20 = flag:  0.000e+00
# interval = seconds: 0.0416667
# start_time = Aug 09 2024 19:36:49 [NMEA time, header]
# bad_flag = -9.990e-29
*END*
[from data line 207]
          0    202.195    200.464   44.52470 -125.38778     7.3285     7.3280   3.467227   3.467045    33.9019    33.9004     1.2185     2.5341    6.74910     0.0329     0.0332    99.1744      7.726      26404          3  0.000e+00
          0    202.142    200.412   44.52470 -125.38778     7.3284     7.3280   3.467267   3.467076    33.9025    33.9008     1.2197     2.5390    6.74909     0.0329     0.0332    99.1744      7.726      26405          3  0.000e+00
          0    202.195    200.464   44.52470 -125.38778     7.3287     7.3282   3.467247   3.467076    33.9019    33.9006     1.2185     2.5344    6.74907     0.0329     0.0332    99.1744      7.726      26406          3  0.000e+00
          0    202.142    200.412   44.52470 -125.38778     7.3286     7.3282   3.467247   3.467107    33.9021    33.9010     1.2197     2.5393    6.74908     0.0329     0.0332    99.1744      7.726      26407          3  0.000e+00
          0    202.195    200.464   44.52470 -125.38778     7.3286     7.3282   3.467287   3.467088    33.9025    33.9008     1.2185     2.5346    6.74907     0.0402     0.0332    99.1744      7.726      26408          3  0.000e+00
          0    202.180    200.449   44.52470 -125.38778     7.3289     7.3282   3.467294   3.467045    33.9023    33.9003     1.2185     2.5347    6.74903     0.0402     0.0332    99.1744      7.726      26409          3  0.000e+00
          0    202.082    200.352   44.52470 -125.38778     7.3288     7.3282   3.467294   3.467076    33.9024    33.9007     1.2173     2.5300    6.74904     0.0402     0.0364    99.0946      7.726      26410          3  0.000e+00
          0    202.142    200.412   44.52470 -125.38778     7.3288     7.3283   3.467280   3.467107    33.9023    33.9008     1.2185     2.5344    6.74905     0.0329     0.0342    99.1478      7.726      26411          3  0.000e+00
          0    202.142    200.412   44.52470 -125.38778     7.3290     7.3282   3.467300   3.467076    33.9022    33.9006     1.2173     2.5297    6.74901     0.0329     0.0321    99.2009      7.726      26412          3  0.000e+00
          0    202.195    200.464   44.52470 -125.38778     7.3288     7.3280   3.467280   3.467076    33.9022    33.9008     1.2173     2.5293    6.74905     0.0329     0.0321    99.2009      7.722      26413          3  0.000e+00
          0    202.082    200.352   44.52470 -125.38778     7.3291     7.3279   3.467280   3.467076    33.9020    33.9010     1.2185     2.5336    6.74901     0.0329     0.0321    99.2009      7.726      26414          3  0.000e+00
          0    202.142    200.412   44.52470 -125.38778     7.3289     7.3280   3.467294   3.467045    33.9023    33.9005     1.2185     2.5332    6.74903     0.0329     0.0321    99.2009      7.726      26415          3  0.000e+00
          0    202.142    200.412   44.52470 -125.38778     7.3289     7.3279   3.467294   3.467045    33.9023    33.9006     1.2173     2.5286    6.74902     0.0329     0.0321    99.2009      7.726      26416          3  0.000e+00
          0    202.127    200.397   44.52470 -125.38778     7.3290     7.3280   3.467294   3.467058    33.9022    33.9006     1.2185     2.5329    6.74901     0.0329     0.0321    99.2009      7.726      26417          3  0.000e+00
          0    202.142    200.412   44.52470 -125.38778     7.3291     7.3279   3.467300   3.466984    33.9022    33.8999     1.2185     2.5325    6.74900     0.0329     0.0321    99.2009      7.726      26418          3  0.000e+00
          0    202.082    200.352   44.52470 -125.38778     7.3291     7.3275   3.467307   3.467045    33.9023    33.9010     1.2197     2.5374    6.74900     0.0329     0.0332    99.1744      7.726      26419          3  0.000e+00
          0    202.142    200.412   44.52470 -125.38778     7.3290     7.3279   3.467307   3.467015    33.9023    33.9003     1.2185     2.5333    6.74901     0.0329     0.0332    99.1744      7.726      26420          3  0.000e+00
          0    202.142    200.412   44.52470 -125.38778     7.3291     7.3277   3.467307   3.467015    33.9023    33.9004     1.2185     2.5335    6.74900     0.0329     0.0321    99.2009      7.726      26421          3  0.000e+00
          0    202.082    200.352   44.52470 -125.38778     7.3289     7.3275   3.467254   3.466954    33.9019    33.9000     1.2185     2.5336    6.74904     0.0329     0.0321    99.2009      7.726      26422          3  0.000e+00
          0    202.142    200.412   44.52470 -125.38778     7.3290     7.3277   3.467294   3.466984    33.9022    33.9001     1.2185     2.5337    6.74901     0.0329     0.0321    99.2009      7.726      26423          3  0.000e+00
          0    202.082    200.352   44.52470 -125.38778     7.3289     7.3277   3.467280   3.466984    33.9022    33.9001     1.2185     2.5338    6.74903     0.0329     0.0332    99.1744      7.726      26424          3  0.000e+00
          0    202.127    200.397   44.52470 -125.38778     7.3290     7.3275   3.467287   3.466954    33.9021    33.9000     1.2173     2.5292    6.74901     0.0402     0.0332    99.1744      7.722      26425          3  0.000e+00
          0    202.142    200.412   44.52470 -125.38778     7.3289     7.3275   3.467307   3.466954    33.9024    33.9000     1.2185     2.5341    6.74902     0.0402     0.0332    99.1744      7.722      26426          3  0.000e+00
          0    202.082    200.352   44.52470 -125.38778     7.3289     7.3275   3.467280   3.466966    33.9022    33.9001     1.2173     2.5295    6.74903     0.0402     0.0321    99.2009      7.726      26427          3  0.000e+00
          0    202.142    200.412   44.52470 -125.38778     7.3289     7.3277   3.467280   3.467015    33.9022    33.9004     1.2185     2.5339    6.74903     0.0256     0.0321    99.2009      7.726      26428          3  0.000e+00
          0    202.142    200.412   44.52470 -125.38778     7.3289     7.3274   3.467247   3.466954    33.9018    33.9001     1.2197     2.5388    6.74905     0.0256     0.0321    99.2009      7.726      26429          3  0.000e+00
          0    202.082    200.353   44.52470 -125.38778     7.3289     7.3274   3.467294   3.466984    33.9023    33.9005     1.2185     2.5342    6.74902     0.0256     0.0342    99.1478      7.726      26430          3  0.000e+00
          0    202.082    200.353   44.52470 -125.38778     7.3292     7.3272   3.467280   3.466984    33.9019    33.9006     1.2197     2.5391    6.74900     0.0256     0.0364    99.0946      7.726      26431          3  0.000e+00
          0    202.143    200.412   44.52470 -125.38778     7.3289     7.3272   3.467247   3.467015    33.9018    33.9009     1.2185     2.5351    6.74905     0.0256     0.0342    99.1478      7.722      26432          3  0.000e+00
          0    202.127    200.397   44.52470 -125.38778     7.3291     7.3272   3.467247   3.466984    33.9016    33.9006     1.2173     2.5304    6.74903     0.0256     0.0342    99.1478      7.726      26433          3  0.000e+00
          0    202.082    200.353   44.52470 -125.38778     7.3290     7.3269   3.467241   3.466984    33.9016    33.9009     1.2185     2.5347    6.74904     0.0256     0.0342    99.1478      7.726      26434          3  0.000e+00
          0    202.082    200.353   44.52470 -125.38778     7.3291     7.3271   3.467274   3.467015    33.9019    33.9011     1.2197     2.5390    6.74901     0.0256     0.0342    99.1478      7.726      26435          3  0.000e+00
          0    202.143    200.412   44.52470 -125.38778     7.3290     7.3269   3.467247   3.466984    33.9017    33.9009     1.2185     2.5344    6.74903     0.0256     0.0342    99.1478      7.726      26436          3  0.000e+00
          0    202.082    200.353   44.52470 -125.38778     7.3288     7.3268   3.467274   3.466966    33.9022    33.9009     1.2173     2.5297    6.74905     0.0256     0.0353    99.1212      7.726      26437          3  0.000e+00
          0    202.143    200.412   44.52470 -125.38778     7.3286     7.3271   3.467247   3.466954    33.9021    33.9004     1.2185     2.5334    6.74908     0.0256     0.0353    99.1212      7.722      26438          3  0.000e+00
          0    202.143    200.413   44.52470 -125.38778     7.3285     7.3269   3.467234   3.466984    33.9020    33.9009     1.2185     2.5335    6.74910     0.0256     0.0342    99.1478      7.726      26439          3  0.000e+00
          0    202.128    200.398   44.52470 -125.38778     7.3286     7.3268   3.467247   3.466984    33.9021    33.9011     1.2185     2.5329    6.74908     0.0256     0.0342    99.1478      7.726      26440          3  0.000e+00
          0    202.082    200.353   44.52470 -125.38778     7.3288     7.3268   3.467261   3.466984    33.9021    33.9011     1.2197     2.5377    6.74905     0.0256     0.0342    99.1478      7.726      26441          3  0.000e+00
          0    202.143    200.413   44.52470 -125.38778     7.3289     7.3268   3.467280   3.466984    33.9022    33.9010     1.2185     2.5336    6.74903     0.0256     0.0342    99.1478      7.726      26442          3  0.000e+00
          0    202.030    200.301   44.52470 -125.38778     7.3288     7.3271   3.467274   3.466984    33.9023    33.9008     1.2185     2.5336    6.74905     0.0256     0.0353    99.1212      7.722      26443          3  0.000e+00
          0    202.248    200.517   44.52470 -125.38778     7.3289     7.3268   3.467234   3.466954    33.9016    33.9007     1.2185     2.5337    6.74906     0.0329     0.0342    99.1478      7.726      26444          3  0.000e+00
          0    202.083    200.353   44.52470 -125.38778     7.3291     7.3268   3.467280   3.466984    33.9020    33.9011     1.2197     2.5384    6.74901     0.0329     0.0342    99.1478      7.726      26445          3  0.000e+00
          0    202.083    200.353   44.52470 -125.38778     7.3288     7.3268   3.467280   3.466966    33.9023    33.9009     1.2185     2.5336    6.74904     0.0329     0.0342    99.1478      7.722      26446          3  0.000e+00
          0    202.196    200.465   44.52470 -125.38778     7.3289     7.3266   3.467261   3.466954    33.9019    33.9008     1.2185     2.5336    6.74905     0.0256     0.0332    99.1744      7.726      26447          3  0.000e+00
          0    202.128    200.398   44.52470 -125.38778     7.3289     7.3268   3.467261   3.466954    33.9019    33.9007     1.2185     2.5336    6.74904     0.0256     0.0342    99.1478      7.726      26448          3  0.000e+00
          0    202.143    200.413   44.52470 -125.38778     7.3288     7.3268   3.467280   3.466984    33.9023    33.9010     1.2197     2.5383    6.74905     0.0256     0.0342    99.1478      7.726      26449          3  0.000e+00
          0    202.143    200.413   44.52470 -125.38778     7.3289     7.3266   3.467274   3.466984    33.9021    33.9012     1.2185     2.5341    6.74904     0.0256     0.0364    99.0946      7.722      26450          3  0.000e+00
          0    202.143    200.413   44.52470 -125.38778     7.3291     7.3266   3.467234   3.466984    33.9015    33.9012     1.2173     2.5293    6.74903     0.0256     0.0375    99.0680      7.722      26451          3  0.000e+00
          0    202.143    200.413   44.52470 -125.38778     7.3288     7.3268   3.467254   3.466954    33.9020    33.9007     1.2185     2.5340    6.74906     0.0256     0.0332    99.1744      7.726      26452          3  0.000e+00
          0    202.143    200.413   44.52470 -125.38778     7.3290     7.3266   3.467247   3.466984    33.9017    33.9012     1.2185     2.5340    6.74903     0.0329     0.0321    99.2009      7.726      26453          3  0.000e+00
          0    202.143    200.413   44.52470 -125.38778     7.3288     7.3268   3.467247   3.466923    33.9019    33.9004     1.2185     2.5346    6.74906     0.0329     0.0321    99.2009      7.726      26454          3  0.000e+00
          0    202.143    200.413   44.52470 -125.38778     7.3289     7.3268   3.467241   3.466984    33.9017    33.9010     1.2185     2.5347    6.74905     0.0329     0.0332    99.1744      7.726      26455          3  0.000e+00
          0    202.181    200.450   44.52470 -125.38778     7.3288     7.3265   3.467227   3.466935    33.9017    33.9007     1.2197     2.5400    6.74907     0.0329     0.0332    99.1744      7.726      26456          3  0.000e+00
          0    202.143    200.413   44.52470 -125.38778     7.3286     7.3268   3.467227   3.466984    33.9019    33.9010     1.2185     2.5359    6.74909     0.0329     0.0321    99.2009      7.726      26457          3  0.000e+00
          0    202.143    200.413   44.52470 -125.38778     7.3289     7.3266   3.467274   3.466954    33.9021    33.9009     1.2185     2.5359    6.74904     0.0329     0.0321    99.2009      7.726      26458          3  0.000e+00
          0    202.143    200.413   44.52470 -125.38778     7.3286     7.3266   3.467227   3.466984    33.9019    33.9012     1.2185     2.5353    6.74909     0.0329     0.0321    99.2009      7.726      26459          3  0.000e+00
          0    202.196    200.465   44.52470 -125.38778     7.3289     7.3268   3.467247   3.466923    33.9017    33.9004     1.2185     2.5353    6.74905     0.0329     0.0321    99.2009      7.726      26460          3  0.000e+00
          0    202.196    200.465   44.52470 -125.38778     7.3287     7.3266   3.467234   3.466954    33.9018    33.9008     1.2185     2.5347    6.74907     0.0329     0.0332    99.1744      7.726      26461          3  0.000e+00
          0    202.143    200.413   44.52470 -125.38778     7.3288     7.3266   3.467227   3.466954    33.9017    33.9009     1.2185     2.5341    6.74907     0.0402     0.0332    99.1744      7.726      26462          3  0.000e+00
          0    202.143    200.413   44.52470 -125.38778     7.3288     7.3268   3.467227   3.466984    33.9017    33.9010     1.2197     2.5388    6.74907     0.0402     0.0321    99.2009      7.726      26463          3  0.000e+00
          0    202.181    200.450   44.52470 -125.38778     7.3285     7.3266   3.467214   3.466984    33.9018    33.9012     1.2185     2.5346    6.74911     0.0402     0.0321    99.2009      7.726      26464          3  0.000e+00
          0    202.196    200.465   44.52470 -125.38778     7.3286     7.3264   3.467201   3.466966    33.9016    33.9012     1.2185     2.5339    6.74911     0.0329     0.0321    99.2009      7.726      26465          3  0.000e+00
          0    202.143    200.413   44.52470 -125.38778     7.3287     7.3268   3.467221   3.466984    33.9017    33.9010     1.2185     2.5338    6.74908     0.0329     0.0321    99.2009      7.726      26466          3  0.000e+00
          0    202.196    200.466   44.52470 -125.38778     7.3286     7.3266   3.467194   3.466954    33.9015    33.9008     1.2185     2.5337    6.74911     0.0329     0.0321    99.2009      7.726      26467          3  0.000e+00
          0    202.143    200.413   44.52470 -125.38778     7.3286     7.3268   3.467207   3.466954    33.9017    33.9007     1.2197     2.5390    6.74910     0.0329     0.0321    99.2009      7.726      26468          3  0.000e+00
          0    202.196    200.466   44.52470 -125.38778     7.3284     7.3266   3.467187   3.466954    33.9016    33.9008     1.2197     2.5395    6.74914     0.0329     0.0321    99.2009      7.726      26469          3  0.000e+00
          0    202.196    200.466   44.52470 -125.38778     7.3286     7.3266   3.467207   3.466984    33.9016    33.9012     1.2197     2.5399    6.74910     0.0329     0.0332    99.1744      7.722      26470          3  0.000e+00
          0    202.128    200.398   44.52470 -125.38778     7.3283     7.3266   3.467187   3.466984    33.9018    33.9012     1.2197     2.5403    6.74915     0.0329     0.0364    99.0946      7.726      26471          3  0.000e+00
