AT50-29/CTD Data/AT50-29_CTD-002.ros
* Sea-Bird SBE 9 Data File:
* FileName = C:\data\ctd\at50-29002.hex
* Software Version Seasave V 7.26.7.121
* Temperature SN = 4312
* Conductivity SN = 3521
* Number of Bytes Per Scan = 40
* Number of Voltage Words = 5
* Number of Scans Averaged by the Deck Unit = 1
* NMEA Latitude = 44 31.48 N
* NMEA Longitude = 125 23.27 W
* NMEA UTC (Time) = Aug 09 2024  19:36:49
** Ship: atlantis
** Station: Slope Base
** Operator: MW
# nquan = 21
# nvalues = 2328                                  
# units = specified
# name 0 = modError: Modulo Error Count
# name 1 = prDM: Pressure, Digiquartz [db]
# name 2 = depSM: Depth [salt water, m]
# name 3 = latitude: Latitude [deg]
# name 4 = longitude: Longitude [deg]
# name 5 = t090C: Temperature [ITS-90, deg C]
# name 6 = t190C: Temperature, 2 [ITS-90, deg C]
# name 7 = c0S/m: Conductivity [S/m]
# name 8 = c1S/m: Conductivity, 2 [S/m]
# name 9 = sal00: Salinity, Practical [PSU]
# name 10 = sal11: Salinity, Practical, 2 [PSU]
# name 11 = sbeox0V: Oxygen raw, SBE 43 [V]
# name 12 = sbeox0ML/L: Oxygen, SBE 43 [ml/l]
# name 13 = oxsolML/L: Oxygen Saturation, Garcia & Gordon [ml/l]
# name 14 = flECO-AFL: Fluorescence, WET Labs ECO-AFL/FL [mg/m^3]
# name 15 = CStarAt0: Beam Attenuation, WET Labs C-Star [1/m]
# name 16 = CStarTr0: Beam Transmission, WET Labs C-Star [%]
# name 17 = ph: pH
# name 18 = scan: Scan Count
# name 19 = nbf: Bottles Fired
# name 20 = flag:  0.000e+00
# interval = seconds: 0.0416667
# start_time = Aug 09 2024 19:36:49 [NMEA time, header]
# bad_flag = -9.990e-29
*END*
[from data line 1173]
          0    101.553    100.708   44.52470 -125.38778     8.4797     8.4791   3.482096   3.482153    33.0070    33.0082     1.8667     4.5842    6.61433     0.1794     0.0310    99.2275      7.922      63393         13  0.000e+00
          0    101.523    100.678   44.52470 -125.38778     8.4797     8.4794   3.482076   3.482202    33.0068    33.0084     1.8655     4.5801    6.61434     0.1794     0.0321    99.2009      7.922      63394         13  0.000e+00
          0    101.500    100.656   44.52470 -125.38778     8.4791     8.4798   3.482036   3.482245    33.0070    33.0086     1.8667     4.5841    6.61443     0.1721     0.0321    99.2009      7.922      63395         13  0.000e+00
          0    101.553    100.708   44.52470 -125.38778     8.4786     8.4802   3.482009   3.482215    33.0072    33.0078     1.8667     4.5836    6.61449     0.1721     0.0321    99.2009      7.922      63396         13  0.000e+00
          0    101.463    100.619   44.52470 -125.38778     8.4782     8.4809   3.482009   3.482264    33.0075    33.0077     1.8667     4.5829    6.61453     0.1721     0.0310    99.2275      7.922      63397         13  0.000e+00
          0    101.500    100.656   44.52470 -125.38778     8.4781     8.4809   3.481996   3.482405    33.0075    33.0092     1.8667     4.5828    6.61455     0.1721     0.0321    99.2009      7.922      63398         13  0.000e+00
          0    101.500    100.656   44.52470 -125.38778     8.4782     8.4814   3.482002   3.482405    33.0075    33.0087     1.8667     4.5826    6.61453     0.1721     0.0310    99.2275      7.922      63399         13  0.000e+00
          0    101.463    100.619   44.52470 -125.38778     8.4786     8.4809   3.482049   3.482405    33.0076    33.0092     1.8655     4.5777    6.61447     0.1721     0.0321    99.2009      7.917      63400         13  0.000e+00
          0    101.500    100.656   44.52470 -125.38778     8.4792     8.4807   3.482069   3.482478    33.0072    33.0101     1.8655     4.5770    6.61439     0.1721     0.0321    99.2009      7.922      63401         13  0.000e+00
          0    101.500    100.656   44.52470 -125.38778     8.4791     8.4811   3.482076   3.482435    33.0074    33.0093     1.8667     4.5808    6.61441     0.1721     0.0321    99.2009      7.922      63402         13  0.000e+00
          0    101.463    100.619   44.52470 -125.38778     8.4789     8.4809   3.481983   3.482405    33.0067    33.0092     1.8655     4.5760    6.61447     0.1721     0.0321    99.2009      7.922      63403         13  0.000e+00
          0    101.440    100.597   44.52470 -125.38778     8.4786     8.4813   3.481929   3.482448    33.0064    33.0093     1.8655     4.5759    6.61453     0.1721     0.0332    99.1744      7.922      63404         13  0.000e+00
          0    101.440    100.597   44.52470 -125.38778     8.4784     8.4817   3.481916   3.482497    33.0064    33.0094     1.8655     4.5751    6.61455     0.1794     0.0353    99.1212      7.922      63405         13  0.000e+00
          0    101.463    100.619   44.52470 -125.38778     8.4787     8.4812   3.481936   3.482589    33.0063    33.0108     1.8667     4.5789    6.61451     0.1794     0.0332    99.1744      7.922      63406         13  0.000e+00
          0    101.440    100.597   44.52470 -125.38778     8.4787     8.4810   3.481969   3.482478    33.0067    33.0099     1.8655     4.5736    6.61449     0.1721     0.0321    99.2009      7.922      63407         13  0.000e+00
          0    101.440    100.597   44.52470 -125.38778     8.4789     8.4807   3.481963   3.482405    33.0065    33.0094     1.8667     4.5774    6.61448     0.1794     0.0321    99.2009      7.922      63408         13  0.000e+00
          0    101.410    100.567   44.52470 -125.38778     8.4791     8.4804   3.481883   3.482307    33.0055    33.0086     1.8655     4.5731    6.61449     0.1794     0.0321    99.2009      7.922      63409         13  0.000e+00
          0    101.440    100.597   44.52470 -125.38778     8.4789     8.4801   3.481849   3.482325    33.0053    33.0091     1.8667     4.5769    6.61453     0.1721     0.0321    99.2009      7.922      63410         13  0.000e+00
          0    101.388    100.545   44.52470 -125.38778     8.4786     8.4799   3.481809   3.482276    33.0052    33.0088     1.8667     4.5771    6.61458     0.1721     0.0321    99.2009      7.922      63411         13  0.000e+00
          0    101.410    100.567   44.52470 -125.38778     8.4787     8.4798   3.481816   3.482307    33.0051    33.0093     1.8667     4.5774    6.61456     0.1721     0.0321    99.2009      7.922      63412         13  0.000e+00
          0    101.328    100.485   44.52470 -125.38778     8.4787     8.4794   3.481869   3.482276    33.0057    33.0093     1.8667     4.5770    6.61453     0.1721     0.0332    99.1744      7.922      63413         13  0.000e+00
          0    101.441    100.597   44.52470 -125.38778     8.4787     8.4792   3.481956   3.482264    33.0065    33.0093     1.8655     4.5728    6.61450     0.1721     0.0321    99.2009      7.922      63414         13  0.000e+00
          0    101.358    100.515   44.52470 -125.38778     8.4786     8.4796   3.481996   3.482245    33.0071    33.0088     1.8667     4.5765    6.61449     0.1721     0.0321    99.2009      7.922      63415         13  0.000e+00
          0    101.328    100.485   44.52470 -125.38778     8.4787     8.4793   3.482036   3.482276    33.0074    33.0094     1.8667     4.5761    6.61446     0.1721     0.0321    99.2009      7.922      63416         13  0.000e+00
          0    101.328    100.485   44.52470 -125.38778     8.4784     8.4791   3.482029   3.482233    33.0077    33.0091     1.8667     4.5764    6.61450     0.1721     0.0321    99.2009      7.922      63417         13  0.000e+00
          0    101.358    100.515   44.52470 -125.38778     8.4786     8.4797   3.482036   3.482215    33.0075    33.0084     1.8655     4.5715    6.61448     0.1721     0.0321    99.2009      7.922      63418         13  0.000e+00
          0    101.328    100.485   44.52470 -125.38778     8.4782     8.4794   3.482016   3.482184    33.0077    33.0083     1.8667     4.5758    6.61452     0.1721     0.0321    99.2009      7.922      63419         13  0.000e+00
          0    101.358    100.515   44.52470 -125.38778     8.4784     8.4794   3.481923   3.482233    33.0065    33.0088     1.8667     4.5760    6.61455     0.1794     0.0321    99.2009      7.922      63420         13  0.000e+00
          0    101.275    100.433   44.52470 -125.38778     8.4782     8.4794   3.481730   3.482153    33.0047    33.0081     1.8667     4.5763    6.61465     0.1721     0.0321    99.2009      7.922      63421         13  0.000e+00
          0    101.275    100.433   44.52470 -125.38778     8.4782     8.4790   3.481530   3.482123    33.0026    33.0081     1.8655     4.5720    6.61474     0.1721     0.0321    99.2009      7.922      63422         13  0.000e+00
          0    101.298    100.456   44.52470 -125.38778     8.4779     8.4790   3.481463   3.482061    33.0022    33.0075     1.8667     4.5763    6.61481     0.1721     0.0321    99.2009      7.922      63423         13  0.000e+00
          0    101.328    100.485   44.52470 -125.38778     8.4777     8.4793   3.481417   3.482074    33.0018    33.0073     1.8667     4.5766    6.61484     0.1721     0.0332    99.1744      7.922      63424         13  0.000e+00
          0    101.223    100.381   44.52470 -125.38778     8.4777     8.4791   3.481370   3.482025    33.0014    33.0070     1.8667     4.5768    6.61486     0.1721     0.0364    99.0946      7.922      63425         13  0.000e+00
          0    101.245    100.403   44.52470 -125.38778     8.4775     8.4788   3.481357   3.482061    33.0014    33.0077     1.8667     4.5771    6.61489     0.1721     0.0332    99.1744      7.922      63426         13  0.000e+00
          0    101.223    100.381   44.52470 -125.38778     8.4775     8.4781   3.481337   3.481921    33.0012    33.0068     1.8667     4.5773    6.61490     0.1721     0.0321    99.2009      7.922      63427         13  0.000e+00
          0    101.276    100.433   44.52470 -125.38778     8.4774     8.4783   3.481270   3.481749    33.0006    33.0048     1.8667     4.5776    6.61495     0.1721     0.0321    99.2009      7.922      63428         13  0.000e+00
          0    101.246    100.404   44.52470 -125.38778     8.4774     8.4778   3.481257   3.481682    33.0005    33.0046     1.8655     4.5738    6.61495     0.1721     0.0321    99.2009      7.922      63429         13  0.000e+00
          0    101.163    100.322   44.52470 -125.38778     8.4774     8.4777   3.481171   3.481651    32.9996    33.0044     1.8655     4.5736    6.61499     0.1721     0.0321    99.2009      7.922      63430         13  0.000e+00
          0    101.223    100.381   44.52470 -125.38778     8.4772     8.4778   3.481071   3.481577    32.9987    33.0035     1.8642     4.5689    6.61505     0.1721     0.0321    99.2009      7.922      63431         13  0.000e+00
          0    101.186    100.344   44.52470 -125.38778     8.4772     8.4776   3.481044   3.481498    32.9984    33.0029     1.8655     4.5727    6.61506     0.1721     0.0321    99.2009      7.922      63432         13  0.000e+00
          0    101.163    100.322   44.52470 -125.38778     8.4769     8.4777   3.481011   3.481406    32.9984    33.0018     1.8655     4.5726    6.61511     0.1721     0.0321    99.2009      7.922      63433         13  0.000e+00
          0    101.223    100.381   44.52470 -125.38778     8.4771     8.4775   3.480964   3.481394    32.9977    33.0018     1.8655     4.5725    6.61512     0.1721     0.0321    99.2009      7.922      63434         13  0.000e+00
          0    101.133    100.292   44.52470 -125.38778     8.4769     8.4776   3.480931   3.481467    32.9976    33.0026     1.8655     4.5724    6.61515     0.1721     0.0321    99.2009      7.922      63435         13  0.000e+00
          0    101.163    100.322   44.52470 -125.38778     8.4768     8.4778   3.480938   3.481436    32.9978    33.0020     1.8655     4.5723    6.61516     0.1794     0.0321    99.2009      7.917      63436         13  0.000e+00
          0    101.111    100.270   44.52470 -125.38778     8.4768     8.4778   3.480938   3.481436    32.9978    33.0021     1.8655     4.5722    6.61516     0.1721     0.0321    99.2009      7.922      63437         13  0.000e+00
          0    101.186    100.344   44.52470 -125.38778     8.4768     8.4777   3.480971   3.481455    32.9981    33.0024     1.8667     4.5767    6.61515     0.1721     0.0321    99.2009      7.917      63438         13  0.000e+00
          0    101.111    100.270   44.52470 -125.38778     8.4769     8.4774   3.480984   3.481436    32.9981    33.0024     1.8655     4.5726    6.61513     0.1721     0.0321    99.2009      7.922      63439         13  0.000e+00
          0    101.111    100.270   44.52470 -125.38778     8.4768     8.4775   3.480964   3.481406    32.9981    33.0020     1.8655     4.5721    6.61515     0.1721     0.0310    99.2275      7.917      63440         13  0.000e+00
          0    101.133    100.292   44.52470 -125.38778     8.4769     8.4777   3.480918   3.481393    32.9974    33.0017     1.8655     4.5721    6.61516     0.1721     0.0321    99.2009      7.917      63441         13  0.000e+00
          0    101.111    100.270   44.52470 -125.38778     8.4764     8.4774   3.480898   3.481338    32.9977    33.0014     1.8655     4.5721    6.61522     0.1721     0.0321    99.2009      7.917      63442         13  0.000e+00
          0    101.111    100.270   44.52470 -125.38778     8.4769     8.4775   3.480871   3.481375    32.9970    33.0017     1.8642     4.5670    6.61518     0.1721     0.0321    99.2009      7.922      63443         13  0.000e+00
          0    101.081    100.240   44.52470 -125.38778     8.4768     8.4773   3.480838   3.481375    32.9968    33.0019     1.8655     4.5711    6.61521     0.1721     0.0321    99.2009      7.922      63444         13  0.000e+00
          0    101.111    100.270   44.52470 -125.38778     8.4768     8.4773   3.480831   3.481393    32.9967    33.0021     1.8655     4.5712    6.61521     0.1794     0.0364    99.0946      7.917      63445         13  0.000e+00
          0    101.058    100.218   44.52470 -125.38778     8.4768     8.4773   3.480878   3.481406    32.9972    33.0022     1.8642     4.5667    6.61519     0.1721     0.0332    99.1744      7.922      63446         13  0.000e+00
          0    101.081    100.240   44.52470 -125.38778     8.4768     8.4775   3.480871   3.481406    32.9971    33.0020     1.8642     4.5663    6.61519     0.1794     0.0310    99.2275      7.922      63447         13  0.000e+00
          0    101.058    100.218   44.52470 -125.38778     8.4764     8.4777   3.480898   3.481455    32.9977    33.0024     1.8655     4.5705    6.61522     0.1794     0.0310    99.2275      7.922      63448         13  0.000e+00
          0    101.058    100.218   44.52470 -125.38778     8.4769     8.4776   3.480918   3.481498    32.9975    33.0029     1.8667     4.5747    6.61515     0.1867     0.0299    99.2541      7.922      63449         13  0.000e+00
          0    101.081    100.240   44.52470 -125.38778     8.4768     8.4773   3.480924   3.481436    32.9977    33.0025     1.8655     4.5703    6.61517     0.1794     0.0310    99.2275      7.922      63450         13  0.000e+00
          0    101.058    100.218   44.52470 -125.38778     8.4769     8.4775   3.480944   3.481498    32.9977    33.0030     1.8642     4.5659    6.61514     0.1867     0.0299    99.2541      7.922      63451         13  0.000e+00
          0    101.058    100.218   44.52470 -125.38778     8.4771     8.4774   3.480971   3.481455    32.9979    33.0026     1.8655     4.5696    6.61511     0.1867     0.0299    99.2541      7.922      63452         13  0.000e+00
          0    101.081    100.240   44.52470 -125.38778     8.4769     8.4775   3.480984   3.481498    32.9982    33.0030     1.8642     4.5647    6.61513     0.1794     0.0299    99.2541      7.922      63453         13  0.000e+00
          0    100.998    100.158   44.52470 -125.38778     8.4769     8.4777   3.480971   3.481498    32.9981    33.0029     1.8642     4.5639    6.61513     0.1867     0.0299    99.2541      7.922      63454         13  0.000e+00
          0    101.021    100.181   44.52470 -125.38778     8.4769     8.4775   3.480978   3.481516    32.9981    33.0032     1.8642     4.5636    6.61513     0.1794     0.0299    99.2541      7.922      63455         13  0.000e+00
          0    101.059    100.218   44.52470 -125.38778     8.4769     8.4778   3.480984   3.481528    32.9982    33.0031     1.8642     4.5629    6.61512     0.1794     0.0299    99.2541      7.922      63456         13  0.000e+00
          0    101.059    100.218   44.52470 -125.38778     8.4768     8.4777   3.481004   3.481528    32.9985    33.0032     1.8655     4.5673    6.61513     0.1794     0.0299    99.2541      7.922      63457         13  0.000e+00
          0    101.021    100.181   44.52470 -125.38778     8.4769     8.4777   3.481004   3.481498    32.9984    33.0029     1.8667     4.5716    6.61512     0.1794     0.0299    99.2541      7.922      63458         13  0.000e+00
          0    100.999    100.159   44.52470 -125.38778     8.4771     8.4778   3.481004   3.481516    32.9983    33.0030     1.8655     4.5678    6.61510     0.1794     0.0299    99.2541      7.922      63459         13  0.000e+00
          0    101.059    100.218   44.52470 -125.38778     8.4771     8.4777   3.480991   3.481498    32.9981    33.0029     1.8655     4.5682    6.61511     0.1794     0.0299    99.2541      7.922      63460         13  0.000e+00
