TN407/CTD Data/TN-407_CTD-003.ros
* Sea-Bird SBE 9 Data File:
* FileName = C:\data\TN407\TN407_CTD_003.hex
* Software Version Seasave V 7.26.7.107
* Temperature SN = 2195
* Conductivity SN = 2903
* Number of Bytes Per Scan = 41
* Number of Voltage Words = 4
* Number of Scans Averaged by the Deck Unit = 1
* NMEA Latitude = 44 30.91 N
* NMEA Longitude = 125 23.74 W
* NMEA UTC (Time) = Aug 21 2022  17:54:01
* NMEA baud rate = 4800
** Cruise: TGT407
** Cast: 003
** Location: Slope Base
** Date: 8-21-2022
** Water Depth: 2909
** Operator: JN
# nquan = 21
# nvalues = 2231                                  
# units = specified
# name 0 = modError: Modulo Error Count
# name 1 = prDM: Pressure, Digiquartz [db]
# name 2 = depSM: Depth [salt water, m]
# name 3 = latitude: Latitude [deg]
# name 4 = longitude: Longitude [deg]
# name 5 = t090C: Temperature [ITS-90, deg C]
# name 6 = t190C: Temperature, 2 [ITS-90, deg C]
# name 7 = c0S/m: Conductivity [S/m]
# name 8 = c1S/m: Conductivity, 2 [S/m]
# name 9 = sal00: Salinity, Practical [PSU]
# name 10 = sal11: Salinity, Practical, 2 [PSU]
# name 11 = sbeox0V: Oxygen raw, SBE 43 [V]
# name 12 = sbeox0ML/L: Oxygen, SBE 43 [ml/l]
# name 13 = oxsolML/L: Oxygen Saturation, Garcia & Gordon [ml/l]
# name 14 = flECO-AFL: Fluorescence, WET Labs ECO-AFL/FL [mg/m^3]
# name 15 = CStarAt0: Beam Attenuation, WET Labs C-Star [1/m]
# name 16 = CStarTr0: Beam Transmission, WET Labs C-Star [%]
# name 17 = ph: pH
# name 18 = scan: Scan Count
# name 19 = nbf: Bottles Fired
# name 20 = flag:  0.000e+00
# interval = seconds: 0.0416667
# start_time = Aug 21 2022 17:54:01 [NMEA time, header]
# bad_flag = -9.990e-29
*END*
[from data line 1311]
          0    504.989    500.301   44.51484 -125.39620     5.4270     5.4285   3.331871   3.331852    34.1407    34.1390     0.6963     0.6002    7.04239     1.8694     0.0460    98.8564     -4.336     188102         14  0.000e+00
          0    504.891    500.205   44.51484 -125.39620     5.4270     5.4284   3.331877   3.331835    34.1409    34.1390     0.6963     0.5999    7.04238     1.8999     0.0471    98.8302     -4.342     188103         14  0.000e+00
          0    504.876    500.190   44.51484 -125.39620     5.4270     5.4290   3.331859   3.331880    34.1407    34.1389     0.6963     0.6002    7.04239     1.8694     0.0471    98.8302     -4.347     188104         14  0.000e+00
          0    504.936    500.250   44.51484 -125.39620     5.4270     5.4289   3.331895   3.331859    34.1410    34.1388     0.6963     0.6005    7.04237     1.8694     0.0471    98.8302     -4.342     188105         14  0.000e+00
          0    504.824    500.138   44.51484 -125.39620     5.4272     5.4291   3.331907   3.331870    34.1411    34.1387     0.6951     0.5963    7.04234     1.8694     0.0471    98.8302     -4.330     188106         14  0.000e+00
          0    504.944    500.257   44.51484 -125.39620     5.4274     5.4293   3.331913   3.331894    34.1409    34.1387     0.6951     0.5960    7.04232     1.8694     0.0471    98.8302     -4.330     188107         14  0.000e+00
          0    504.936    500.250   44.51484 -125.39620     5.4274     5.4295   3.331931   3.331901    34.1411    34.1387     0.6951     0.5958    7.04231     1.8999     0.0471    98.8302     -4.330     188108         14  0.000e+00
          0    504.876    500.190   44.51484 -125.39620     5.4274     5.4292   3.331919   3.331901    34.1410    34.1390     0.6963     0.6001    7.04232     1.9304     0.0471    98.8302     -4.330     188109         14  0.000e+00
          0    504.831    500.146   44.51484 -125.39620     5.4277     5.4293   3.331907   3.331880    34.1406    34.1386     0.6963     0.5998    7.04228     1.9304     0.0460    98.8564     -4.330     188110         14  0.000e+00
          0    504.876    500.190   44.51484 -125.39620     5.4275     5.4292   3.331925   3.331873    34.1409    34.1387     0.6963     0.5995    7.04230     1.8999     0.0460    98.8564     -4.336     188111         14  0.000e+00
          0    504.824    500.138   44.51484 -125.39620     5.4275     5.4292   3.331919   3.331894    34.1409    34.1389     0.6951     0.5947    7.04230     1.9304     0.0471    98.8302     -4.336     188112         14  0.000e+00
          0    504.876    500.190   44.51484 -125.39620     5.4275     5.4290   3.331883   3.331901    34.1404    34.1391     0.6963     0.5983    7.04232     1.9304     0.0471    98.8302     -4.330     188113         14  0.000e+00
          0    504.831    500.146   44.51484 -125.39620     5.4277     5.4292   3.331931   3.331918    34.1408    34.1391     0.6963     0.5979    7.04227     1.9304     0.0471    98.8302     -4.330     188114         14  0.000e+00
          0    504.824    500.138   44.51484 -125.39620     5.4275     5.4293   3.331937   3.331904    34.1411    34.1389     0.6963     0.5976    7.04229     1.8999     0.0471    98.8302     -4.336     188115         14  0.000e+00
          0    504.824    500.138   44.51484 -125.39620     5.4275     5.4295   3.331937   3.331918    34.1411    34.1389     0.6963     0.5978    7.04229     1.9304     0.0481    98.8040     -4.330     188116         14  0.000e+00
          0    504.824    500.138   44.51484 -125.39620     5.4278     5.4295   3.331919   3.331904    34.1406    34.1388     0.6963     0.5981    7.04226     1.9304     0.0492    98.7777     -4.325     188117         14  0.000e+00
          0    504.712    500.027   44.51484 -125.39620     5.4275     5.4298   3.331931   3.331901    34.1411    34.1384     0.6963     0.5983    7.04229     1.8999     0.0492    98.7777     -4.325     188118         14  0.000e+00
          0    504.832    500.146   44.51484 -125.39620     5.4279     5.4298   3.331943   3.331918    34.1408    34.1385     0.6963     0.5992    7.04225     1.8999     0.0492    98.7777     -4.336     188119         14  0.000e+00
          0    504.764    500.079   44.51484 -125.39620     5.4275     5.4300   3.331913   3.331946    34.1408    34.1388     0.6951     0.5950    7.04230     1.9304     0.0503    98.7515     -4.342     188120         14  0.000e+00
          0    504.824    500.138   44.51484 -125.39620     5.4277     5.4298   3.331907   3.331911    34.1406    34.1385     0.6963     0.5992    7.04228     1.9304     0.0513    98.7253     -4.330     188121         14  0.000e+00
          0    504.712    500.027   44.51484 -125.39620     5.4277     5.4299   3.331913   3.331918    34.1407    34.1385     0.6963     0.5995    7.04228     1.9304     0.0503    98.7515     -4.330     188122         14  0.000e+00
          0    504.779    500.094   44.51484 -125.39620     5.4275     5.4297   3.331931   3.331925    34.1410    34.1388     0.6963     0.5998    7.04229     1.8999     0.0503    98.7515     -4.336     188123         14  0.000e+00
          0    504.712    500.027   44.51484 -125.39620     5.4277     5.4300   3.331919   3.331904    34.1408    34.1383     0.6963     0.6001    7.04228     1.8999     0.0503    98.7515     -4.330     188124         14  0.000e+00
          0    504.764    500.079   44.51484 -125.39620     5.4277     5.4298   3.331907   3.331901    34.1406    34.1384     0.6951     0.5959    7.04228     1.9304     0.0492    98.7777     -4.319     188125         14  0.000e+00
          0    504.712    500.027   44.51484 -125.39620     5.4277     5.4300   3.331907   3.331880    34.1406    34.1380     0.6963     0.6002    7.04228     1.9304     0.0492    98.7777     -4.330     188126         14  0.000e+00
          0    504.727    500.042   44.51484 -125.39620     5.4275     5.4297   3.331913   3.331894    34.1409    34.1385     0.6963     0.6005    7.04230     1.8999     0.0481    98.8040     -4.330     188127         14  0.000e+00
          0    504.712    500.027   44.51484 -125.39620     5.4278     5.4298   3.331907   3.331918    34.1405    34.1386     0.6951     0.5963    7.04227     1.9304     0.0481    98.8040     -4.325     188128         14  0.000e+00
          0    504.712    500.027   44.51484 -125.39620     5.4277     5.4298   3.331913   3.331904    34.1407    34.1384     0.6951     0.5954    7.04228     1.9304     0.0481    98.8040     -4.330     188129         14  0.000e+00
          0    504.652    499.968   44.51484 -125.39620     5.4277     5.4298   3.331907   3.331901    34.1407    34.1385     0.6963     0.5997    7.04228     1.8999     0.0481    98.8040     -4.336     188130         14  0.000e+00
          0    504.727    500.042   44.51484 -125.39620     5.4278     5.4298   3.331949   3.331901    34.1410    34.1384     0.6963     0.5994    7.04225     1.8694     0.0481    98.8040     -4.336     188131         14  0.000e+00
          0    504.652    499.968   44.51484 -125.39620     5.4280     5.4300   3.331949   3.331918    34.1408    34.1385     0.6963     0.5997    7.04222     1.8694     0.0481    98.8040     -4.336     188132         14  0.000e+00
          0    504.652    499.968   44.51484 -125.39620     5.4280     5.4300   3.331937   3.331946    34.1407    34.1388     0.6963     0.6001    7.04223     1.8694     0.0471    98.8302     -4.336     188133         14  0.000e+00
          0    504.712    500.027   44.51484 -125.39620     5.4279     5.4301   3.331919   3.331911    34.1406    34.1382     0.6951     0.5959    7.04226     1.8694     0.0471    98.8302     -4.336     188134         14  0.000e+00
          0    504.614    499.931   44.51484 -125.39620     5.4280     5.4300   3.331955   3.331918    34.1409    34.1385     0.6963     0.6001    7.04222     1.8999     0.0471    98.8302     -4.336     188135         14  0.000e+00
          0    504.652    499.968   44.51484 -125.39620     5.4279     5.4300   3.331943   3.331904    34.1409    34.1383     0.6951     0.5960    7.04224     1.8694     0.0471    98.8302     -4.336     188136         14  0.000e+00
          0    504.652    499.968   44.51484 -125.39620     5.4279     5.4300   3.331943   3.331922    34.1409    34.1385     0.6963     0.6003    7.04224     1.8694     0.0471    98.8302     -4.330     188137         14  0.000e+00
          0    504.652    499.968   44.51484 -125.39620     5.4278     5.4300   3.331937   3.331908    34.1409    34.1383     0.6963     0.6006    7.04225     1.8694     0.0471    98.8302     -4.330     188138         14  0.000e+00
          0    504.614    499.931   44.51484 -125.39620     5.4279     5.4300   3.331901   3.331901    34.1404    34.1383     0.6951     0.5965    7.04226     1.8694     0.0471    98.8302     -4.342     188139         14  0.000e+00
          0    504.652    499.968   44.51484 -125.39620     5.4275     5.4298   3.331877   3.331922    34.1405    34.1387     0.6951     0.5957    7.04232     1.8694     0.0471    98.8302     -4.330     188140         14  0.000e+00
          0    504.599    499.916   44.51484 -125.39620     5.4279     5.4297   3.331919   3.331887    34.1407    34.1385     0.6963     0.6000    7.04225     1.8999     0.0481    98.8040     -4.325     188141         14  0.000e+00
          0    504.652    499.968   44.51484 -125.39620     5.4278     5.4298   3.331901   3.331894    34.1405    34.1384     0.6963     0.6004    7.04227     1.8694     0.0471    98.8302     -4.330     188142         14  0.000e+00
          0    504.614    499.931   44.51484 -125.39620     5.4277     5.4298   3.331925   3.331901    34.1409    34.1385     0.6975     0.6047    7.04227     1.8694     0.0471    98.8302     -4.330     188143         14  0.000e+00
          0    504.599    499.916   44.51484 -125.39620     5.4279     5.4300   3.331901   3.331901    34.1404    34.1383     0.6963     0.6005    7.04226     1.8999     0.0471    98.8302     -4.330     188144         14  0.000e+00
          0    504.599    499.916   44.51484 -125.39620     5.4275     5.4300   3.331901   3.331918    34.1408    34.1384     0.6963     0.6002    7.04230     1.8999     0.0471    98.8302     -4.325     188145         14  0.000e+00
          0    504.599    499.916   44.51484 -125.39620     5.4277     5.4298   3.331907   3.331904    34.1407    34.1385     0.6963     0.6005    7.04228     1.8999     0.0471    98.8302     -4.330     188146         14  0.000e+00
          0    504.614    499.931   44.51484 -125.39620     5.4277     5.4298   3.331889   3.331901    34.1405    34.1385     0.6963     0.6008    7.04229     1.8999     0.0471    98.8302     -4.342     188147         14  0.000e+00
          0    504.599    499.916   44.51484 -125.39620     5.4275     5.4300   3.331925   3.331918    34.1411    34.1385     0.6963     0.6005    7.04229     1.8694     0.0471    98.8302     -4.330     188148         14  0.000e+00
          0    252.673    250.480   44.51484 -125.39620     6.9041     6.9054   3.440014   3.439969    33.9973    33.9955     1.0791     1.6901    6.81073     1.8694     0.0556    98.6204     -4.265     199636         15  0.000e+00
          0    252.673    250.480   44.51484 -125.39620     6.9040     6.9053   3.440038   3.439955    33.9977    33.9954     1.0791     1.6901    6.81073     1.8388     0.0556    98.6204     -4.265     199637         15  0.000e+00
          0    252.696    250.502   44.51484 -125.39620     6.9041     6.9051   3.440008   3.439962    33.9972    33.9957     1.0791     1.6901    6.81073     1.8694     0.0556    98.6204     -4.271     199638         15  0.000e+00
          0    252.673    250.480   44.51484 -125.39620     6.9041     6.9049   3.440032   3.439902    33.9975    33.9953     1.0791     1.6901    6.81072     1.8388     0.0545    98.6466     -4.276     199639         15  0.000e+00
          0    252.673    250.480   44.51484 -125.39620     6.9041     6.9050   3.440026   3.439895    33.9974    33.9951     1.0803     1.6942    6.81072     1.8388     0.0545    98.6466     -4.282     199640         15  0.000e+00
          0    252.673    250.480   44.51484 -125.39620     6.9046     6.9049   3.440063   3.439888    33.9973    33.9951     1.0791     1.6905    6.81065     1.8388     0.0545    98.6466     -4.276     199641         15  0.000e+00
          0    252.643    250.451   44.51484 -125.39620     6.9046     6.9045   3.440057   3.439884    33.9972    33.9955     1.0791     1.6904    6.81065     1.8388     0.0545    98.6466     -4.271     199642         15  0.000e+00
          0    252.725    250.532   44.51484 -125.39620     6.9047     6.9048   3.440093   3.439895    33.9975    33.9953     1.0791     1.6904    6.81062     1.8388     0.0545    98.6466     -4.265     199643         15  0.000e+00
          0    252.673    250.480   44.51484 -125.39620     6.9049     6.9050   3.440087   3.439930    33.9973    33.9955     1.0791     1.6903    6.81060     1.8388     0.0556    98.6204     -4.265     199644         15  0.000e+00
          0    252.673    250.480   44.51484 -125.39620     6.9049     6.9051   3.440075   3.439899    33.9972    33.9950     1.0791     1.6903    6.81061     1.8388     0.0545    98.6466     -4.265     199645         15  0.000e+00
          0    252.696    250.502   44.51484 -125.39620     6.9051     6.9050   3.440057   3.439913    33.9968    33.9953     1.0791     1.6903    6.81060     1.8388     0.0545    98.6466     -4.271     199646         15  0.000e+00
          0    252.673    250.480   44.51484 -125.39620     6.9051     6.9049   3.440111   3.439874    33.9974    33.9949     1.0791     1.6902    6.81057     1.8388     0.0545    98.6466     -4.271     199647         15  0.000e+00
          0    252.673    250.480   44.51484 -125.39620     6.9051     6.9046   3.440099   3.439899    33.9973    33.9955     1.0791     1.6902    6.81058     1.8388     0.0545    98.6466     -4.271     199648         15  0.000e+00
          0    252.726    250.532   44.51484 -125.39620     6.9051     6.9044   3.440099   3.439881    33.9972    33.9955     1.0803     1.6943    6.81058     1.8388     0.0545    98.6466     -4.271     199649         15  0.000e+00
          0    252.673    250.480   44.51484 -125.39620     6.9052     6.9046   3.440069   3.439860    33.9968    33.9951     1.0790     1.6906    6.81058     1.8388     0.0545    98.6466     -4.265     199650         15  0.000e+00
          0    252.696    250.503   44.51484 -125.39620     6.9047     6.9046   3.440044   3.439888    33.9970    33.9954     1.0790     1.6905    6.81064     1.8388     0.0534    98.6728     -4.271     199651         15  0.000e+00
          0    252.726    250.532   44.51484 -125.39620     6.9046     6.9043   3.440051   3.439846    33.9971    33.9952     1.0790     1.6905    6.81065     1.8694     0.0534    98.6728     -4.276     199652         15  0.000e+00
          0    252.673    250.480   44.51484 -125.39620     6.9047     6.9041   3.440044   3.439832    33.9970    33.9953     1.0790     1.6904    6.81064     1.8694     0.0545    98.6466     -4.271     199653         15  0.000e+00
          0    252.726    250.532   44.51484 -125.39620     6.9044     6.9045   3.440026   3.439860    33.9971    33.9952     1.0790     1.6904    6.81069     1.8388     0.0545    98.6466     -4.265     199654         15  0.000e+00
          0    252.696    250.503   44.51484 -125.39620     6.9045     6.9043   3.439990   3.439821    33.9966    33.9950     1.0790     1.6903    6.81070     1.8694     0.0556    98.6204     -4.271     199655         15  0.000e+00
          0    252.726    250.532   44.51484 -125.39620     6.9043     6.9042   3.439966   3.439825    33.9965    33.9951     1.0790     1.6902    6.81073     1.8694     0.0556    98.6204     -4.271     199656         15  0.000e+00
