TN407/CTD Data/TN-407_CTD-001.ros
* Sea-Bird SBE 9 Data File:
* FileName = C:\data\TN407\TN407_CTD_001.hex
* Software Version Seasave V 7.26.7.107
* Temperature SN = 2195
* Conductivity SN = 2903
* Number of Bytes Per Scan = 41
* Number of Voltage Words = 4
* Number of Scans Averaged by the Deck Unit = 1
* NMEA Latitude = 45 49.59 N
* NMEA Longitude = 129 44.84 W
* NMEA UTC (Time) = Aug 12 2022  19:38:50
* NMEA baud rate = 4800
** Cruise: TGT407
** Cast: 001
** Location:
** Date: 8-12-2022
** Water Depth:
** Operator: JN
# nquan = 21
# nvalues = 2328                                  
# units = specified
# name 0 = modError: Modulo Error Count
# name 1 = prDM: Pressure, Digiquartz [db]
# name 2 = depSM: Depth [salt water, m]
# name 3 = latitude: Latitude [deg]
# name 4 = longitude: Longitude [deg]
# name 5 = t090C: Temperature [ITS-90, deg C]
# name 6 = t190C: Temperature, 2 [ITS-90, deg C]
# name 7 = c0S/m: Conductivity [S/m]
# name 8 = c1S/m: Conductivity, 2 [S/m]
# name 9 = sal00: Salinity, Practical [PSU]
# name 10 = sal11: Salinity, Practical, 2 [PSU]
# name 11 = sbeox0V: Oxygen raw, SBE 43 [V]
# name 12 = sbeox0ML/L: Oxygen, SBE 43 [ml/l]
# name 13 = oxsolML/L: Oxygen Saturation, Garcia & Gordon [ml/l]
# name 14 = flECO-AFL: Fluorescence, WET Labs ECO-AFL/FL [mg/m^3]
# name 15 = CStarAt0: Beam Attenuation, WET Labs C-Star [1/m]
# name 16 = CStarTr0: Beam Transmission, WET Labs C-Star [%]
# name 17 = ph: pH
# name 18 = scan: Scan Count
# name 19 = nbf: Bottles Fired
# name 20 = flag:  0.000e+00
# interval = seconds: 0.0416667
# start_time = Aug 12 2022 19:38:50 [NMEA time, header]
# bad_flag = -9.990e-29
*END*
[from data line 414]
          0    181.048    179.486   45.82648 -129.74728     7.1506     7.1572   3.438609   3.438815    33.7744    33.7702     1.7400     3.5957    6.78227     1.7778     0.0396    99.0138      7.688      25121          5  0.000e+00
          0    180.988    179.427   45.82648 -129.74728     7.1508     7.1577   3.438603   3.438826    33.7742    33.7699     1.7387     3.5917    6.78225     1.7778     0.0396    99.0138      7.688      25122          5  0.000e+00
          0    180.988    179.427   45.82648 -129.74728     7.1507     7.1574   3.438585   3.438780    33.7741    33.7697     1.7400     3.5950    6.78226     1.8083     0.0407    98.9875      7.688      25123          5  0.000e+00
          0    181.011    179.449   45.82648 -129.74728     7.1508     7.1568   3.438597   3.438783    33.7741    33.7703     1.7387     3.5911    6.78225     1.7778     0.0407    98.9875      7.688      25124          5  0.000e+00
          0    181.048    179.486   45.82648 -129.74728     7.1507     7.1560   3.438658   3.438790    33.7748    33.7711     1.7387     3.5904    6.78223     1.8083     0.0407    98.9875      7.688      25125          5  0.000e+00
          0    180.989    179.427   45.82648 -129.74728     7.1511     7.1564   3.438646   3.438822    33.7744    33.7711     1.7400     3.5941    6.78219     1.7778     0.0407    98.9875      7.688      25126          5  0.000e+00
          0    181.011    179.449   45.82648 -129.74728     7.1512     7.1579   3.438639   3.438840    33.7742    33.7698     1.7388     3.5897    6.78218     1.8083     0.0407    98.9875      7.688      25127          5  0.000e+00
          0    180.989    179.427   45.82648 -129.74728     7.1516     7.1574   3.438664   3.438822    33.7741    33.7701     1.7400     3.5934    6.78213     1.7778     0.0396    99.0138      7.688      25128          5  0.000e+00
          0    181.048    179.486   45.82648 -129.74728     7.1517     7.1569   3.438670   3.438826    33.7740    33.7706     1.7400     3.5937    6.78212     1.7778     0.0407    98.9875      7.688      25129          5  0.000e+00
          0    181.011    179.449   45.82648 -129.74728     7.1519     7.1569   3.438652   3.438819    33.7736    33.7706     1.7400     3.5933    6.78210     1.7778     0.0396    99.0138      7.688      25130          5  0.000e+00
          0    180.989    179.427   45.82648 -129.74728     7.1517     7.1569   3.438706   3.438794    33.7744    33.7703     1.7400     3.5935    6.78210     1.7473     0.0396    99.0138      7.688      25131          5  0.000e+00
          0    181.048    179.486   45.82648 -129.74728     7.1521     7.1572   3.438712   3.438801    33.7741    33.7701     1.7400     3.5932    6.78205     1.7778     0.0386    99.0400      7.688      25132          5  0.000e+00
          0    181.011    179.449   45.82648 -129.74728     7.1517     7.1569   3.438676   3.438794    33.7741    33.7703     1.7388     3.5893    6.78211     1.7473     0.0396    99.0138      7.688      25133          5  0.000e+00
          0    181.048    179.486   45.82648 -129.74728     7.1519     7.1568   3.438670   3.438808    33.7739    33.7706     1.7400     3.5926    6.78210     1.7778     0.0396    99.0138      7.688      25134          5  0.000e+00
          0    181.048    179.486   45.82648 -129.74728     7.1519     7.1564   3.438670   3.438787    33.7738    33.7707     1.7400     3.5927    6.78209     1.7473     0.0386    99.0400      7.688      25135          5  0.000e+00
          0    181.011    179.449   45.82648 -129.74728     7.1519     7.1572   3.438718   3.438804    33.7744    33.7701     1.7400     3.5923    6.78207     1.7778     0.0386    99.0400      7.688      25136          5  0.000e+00
          0    181.048    179.486   45.82648 -129.74728     7.1519     7.1577   3.438706   3.438773    33.7742    33.7693     1.7400     3.5925    6.78208     1.7473     0.0386    99.0400      7.688      25137          5  0.000e+00
          0    181.048    179.486   45.82648 -129.74728     7.1519     7.1577   3.438682   3.438822    33.7740    33.7698     1.7388     3.5886    6.78209     1.7778     0.0386    99.0400      7.683      25138          5  0.000e+00
          0    181.063    179.501   45.82648 -129.74728     7.1521     7.1579   3.438694   3.438833    33.7739    33.7697     1.7400     3.5923    6.78206     1.7473     0.0386    99.0400      7.688      25139          5  0.000e+00
          0    181.049    179.486   45.82648 -129.74728     7.1520     7.1582   3.438724   3.438840    33.7743    33.7695     1.7400     3.5925    6.78205     1.7473     0.0386    99.0400      7.688      25140          5  0.000e+00
          0    181.101    179.538   45.82648 -129.74728     7.1521     7.1574   3.438682   3.438822    33.7738    33.7701     1.7400     3.5927    6.78207     1.7473     0.0386    99.0400      7.688      25141          5  0.000e+00
          0    181.011    179.450   45.82648 -129.74728     7.1520     7.1568   3.438694   3.438804    33.7740    33.7706     1.7388     3.5892    6.78207     1.7778     0.0386    99.0400      7.688      25142          5  0.000e+00
          0    181.153    179.590   45.82648 -129.74728     7.1522     7.1565   3.438725   3.438794    33.7740    33.7706     1.7388     3.5890    6.78203     1.7473     0.0386    99.0400      7.688      25143          5  0.000e+00
          0    181.049    179.487   45.82648 -129.74728     7.1522     7.1568   3.438731   3.438808    33.7742    33.7706     1.7400     3.5927    6.78203     1.7778     0.0386    99.0400      7.688      25144          5  0.000e+00
          0    181.123    179.560   45.82648 -129.74728     7.1521     7.1570   3.438706   3.438826    33.7740    33.7705     1.7388     3.5885    6.78206     1.7778     0.0396    99.0138      7.688      25145          5  0.000e+00
          0    181.049    179.487   45.82648 -129.74728     7.1520     7.1579   3.438700   3.438917    33.7740    33.7707     1.7400     3.5922    6.78207     1.7473     0.0386    99.0400      7.688      25146          5  0.000e+00
          0    181.101    179.538   45.82648 -129.74728     7.1522     7.1590   3.438724   3.438949    33.7741    33.7699     1.7388     3.5879    6.78203     1.7778     0.0396    99.0138      7.688      25147          5  0.000e+00
          0    181.064    179.501   45.82648 -129.74728     7.1520     7.1599   3.438731   3.439019    33.7744    33.7698     1.7400     3.5917    6.78205     1.7473     0.0396    99.0138      7.688      25148          5  0.000e+00
          0    181.153    179.590   45.82648 -129.74728     7.1522     7.1601   3.438706   3.439055    33.7738    33.7699     1.7400     3.5919    6.78204     1.7778     0.0396    99.0138      7.688      25149          5  0.000e+00
          0    181.101    179.538   45.82648 -129.74728     7.1522     7.1603   3.438724   3.439097    33.7741    33.7703     1.7400     3.5926    6.78204     1.7473     0.0407    98.9875      7.688      25150          5  0.000e+00
          0    181.176    179.612   45.82648 -129.74728     7.1522     7.1608   3.438773   3.439111    33.7746    33.7699     1.7400     3.5929    6.78201     1.7778     0.0407    98.9875      7.688      25151          5  0.000e+00
          0    181.101    179.538   45.82648 -129.74728     7.1522     7.1613   3.438749   3.439079    33.7744    33.7691     1.7400     3.5931    6.78203     1.7473     0.0407    98.9875      7.688      25152          5  0.000e+00
          0    181.153    179.590   45.82648 -129.74728     7.1525     7.1609   3.438737   3.439079    33.7739    33.7694     1.7400     3.5934    6.78199     1.7778     0.0407    98.9875      7.688      25153          5  0.000e+00
          0    181.123    179.561   45.82648 -129.74728     7.1525     7.1609   3.438755   3.439083    33.7741    33.7695     1.7400     3.5936    6.78199     1.8083     0.0396    99.0138      7.688      25154          5  0.000e+00
          0    181.213    179.649   45.82648 -129.74728     7.1524     7.1608   3.438694   3.439093    33.7735    33.7697     1.7400     3.5934    6.78203     1.8388     0.0396    99.0138      7.688      25155          5  0.000e+00
          0    181.153    179.590   45.82648 -129.74728     7.1523     7.1608   3.438712   3.439107    33.7738    33.7699     1.7400     3.5936    6.78203     1.8388     0.0396    99.0138      7.688      25156          5  0.000e+00
          0    181.176    179.612   45.82648 -129.74728     7.1520     7.1609   3.438712   3.439090    33.7741    33.7695     1.7400     3.5938    6.78206     1.8083     0.0396    99.0138      7.688      25157          5  0.000e+00
          0    181.213    179.649   45.82648 -129.74728     7.1522     7.1606   3.438700   3.439072    33.7737    33.7697     1.7400     3.5941    6.78205     1.8388     0.0396    99.0138      7.688      25158          5  0.000e+00
          0    181.153    179.590   45.82648 -129.74728     7.1522     7.1599   3.438725   3.439041    33.7741    33.7700     1.7400     3.5943    6.78204     1.8083     0.0396    99.0138      7.688      25159          5  0.000e+00
          0    181.153    179.590   45.82648 -129.74728     7.1521     7.1593   3.438706   3.438949    33.7740    33.7696     1.7400     3.5945    6.78206     1.8388     0.0428    98.9351      7.688      25160          5  0.000e+00
          0    181.288    179.723   45.82648 -129.74728     7.1522     7.1582   3.438700   3.438914    33.7738    33.7702     1.7400     3.5948    6.78205     1.8083     0.0418    98.9613      7.688      25161          5  0.000e+00
          0    181.213    179.650   45.82648 -129.74728     7.1521     7.1570   3.438725   3.438879    33.7742    33.7710     1.7400     3.5950    6.78205     1.8388     0.0418    98.9613      7.688      25162          5  0.000e+00
          0    181.265    179.701   45.82648 -129.74728     7.1522     7.1564   3.438731   3.438871    33.7741    33.7715     1.7400     3.5952    6.78204     1.8083     0.0407    98.9875      7.688      25163          5  0.000e+00
          0    181.228    179.664   45.82648 -129.74728     7.1522     7.1564   3.438731   3.438840    33.7741    33.7712     1.7400     3.5954    6.78203     1.8388     0.0396    99.0138      7.688      25164          5  0.000e+00
          0    181.213    179.650   45.82648 -129.74728     7.1520     7.1569   3.438712   3.438861    33.7741    33.7709     1.7400     3.5957    6.78206     1.8083     0.0386    99.0400      7.688      25165          5  0.000e+00
          0    181.265    179.701   45.82648 -129.74728     7.1522     7.1570   3.438725   3.438850    33.7740    33.7707     1.7400     3.5959    6.78204     1.8388     0.0386    99.0400      7.688      25166          5  0.000e+00
          0    181.288    179.724   45.82648 -129.74728     7.1522     7.1572   3.438731   3.438882    33.7741    33.7709     1.7400     3.5961    6.78204     1.8388     0.0386    99.0400      7.688      25167          5  0.000e+00
          0    181.265    179.701   45.82648 -129.74728     7.1521     7.1575   3.438706   3.438907    33.7739    33.7708     1.7400     3.5963    6.78206     1.8083     0.0386    99.0400      7.688      25168          5  0.000e+00
          0    181.265    179.701   45.82648 -129.74728     7.1522     7.1582   3.438700   3.438960    33.7738    33.7708     1.7400     3.5961    6.78205     1.8388     0.0386    99.0400      7.688      25169          5  0.000e+00
          0    181.288    179.724   45.82648 -129.74728     7.1524     7.1583   3.438767   3.438977    33.7743    33.7708     1.7400     3.5962    6.78200     1.8083     0.0386    99.0400      7.694      25170          5  0.000e+00
          0    181.318    179.753   45.82648 -129.74728     7.1525     7.1587   3.438791   3.438945    33.7744    33.7701     1.7388     3.5919    6.78197     1.8388     0.0386    99.0400      7.688      25171          5  0.000e+00
          0    181.266    179.701   45.82648 -129.74728     7.1529     7.1585   3.438743   3.438988    33.7736    33.7707     1.7400     3.5956    6.78195     1.8083     0.0386    99.0400      7.688      25172          5  0.000e+00
          0    181.340    179.775   45.82648 -129.74728     7.1527     7.1591   3.438731   3.439044    33.7736    33.7707     1.7388     3.5913    6.78199     1.8388     0.0386    99.0400      7.688      25173          5  0.000e+00
          0    181.318    179.753   45.82648 -129.74728     7.1529     7.1596   3.438755   3.439048    33.7737    33.7703     1.7400     3.5945    6.78195     1.8083     0.0375    99.0662      7.688      25174          5  0.000e+00
          0    181.318    179.753   45.82648 -129.74728     7.1527     7.1603   3.438743   3.439111    33.7737    33.7703     1.7400     3.5947    6.78198     1.8083     0.0386    99.0400      7.688      25175          5  0.000e+00
          0    181.340    179.775   45.82648 -129.74728     7.1525     7.1604   3.438712   3.439157    33.7735    33.7707     1.7412     3.5985    6.78201     1.7778     0.0375    99.0662      7.688      25176          5  0.000e+00
          0    181.318    179.753   45.82648 -129.74728     7.1522     7.1609   3.438725   3.439153    33.7740    33.7702     1.7400     3.5951    6.78204     1.7778     0.0386    99.0400      7.688      25177          5  0.000e+00
          0    181.318    179.753   45.82648 -129.74728     7.1520     7.1609   3.438731   3.439182    33.7742    33.7705     1.7400     3.5952    6.78206     1.7473     0.0386    99.0400      7.688      25178          5  0.000e+00
          0    181.340    179.776   45.82648 -129.74728     7.1527     7.1613   3.438755   3.439231    33.7738    33.7706     1.7400     3.5953    6.78197     1.7778     0.0396    99.0138      7.688      25179          5  0.000e+00
          0    181.378    179.812   45.82648 -129.74728     7.1527     7.1620   3.438761   3.439256    33.7739    33.7701     1.7400     3.5955    6.78197     1.7778     0.0396    99.0138      7.688      25180          5  0.000e+00
          0    181.378    179.813   45.82648 -129.74728     7.1525     7.1625   3.438737   3.439266    33.7738    33.7698     1.7400     3.5956    6.78200     1.7473     0.0386    99.0400      7.688      25181          5  0.000e+00
          0    181.340    179.776   45.82648 -129.74728     7.1527     7.1627   3.438731   3.439248    33.7736    33.7695     1.7400     3.5953    6.78199     1.7778     0.0386    99.0400      7.688      25182          5  0.000e+00
          0    181.378    179.813   45.82648 -129.74728     7.1524     7.1632   3.438731   3.439273    33.7738    33.7692     1.7400     3.5954    6.78202     1.7778     0.0386    99.0400      7.688      25183          5  0.000e+00
          0    181.378    179.813   45.82648 -129.74728     7.1520     7.1633   3.438688   3.439294    33.7737    33.7693     1.7388     3.5915    6.78208     1.7473     0.0386    99.0400      7.688      25184          5  0.000e+00
          0    181.400    179.835   45.82648 -129.74728     7.1516     7.1633   3.438646   3.439277    33.7737    33.7691     1.7400     3.5953    6.78215     1.7473     0.0386    99.0400      7.688      25185          5  0.000e+00
          0    181.378    179.813   45.82648 -129.74728     7.1509     7.1637   3.438621   3.439280    33.7741    33.7688     1.7388     3.5914    6.78224     1.7473     0.0386    99.0400      7.688      25186          5  0.000e+00
          0    181.378    179.813   45.82648 -129.74728     7.1505     7.1637   3.438603   3.439273    33.7743    33.7687     1.7400     3.5947    6.78229     1.7778     0.0386    99.0400      7.688      25187          5  0.000e+00
          0    181.400    179.835   45.82648 -129.74728     7.1501     7.1634   3.438585   3.439291    33.7745    33.7691     1.7388     3.5908    6.78234     1.7473     0.0386    99.0400      7.688      25188          5  0.000e+00
