TN407/CTD Data/TN-407_CTD-004.ros
* Sea-Bird SBE 9 Data File:
* FileName = C:\data\TN407\TN407_CTD_004hex.hex
* Software Version Seasave V 7.26.7.107
* Temperature SN = 2195
* Conductivity SN = 2903
* Number of Bytes Per Scan = 41
* Number of Voltage Words = 4
* Number of Scans Averaged by the Deck Unit = 1
* NMEA Latitude = 44 22.43 N
* NMEA Longitude = 124 57.10 W
* NMEA UTC (Time) = Aug 23 2022  10:41:06
* NMEA baud rate = 4800
** Cruise: TGT407
** Cast: 004
** Location: Oregon Offshore
** Date: 8-22-2022
** Water Depth: 569
** Operator: JN
# nquan = 21
# nvalues = 2328                                  
# units = specified
# name 0 = modError: Modulo Error Count
# name 1 = prDM: Pressure, Digiquartz [db]
# name 2 = depSM: Depth [salt water, m]
# name 3 = latitude: Latitude [deg]
# name 4 = longitude: Longitude [deg]
# name 5 = t090C: Temperature [ITS-90, deg C]
# name 6 = t190C: Temperature, 2 [ITS-90, deg C]
# name 7 = c0S/m: Conductivity [S/m]
# name 8 = c1S/m: Conductivity, 2 [S/m]
# name 9 = sal00: Salinity, Practical [PSU]
# name 10 = sal11: Salinity, Practical, 2 [PSU]
# name 11 = sbeox0V: Oxygen raw, SBE 43 [V]
# name 12 = sbeox0ML/L: Oxygen, SBE 43 [ml/l]
# name 13 = oxsolML/L: Oxygen Saturation, Garcia & Gordon [ml/l]
# name 14 = flECO-AFL: Fluorescence, WET Labs ECO-AFL/FL [mg/m^3]
# name 15 = CStarAt0: Beam Attenuation, WET Labs C-Star [1/m]
# name 16 = CStarTr0: Beam Transmission, WET Labs C-Star [%]
# name 17 = ph: pH
# name 18 = scan: Scan Count
# name 19 = nbf: Bottles Fired
# name 20 = flag:  0.000e+00
# interval = seconds: 0.0416667
# start_time = Aug 23 2022 10:41:06 [NMEA time, header]
# bad_flag = -9.990e-29
*END*
[from data line 690]
          0    403.879    400.233   44.37384 -124.95174     6.0567     6.0546   3.378558   3.378157    34.0841    34.0817     0.8085     0.9289    6.94171     1.8388     0.0694    98.2794      7.546      51047          8  0.000e+00
          0    403.827    400.181   44.37384 -124.95174     6.0568     6.0539   3.378552   3.378171    34.0840    34.0825     0.8073     0.9246    6.94170     1.8694     0.0694    98.2794      7.551      51048          8  0.000e+00
          0    403.879    400.233   44.37384 -124.95174     6.0568     6.0539   3.378552   3.378157    34.0839    34.0823     0.8073     0.9241    6.94170     1.8694     0.0684    98.3056      7.551      51049          8  0.000e+00
          0    403.879    400.233   44.37384 -124.95174     6.0568     6.0529   3.378571   3.378108    34.0841    34.0829     0.8073     0.9237    6.94169     1.8694     0.0684    98.3056      7.546      51050          8  0.000e+00
          0    403.879    400.233   44.37384 -124.95174     6.0568     6.0533   3.378558   3.378118    34.0840    34.0825     0.8073     0.9232    6.94170     1.8388     0.0684    98.3056      7.546      51051          8  0.000e+00
          0    403.849    400.203   44.37384 -124.95174     6.0568     6.0541   3.378528   3.378122    34.0837    34.0817     0.8085     0.9271    6.94171     1.8694     0.0684    98.3056      7.551      51052          8  0.000e+00
          0    403.879    400.233   44.37384 -124.95174     6.0568     6.0543   3.378540   3.378101    34.0838    34.0813     0.8073     0.9234    6.94171     1.8694     0.0694    98.2794      7.551      51053          8  0.000e+00
          0    403.879    400.233   44.37384 -124.95174     6.0568     6.0535   3.378571   3.378098    34.0841    34.0821     0.8073     0.9235    6.94169     1.8694     0.0694    98.2794      7.546      51054          8  0.000e+00
          0    403.879    400.233   44.37384 -124.95174     6.0568     6.0538   3.378558   3.378098    34.0840    34.0818     0.8073     0.9231    6.94170     1.8083     0.0694    98.2794      7.546      51055          8  0.000e+00
          0    403.879    400.233   44.37384 -124.95174     6.0569     6.0535   3.378552   3.378115    34.0838    34.0823     0.8085     0.9269    6.94168     1.8083     0.0694    98.2794      7.546      51056          8  0.000e+00
          0    403.879    400.233   44.37384 -124.95174     6.0568     6.0531   3.378571   3.378084    34.0841    34.0823     0.8085     0.9276    6.94169     1.8388     0.0694    98.2794      7.551      51057          8  0.000e+00
          0    403.879    400.233   44.37384 -124.95174     6.0573     6.0529   3.378534   3.378091    34.0832    34.0827     0.8073     0.9234    6.94166     1.8388     0.0694    98.2794      7.551      51058          8  0.000e+00
          0    403.909    400.263   44.37384 -124.95174     6.0569     6.0522   3.378540   3.378098    34.0836    34.0834     0.8073     0.9235    6.94169     1.8083     0.0684    98.3056      7.546      51059          8  0.000e+00
          0    403.879    400.233   44.37384 -124.95174     6.0570     6.0522   3.378552   3.378098    34.0837    34.0834     0.8073     0.9230    6.94167     1.8083     0.0694    98.2794      7.546      51060          8  0.000e+00
          0    403.879    400.233   44.37384 -124.95174     6.0569     6.0535   3.378552   3.378118    34.0838    34.0823     0.8073     0.9226    6.94168     1.8083     0.0694    98.2794      7.546      51061          8  0.000e+00
          0    403.880    400.233   44.37384 -124.95174     6.0571     6.0541   3.378571   3.378084    34.0838    34.0813     0.8085     0.9271    6.94166     1.8083     0.0694    98.2794      7.551      51062          8  0.000e+00
          0    403.939    400.293   44.37384 -124.95174     6.0569     6.0536   3.378583   3.378091    34.0841    34.0818     0.8073     0.9235    6.94167     1.8388     0.0694    98.2794      7.551      51063          8  0.000e+00
          0    403.880    400.233   44.37384 -124.95174     6.0569     6.0536   3.378510   3.378077    34.0833    34.0817     0.8073     0.9230    6.94171     1.8083     0.0694    98.2794      7.546      51064          8  0.000e+00
          0    403.850    400.204   44.37384 -124.95174     6.0571     6.0539   3.378583   3.378070    34.0840    34.0814     0.8073     0.9226    6.94165     1.8083     0.0694    98.2794      7.546      51065          8  0.000e+00
          0    403.880    400.233   44.37384 -124.95174     6.0569     6.0538   3.378589   3.378108    34.0842    34.0819     0.8073     0.9228    6.94166     1.8083     0.0694    98.2794      7.551      51066          8  0.000e+00
          0    403.940    400.293   44.37384 -124.95174     6.0568     6.0529   3.378558   3.378143    34.0840    34.0832     0.8073     0.9224    6.94170     1.8388     0.0694    98.2794      7.551      51067          8  0.000e+00
          0    403.880    400.234   44.37384 -124.95174     6.0571     6.0522   3.378552   3.378129    34.0836    34.0837     0.8085     0.9263    6.94166     1.8388     0.0694    98.2794      7.551      51068          8  0.000e+00
          0    403.880    400.234   44.37384 -124.95174     6.0571     6.0527   3.378571   3.378143    34.0838    34.0834     0.8073     0.9221    6.94166     1.8388     0.0694    98.2794      7.551      51069          8  0.000e+00
          0    403.880    400.234   44.37384 -124.95174     6.0571     6.0531   3.378601   3.378150    34.0841    34.0830     0.8073     0.9217    6.94164     1.8388     0.0694    98.2794      7.546      51070          8  0.000e+00
          0    403.850    400.204   44.37384 -124.95174     6.0571     6.0531   3.378613   3.378150    34.0843    34.0831     0.8085     0.9262    6.94163     1.8083     0.0694    98.2794      7.546      51071          8  0.000e+00
          0    403.880    400.234   44.37384 -124.95174     6.0572     6.0535   3.378565   3.378108    34.0836    34.0822     0.8085     0.9269    6.94165     1.8388     0.0705    98.2532      7.551      51072          8  0.000e+00
          0    403.880    400.234   44.37384 -124.95174     6.0573     6.0536   3.378552   3.378136    34.0834    34.0824     0.8073     0.9233    6.94165     1.8388     0.0694    98.2794      7.546      51073          8  0.000e+00
          0    403.880    400.234   44.37384 -124.95174     6.0574     6.0538   3.378571   3.378150    34.0835    34.0824     0.8073     0.9235    6.94162     1.8083     0.0705    98.2532      7.546      51074          8  0.000e+00
          0    403.880    400.234   44.37384 -124.95174     6.0571     6.0535   3.378601   3.378171    34.0841    34.0829     0.8073     0.9231    6.94164     1.8083     0.0705    98.2532      7.546      51075          8  0.000e+00
          0    403.880    400.234   44.37384 -124.95174     6.0574     6.0535   3.378613   3.378195    34.0840    34.0832     0.8073     0.9227    6.94160     1.8388     0.0705    98.2532      7.551      51076          8  0.000e+00
          0    403.850    400.204   44.37384 -124.95174     6.0573     6.0546   3.378589   3.378262    34.0839    34.0829     0.8073     0.9224    6.94163     1.8083     0.0716    98.2270      7.551      51077          8  0.000e+00
          0    403.828    400.182   44.37384 -124.95174     6.0571     6.0557   3.378583   3.378321    34.0840    34.0824     0.8073     0.9226    6.94165     1.8083     0.0716    98.2270      7.546      51078          8  0.000e+00
          0    403.880    400.234   44.37384 -124.95174     6.0572     6.0562   3.378601   3.378314    34.0840    34.0819     0.8073     0.9228    6.94163     1.8083     0.0726    98.2007      7.546      51079          8  0.000e+00
          0    403.880    400.234   44.37384 -124.95174     6.0573     6.0570   3.378613   3.378328    34.0841    34.0812     0.8073     0.9225    6.94161     1.8083     0.0737    98.1745      7.546      51080          8  0.000e+00
          0    403.828    400.182   44.37384 -124.95174     6.0574     6.0573   3.378613   3.378335    34.0840    34.0810     0.8073     0.9221    6.94159     1.8083     0.0748    98.1483      7.546      51081          8  0.000e+00
          0    403.828    400.182   44.37384 -124.95174     6.0574     6.0573   3.378613   3.378374    34.0840    34.0814     0.8073     0.9224    6.94159     1.8083     0.0758    98.1221      7.551      51082          8  0.000e+00
          0    403.910    400.264   44.37384 -124.95174     6.0577     6.0567   3.378613   3.378388    34.0836    34.0822     0.8073     0.9227    6.94156     1.8083     0.0769    98.0958      7.551      51083          8  0.000e+00
          0    403.828    400.182   44.37384 -124.95174     6.0574     6.0556   3.378589   3.378367    34.0837    34.0831     0.8073     0.9224    6.94161     1.8388     0.0780    98.0696      7.551      51084          8  0.000e+00
          0    403.828    400.182   44.37384 -124.95174     6.0572     6.0552   3.378601   3.378339    34.0841    34.0831     0.8060     0.9178    6.94163     1.8388     0.0769    98.0958      7.551      51085          8  0.000e+00
          0    403.828    400.182   44.37384 -124.95174     6.0573     6.0560   3.378613   3.378335    34.0841    34.0823     0.8073     0.9219    6.94161     1.8388     0.0748    98.1483      7.551      51086          8  0.000e+00
          0    403.828    400.182   44.37384 -124.95174     6.0574     6.0554   3.378589   3.378293    34.0837    34.0824     0.8073     0.9222    6.94161     1.8388     0.0726    98.2007      7.546      51087          8  0.000e+00
          0    403.828    400.183   44.37384 -124.95174     6.0574     6.0557   3.378558   3.378321    34.0834    34.0824     0.8073     0.9226    6.94162     1.8388     0.0716    98.2270      7.546      51088          8  0.000e+00
          0    403.798    400.153   44.37384 -124.95174     6.0573     6.0557   3.378595   3.378335    34.0840    34.0826     0.8073     0.9224    6.94162     1.8083     0.0716    98.2270      7.546      51089          8  0.000e+00
          0    403.828    400.183   44.37384 -124.95174     6.0574     6.0564   3.378613   3.378353    34.0840    34.0821     0.8073     0.9222    6.94159     1.8083     0.0705    98.2532      7.546      51090          8  0.000e+00
          0    403.828    400.183   44.37384 -124.95174     6.0574     6.0569   3.378589   3.378381    34.0838    34.0819     0.8085     0.9264    6.94161     1.8083     0.0705    98.2532      7.546      51091          8  0.000e+00
          0    403.769    400.123   44.37384 -124.95174     6.0574     6.0572   3.378601   3.378405    34.0839    34.0819     0.8085     0.9273    6.94160     1.8083     0.0705    98.2532      7.551      51092          8  0.000e+00
          0    403.828    400.183   44.37384 -124.95174     6.0576     6.0576   3.378613   3.378433    34.0838    34.0818     0.8085     0.9277    6.94158     1.8388     0.0705    98.2532      7.551      51093          8  0.000e+00
          0    403.769    400.124   44.37384 -124.95174     6.0577     6.0577   3.378631   3.378440    34.0839    34.0818     0.8073     0.9237    6.94155     1.8388     0.0705    98.2532      7.551      51094          8  0.000e+00
          0    403.799    400.153   44.37384 -124.95174     6.0579     6.0579   3.378619   3.378440    34.0836    34.0815     0.8073     0.9234    6.94153     1.8388     0.0705    98.2532      7.551      51095          8  0.000e+00
          0    403.769    400.124   44.37384 -124.95174     6.0577     6.0578   3.378613   3.378419    34.0837    34.0814     0.8073     0.9238    6.94156     1.8388     0.0705    98.2532      7.551      51096          8  0.000e+00
          0    403.769    400.124   44.37384 -124.95174     6.0580     6.0574   3.378631   3.378412    34.0836    34.0817     0.8073     0.9236    6.94151     1.8083     0.0694    98.2794      7.546      51097          8  0.000e+00
          0    403.769    400.124   44.37384 -124.95174     6.0577     6.0575   3.378619   3.378391    34.0837    34.0814     0.8073     0.9234    6.94155     1.8083     0.0694    98.2794      7.546      51098          8  0.000e+00
          0    403.716    400.072   44.37384 -124.95174     6.0577     6.0574   3.378613   3.378388    34.0837    34.0815     0.8085     0.9275    6.94155     1.8083     0.0694    98.2794      7.546      51099          8  0.000e+00
          0    403.769    400.124   44.37384 -124.95174     6.0577     6.0573   3.378613   3.378426    34.0837    34.0820     0.8073     0.9235    6.94156     1.8083     0.0694    98.2794      7.551      51100          8  0.000e+00
          0    403.717    400.072   44.37384 -124.95174     6.0577     6.0578   3.378631   3.378440    34.0839    34.0817     0.8073     0.9238    6.94155     1.8388     0.0694    98.2794      7.551      51101          8  0.000e+00
          0    403.799    400.153   44.37384 -124.95174     6.0577     6.0579   3.378661   3.378457    34.0842    34.0817     0.8073     0.9236    6.94153     1.9304     0.0705    98.2532      7.551      51102          8  0.000e+00
          0    403.717    400.072   44.37384 -124.95174     6.0578     6.0579   3.378625   3.378422    34.0837    34.0814     0.8060     0.9191    6.94154     1.9304     0.0716    98.2270      7.551      51103          8  0.000e+00
          0    403.769    400.124   44.37384 -124.95174     6.0581     6.0579   3.378631   3.378450    34.0836    34.0817     0.8073     0.9226    6.94151     1.9304     0.0716    98.2270      7.551      51104          8  0.000e+00
          0    403.717    400.072   44.37384 -124.95174     6.0581     6.0578   3.378619   3.378464    34.0834    34.0820     0.8073     0.9230    6.94151     1.9304     0.0705    98.2532      7.551      51105          8  0.000e+00
          0    403.717    400.072   44.37384 -124.95174     6.0577     6.0576   3.378613   3.378405    34.0837    34.0815     0.8073     0.9235    6.94155     1.9304     0.0705    98.2532      7.546      51106          8  0.000e+00
          0    403.717    400.072   44.37384 -124.95174     6.0577     6.0572   3.378679   3.378388    34.0844    34.0818     0.8073     0.9233    6.94152     1.8999     0.0705    98.2532      7.546      51107          8  0.000e+00
          0    403.687    400.043   44.37384 -124.95174     6.0579     6.0570   3.378655   3.378367    34.0840    34.0817     0.8073     0.9232    6.94151     1.9304     0.0705    98.2532      7.546      51108          8  0.000e+00
          0    403.717    400.072   44.37384 -124.95174     6.0578     6.0565   3.378661   3.378339    34.0841    34.0819     0.8073     0.9230    6.94152     1.9304     0.0705    98.2532      7.551      51109          8  0.000e+00
          0    403.717    400.072   44.37384 -124.95174     6.0581     6.0567   3.378649   3.378335    34.0838    34.0817     0.8085     0.9272    6.94150     1.9304     0.0705    98.2532      7.551      51110          8  0.000e+00
          0    403.665    400.020   44.37384 -124.95174     6.0581     6.0565   3.378661   3.378353    34.0839    34.0820     0.8073     0.9239    6.94149     1.9304     0.0705    98.2532      7.551      51111          8  0.000e+00
          0    403.717    400.072   44.37384 -124.95174     6.0581     6.0568   3.378673   3.378339    34.0841    34.0816     0.8073     0.9237    6.94149     1.9304     0.0705    98.2532      7.546      51112          8  0.000e+00
          0    403.665    400.021   44.37384 -124.95174     6.0581     6.0567   3.378673   3.378314    34.0841    34.0815     0.8073     0.9236    6.94148     1.8999     0.0705    98.2532      7.546      51113          8  0.000e+00
          0    403.687    400.043   44.37384 -124.95174     6.0581     6.0567   3.378673   3.378286    34.0841    34.0811     0.8073     0.9235    6.94148     1.9304     0.0705    98.2532      7.546      51114          8  0.000e+00
