TN407/CTD Data/TN-407_CTD-002.ros
* Sea-Bird SBE 9 Data File:
* FileName = C:\data\TN407\TN407_CTD_002.hex
* Software Version Seasave V 7.26.7.107
* Temperature SN = 2195
* Conductivity SN = 2903
* Number of Bytes Per Scan = 41
* Number of Voltage Words = 4
* Number of Scans Averaged by the Deck Unit = 1
* NMEA Latitude = 44 34.18 N
* NMEA Longitude = 125 08.80 W
* NMEA UTC (Time) = Aug 21 2022  06:35:11
* NMEA baud rate = 4800
** Cruise: TGT407
** Cast: 002
** Location:
** Date: 8-20-2022
** Water Depth: 775
** Operator: JN
# nquan = 21
# nvalues = 2328                                  
# units = specified
# name 0 = modError: Modulo Error Count
# name 1 = prDM: Pressure, Digiquartz [db]
# name 2 = depSM: Depth [salt water, m]
# name 3 = latitude: Latitude [deg]
# name 4 = longitude: Longitude [deg]
# name 5 = t090C: Temperature [ITS-90, deg C]
# name 6 = t190C: Temperature, 2 [ITS-90, deg C]
# name 7 = c0S/m: Conductivity [S/m]
# name 8 = c1S/m: Conductivity, 2 [S/m]
# name 9 = sal00: Salinity, Practical [PSU]
# name 10 = sal11: Salinity, Practical, 2 [PSU]
# name 11 = sbeox0V: Oxygen raw, SBE 43 [V]
# name 12 = sbeox0ML/L: Oxygen, SBE 43 [ml/l]
# name 13 = oxsolML/L: Oxygen Saturation, Garcia & Gordon [ml/l]
# name 14 = flECO-AFL: Fluorescence, WET Labs ECO-AFL/FL [mg/m^3]
# name 15 = CStarAt0: Beam Attenuation, WET Labs C-Star [1/m]
# name 16 = CStarTr0: Beam Transmission, WET Labs C-Star [%]
# name 17 = ph: pH
# name 18 = scan: Scan Count
# name 19 = nbf: Bottles Fired
# name 20 = flag:  0.000e+00
# interval = seconds: 0.0416667
# start_time = Aug 21 2022 06:35:11 [NMEA time, header]
# bad_flag = -9.990e-29
*END*
[from data line 207]
          0    710.121    703.180   44.56964 -125.14664     4.5746     4.5761   3.275846   3.275811    34.2635    34.2615     0.5717     0.2148    7.18073     1.8388     0.0428    98.9351      7.498      39329          3  0.000e+00
          0    710.121    703.180   44.56964 -125.14664     4.5744     4.5760   3.275798   3.275787    34.2631    34.2614     0.5717     0.2153    7.18078     1.8388     0.0407    98.9875      7.498      39330          3  0.000e+00
          0    710.121    703.180   44.56964 -125.14664     4.5745     4.5761   3.275804   3.275756    34.2630    34.2608     0.5705     0.2102    7.18076     1.8388     0.0418    98.9613      7.498      39331          3  0.000e+00
          0    710.144    703.202   44.56964 -125.14664     4.5744     4.5760   3.275834   3.275742    34.2635    34.2608     0.5705     0.2093    7.18076     1.8388     0.0418    98.9613      7.504      39332          3  0.000e+00
          0    710.061    703.120   44.56964 -125.14664     4.5744     4.5761   3.275840   3.275804    34.2636    34.2614     0.5717     0.2133    7.18075     1.8388     0.0407    98.9875      7.504      39333          3  0.000e+00
          0    710.121    703.180   44.56964 -125.14664     4.5742     4.5761   3.275798   3.275767    34.2633    34.2610     0.5717     0.2131    7.18080     1.8388     0.0407    98.9875      7.498      39334          3  0.000e+00
          0    710.121    703.180   44.56964 -125.14664     4.5746     4.5761   3.275828   3.275760    34.2633    34.2609     0.5717     0.2129    7.18074     1.8694     0.0407    98.9875      7.504      39335          3  0.000e+00
          0    710.061    703.120   44.56964 -125.14664     4.5742     4.5758   3.275822   3.275753    34.2636    34.2611     0.5717     0.2127    7.18078     1.8694     0.0396    99.0138      7.498      39336          3  0.000e+00
          0    710.091    703.150   44.56964 -125.14664     4.5742     4.5760   3.275792   3.275770    34.2632    34.2612     0.5717     0.2126    7.18080     1.8388     0.0396    99.0138      7.498      39337          3  0.000e+00
          0    710.061    703.120   44.56964 -125.14664     4.5746     4.5760   3.275786   3.275767    34.2628    34.2611     0.5717     0.2131    7.18076     1.8388     0.0396    99.0138      7.498      39338          3  0.000e+00
          0    710.061    703.121   44.56964 -125.14664     4.5744     4.5761   3.275804   3.275735    34.2632    34.2606     0.5717     0.2130    7.18077     1.8694     0.0407    98.9875      7.498      39339          3  0.000e+00
          0    710.061    703.121   44.56964 -125.14664     4.5745     4.5760   3.275816   3.275780    34.2632    34.2613     0.5717     0.2128    7.18075     1.8388     0.0396    99.0138      7.498      39340          3  0.000e+00
          0    710.061    703.121   44.56964 -125.14664     4.5744     4.5760   3.275816   3.275773    34.2633    34.2612     0.5717     0.2127    7.18077     1.8694     0.0396    99.0138      7.504      39341          3  0.000e+00
          0    710.061    703.121   44.56964 -125.14664     4.5747     4.5760   3.275816   3.275773    34.2630    34.2612     0.5717     0.2125    7.18073     1.8694     0.0396    99.0138      7.504      39342          3  0.000e+00
          0    710.039    703.098   44.56964 -125.14664     4.5744     4.5763   3.275816   3.275777    34.2633    34.2610     0.5717     0.2124    7.18077     1.8388     0.0396    99.0138      7.504      39343          3  0.000e+00
          0    710.061    703.121   44.56964 -125.14664     4.5745     4.5758   3.275792   3.275767    34.2629    34.2614     0.5717     0.2122    7.18077     1.8388     0.0396    99.0138      7.498      39344          3  0.000e+00
          0    710.009    703.069   44.56964 -125.14664     4.5744     4.5760   3.275804   3.275773    34.2632    34.2613     0.5717     0.2121    7.18077     1.8694     0.0396    99.0138      7.504      39345          3  0.000e+00
          0    710.009    703.069   44.56964 -125.14664     4.5744     4.5760   3.275816   3.275756    34.2634    34.2611     0.5717     0.2119    7.18076     1.8388     0.0396    99.0138      7.504      39346          3  0.000e+00
          0    710.009    703.069   44.56964 -125.14664     4.5744     4.5760   3.275852   3.275760    34.2638    34.2611     0.5717     0.2118    7.18074     1.8388     0.0396    99.0138      7.498      39347          3  0.000e+00
          0    709.979    703.039   44.56964 -125.14664     4.5745     4.5758   3.275804   3.275753    34.2631    34.2613     0.5717     0.2124    7.18076     1.8694     0.0407    98.9875      7.498      39348          3  0.000e+00
          0    710.009    703.069   44.56964 -125.14664     4.5742     4.5760   3.275804   3.275749    34.2634    34.2610     0.5717     0.2130    7.18079     1.8694     0.0407    98.9875      7.504      39349          3  0.000e+00
          0    710.009    703.069   44.56964 -125.14664     4.5742     4.5758   3.275816   3.275780    34.2635    34.2615     0.5729     0.2177    7.18079     1.8388     0.0407    98.9875      7.504      39350          3  0.000e+00
          0    709.949    703.009   44.56964 -125.14664     4.5741     4.5758   3.275792   3.275760    34.2634    34.2613     0.5717     0.2135    7.18081     1.8388     0.0407    98.9875      7.498      39351          3  0.000e+00
          0    709.949    703.009   44.56964 -125.14664     4.5742     4.5760   3.275804   3.275770    34.2634    34.2612     0.5717     0.2141    7.18079     1.8694     0.0418    98.9613      7.498      39352          3  0.000e+00
          0    709.979    703.039   44.56964 -125.14664     4.5741     4.5758   3.275816   3.275777    34.2637    34.2615     0.5729     0.2188    7.18080     1.8388     0.0407    98.9875      7.504      39353          3  0.000e+00
          0    709.896    702.957   44.56964 -125.14664     4.5741     4.5757   3.275816   3.275766    34.2637    34.2615     0.5729     0.2201    7.18080     1.8388     0.0407    98.9875      7.498      39354          3  0.000e+00
          0    709.949    703.009   44.56964 -125.14664     4.5741     4.5760   3.275816   3.275753    34.2637    34.2610     0.5717     0.2166    7.18080     1.8388     0.0407    98.9875      7.498      39355          3  0.000e+00
          0    709.949    703.009   44.56964 -125.14664     4.5742     4.5756   3.275768   3.275770    34.2630    34.2616     0.5717     0.2166    7.18081     1.8694     0.0396    99.0138      7.498      39356          3  0.000e+00
          0    709.896    702.957   44.56964 -125.14664     4.5741     4.5760   3.275798   3.275729    34.2635    34.2608     0.5717     0.2165    7.18081     1.8388     0.0396    99.0138      7.498      39357          3  0.000e+00
          0    709.926    702.987   44.56964 -125.14664     4.5744     4.5758   3.275816   3.275760    34.2634    34.2614     0.5717     0.2164    7.18076     1.8388     0.0396    99.0138      7.504      39358          3  0.000e+00
          0    709.843    702.905   44.56964 -125.14664     4.5742     4.5755   3.275792   3.275756    34.2633    34.2616     0.5717     0.2163    7.18079     1.8388     0.0407    98.9875      7.498      39359          3  0.000e+00
          0    709.896    702.957   44.56964 -125.14664     4.5742     4.5756   3.275804   3.275780    34.2634    34.2618     0.5717     0.2155    7.18079     1.8694     0.0418    98.9613      7.498      39360          3  0.000e+00
          0    709.844    702.905   44.56964 -125.14664     4.5742     4.5758   3.275792   3.275742    34.2633    34.2612     0.5717     0.2154    7.18079     1.8388     0.0407    98.9875      7.498      39361          3  0.000e+00
          0    709.844    702.905   44.56964 -125.14664     4.5742     4.5756   3.275804   3.275725    34.2635    34.2612     0.5717     0.2152    7.18079     1.8694     0.0407    98.9875      7.504      39362          3  0.000e+00
          0    709.896    702.958   44.56964 -125.14664     4.5744     4.5756   3.275834   3.275756    34.2636    34.2615     0.5717     0.2151    7.18075     1.8388     0.0396    99.0138      7.498      39363          3  0.000e+00
          0    709.866    702.928   44.56964 -125.14664     4.5744     4.5757   3.275822   3.275753    34.2635    34.2614     0.5717     0.2150    7.18076     1.8694     0.0396    99.0138      7.504      39364          3  0.000e+00
          0    709.783    702.846   44.56964 -125.14664     4.5745     4.5756   3.275792   3.275749    34.2631    34.2615     0.5729     0.2197    7.18076     1.8388     0.0396    99.0138      7.498      39365          3  0.000e+00
          0    709.844    702.906   44.56964 -125.14664     4.5744     4.5758   3.275804   3.275760    34.2633    34.2614     0.5717     0.2154    7.18077     1.8694     0.0396    99.0138      7.504      39366          3  0.000e+00
          0    709.844    702.906   44.56964 -125.14664     4.5744     4.5756   3.275792   3.275735    34.2632    34.2613     0.5717     0.2153    7.18077     1.8694     0.0396    99.0138      7.498      39367          3  0.000e+00
          0    709.731    702.794   44.56964 -125.14664     4.5742     4.5757   3.275786   3.275742    34.2633    34.2613     0.5729     0.2199    7.18080     1.8388     0.0396    99.0138      7.498      39368          3  0.000e+00
          0    709.814    702.876   44.56964 -125.14664     4.5742     4.5758   3.275786   3.275760    34.2633    34.2614     0.5717     0.2157    7.18080     1.8694     0.0396    99.0138      7.504      39369          3  0.000e+00
          0    709.784    702.846   44.56964 -125.14664     4.5742     4.5756   3.275786   3.275735    34.2633    34.2613     0.5717     0.2155    7.18080     1.8388     0.0396    99.0138      7.504      39370          3  0.000e+00
          0    709.784    702.846   44.56964 -125.14664     4.5744     4.5758   3.275804   3.275704    34.2633    34.2608     0.5717     0.2153    7.18077     1.8388     0.0396    99.0138      7.498      39371          3  0.000e+00
          0    709.731    702.794   44.56964 -125.14664     4.5741     4.5755   3.275792   3.275749    34.2635    34.2616     0.5705     0.2111    7.18081     1.8388     0.0396    99.0138      7.498      39372          3  0.000e+00
          0    709.784    702.846   44.56964 -125.14664     4.5741     4.5755   3.275804   3.275753    34.2636    34.2616     0.5717     0.2151    7.18080     1.8388     0.0396    99.0138      7.498      39373          3  0.000e+00
          0    709.701    702.764   44.56964 -125.14664     4.5744     4.5755   3.275792   3.275770    34.2633    34.2619     0.5717     0.2157    7.18078     1.8694     0.0396    99.0138      7.498      39374          3  0.000e+00
          0    709.784    702.846   44.56964 -125.14664     4.5742     4.5756   3.275804   3.275756    34.2635    34.2615     0.5717     0.2163    7.18079     1.8694     0.0396    99.0138      7.498      39375          3  0.000e+00
          0    709.671    702.735   44.56964 -125.14664     4.5742     4.5755   3.275816   3.275760    34.2637    34.2618     0.5717     0.2163    7.18078     1.8388     0.0396    99.0138      7.498      39376          3  0.000e+00
          0    709.731    702.794   44.56964 -125.14664     4.5742     4.5757   3.275786   3.275735    34.2633    34.2613     0.5717     0.2162    7.18080     1.8388     0.0407    98.9875      7.498      39377          3  0.000e+00
          0    709.731    702.794   44.56964 -125.14664     4.5741     4.5756   3.275804   3.275742    34.2637    34.2614     0.5717     0.2161    7.18081     1.8694     0.0396    99.0138      7.498      39378          3  0.000e+00
          0    709.701    702.765   44.56964 -125.14664     4.5742     4.5756   3.275816   3.275742    34.2637    34.2614     0.5717     0.2161    7.18078     1.8999     0.0407    98.9875      7.498      39379          3  0.000e+00
          0    709.671    702.735   44.56964 -125.14664     4.5744     4.5758   3.275792   3.275766    34.2632    34.2616     0.5729     0.2201    7.18077     1.8999     0.0407    98.9875      7.498      39380          3  0.000e+00
          0    709.671    702.735   44.56964 -125.14664     4.5741     4.5756   3.275786   3.275735    34.2635    34.2614     0.5729     0.2199    7.18081     1.8694     0.0407    98.9875      7.498      39381          3  0.000e+00
          0    709.671    702.735   44.56964 -125.14664     4.5744     4.5755   3.275762   3.275735    34.2630    34.2614     0.5717     0.2157    7.18079     1.8694     0.0407    98.9875      7.498      39382          3  0.000e+00
          0    709.671    702.735   44.56964 -125.14664     4.5742     4.5756   3.275798   3.275746    34.2635    34.2615     0.5717     0.2155    7.18079     1.8999     0.0407    98.9875      7.504      39383          3  0.000e+00
          0    709.641    702.705   44.56964 -125.14664     4.5744     4.5756   3.275792   3.275749    34.2633    34.2615     0.5717     0.2153    7.18077     1.8999     0.0396    99.0138      7.498      39384          3  0.000e+00
          0    709.671    702.735   44.56964 -125.14664     4.5742     4.5758   3.275786   3.275742    34.2633    34.2613     0.5717     0.2151    7.18079     1.8694     0.0396    99.0138      7.498      39385          3  0.000e+00
          0    709.618    702.683   44.56964 -125.14664     4.5742     4.5755   3.275762   3.275728    34.2631    34.2614     0.5717     0.2150    7.18081     1.8694     0.0407    98.9875      7.504      39386          3  0.000e+00
          0    709.671    702.735   44.56964 -125.14664     4.5742     4.5756   3.275756   3.275725    34.2630    34.2612     0.5717     0.2148    7.18081     1.8694     0.0396    99.0138      7.498      39387          3  0.000e+00
          0    709.619    702.683   44.56964 -125.14664     4.5741     4.5756   3.275798   3.275735    34.2636    34.2614     0.5717     0.2146    7.18080     1.8694     0.0396    99.0138      7.498      39388          3  0.000e+00
          0    709.641    702.705   44.56964 -125.14664     4.5742     4.5756   3.275792   3.275766    34.2634    34.2617     0.5717     0.2144    7.18079     1.8694     0.0407    98.9875      7.498      39389          3  0.000e+00
          0    709.619    702.683   44.56964 -125.14664     4.5742     4.5756   3.275762   3.275735    34.2631    34.2614     0.5717     0.2143    7.18081     1.8694     0.0407    98.9875      7.498      39390          3  0.000e+00
          0    709.619    702.683   44.56964 -125.14664     4.5741     4.5758   3.275756   3.275756    34.2632    34.2614     0.5717     0.2141    7.18083     1.8999     0.0407    98.9875      7.498      39391          3  0.000e+00
          0    709.619    702.683   44.56964 -125.14664     4.5744     4.5755   3.275792   3.275753    34.2633    34.2617     0.5717     0.2139    7.18077     1.8999     0.0407    98.9875      7.504      39392          3  0.000e+00
          0    709.619    702.683   44.56964 -125.14664     4.5740     4.5758   3.275792   3.275728    34.2637    34.2612     0.5729     0.2185    7.18082     1.8694     0.0407    98.9875      7.498      39393          3  0.000e+00
          0    709.589    702.653   44.56964 -125.14664     4.5742     4.5758   3.275786   3.275756    34.2634    34.2615     0.5717     0.2142    7.18079     1.8999     0.0418    98.9613      7.498      39394          3  0.000e+00
          0    709.619    702.683   44.56964 -125.14664     4.5741     4.5758   3.275786   3.275735    34.2635    34.2612     0.5729     0.2188    7.18081     1.8999     0.0407    98.9875      7.498      39395          3  0.000e+00
          0    709.559    702.624   44.56964 -125.14664     4.5742     4.5756   3.275786   3.275725    34.2634    34.2613     0.5729     0.2193    7.18079     1.8694     0.0407    98.9875      7.498      39396          3  0.000e+00
