TN407/CTD Data/TN-407_CTD-005.ros
* Sea-Bird SBE 9 Data File:
* FileName = C:\data\TN407\TN407_CTD_005hex.hex
* Software Version Seasave V 7.26.7.107
* Temperature SN = 2195
* Conductivity SN = 2903
* Number of Bytes Per Scan = 41
* Number of Voltage Words = 4
* Number of Scans Averaged by the Deck Unit = 1
* NMEA Latitude = 44 21.87 N
* NMEA Longitude = 124 56.90 W
* NMEA UTC (Time) = Aug 26 2022  13:57:26
* NMEA baud rate = 4800
** Cruise: TGT407
** Cast: 005
** Location: Oregon Offshore
** Date: 8-26-2022
** Water Depth: 585
** Operator: JN
# nquan = 21
# nvalues = 2328                                  
# units = specified
# name 0 = modError: Modulo Error Count
# name 1 = prDM: Pressure, Digiquartz [db]
# name 2 = depSM: Depth [salt water, m]
# name 3 = latitude: Latitude [deg]
# name 4 = longitude: Longitude [deg]
# name 5 = t090C: Temperature [ITS-90, deg C]
# name 6 = t190C: Temperature, 2 [ITS-90, deg C]
# name 7 = c0S/m: Conductivity [S/m]
# name 8 = c1S/m: Conductivity, 2 [S/m]
# name 9 = sal00: Salinity, Practical [PSU]
# name 10 = sal11: Salinity, Practical, 2 [PSU]
# name 11 = sbeox0V: Oxygen raw, SBE 43 [V]
# name 12 = sbeox0ML/L: Oxygen, SBE 43 [ml/l]
# name 13 = oxsolML/L: Oxygen Saturation, Garcia & Gordon [ml/l]
# name 14 = flECO-AFL: Fluorescence, WET Labs ECO-AFL/FL [mg/m^3]
# name 15 = CStarAt0: Beam Attenuation, WET Labs C-Star [1/m]
# name 16 = CStarTr0: Beam Transmission, WET Labs C-Star [%]
# name 17 = ph: pH
# name 18 = scan: Scan Count
# name 19 = nbf: Bottles Fired
# name 20 = flag:  0.000e+00
# interval = seconds: 0.0416667
# start_time = Aug 26 2022 13:57:26 [NMEA time, header]
# bad_flag = -9.990e-29
*END*
[from data line 1932]
          0     50.801     50.386   44.36456 -124.94830     8.8644     8.8646   3.514363   3.514489    33.0096    33.0108     1.9195     3.8987    6.55770     3.5788     0.0748    98.1483      7.845      80432         20  0.000e+00
          0     50.801     50.386   44.36456 -124.94830     8.8644     8.8644   3.514376   3.514507    33.0098    33.0112     1.9195     3.8987    6.55770     3.5788     0.0748    98.1483      7.845      80433         20  0.000e+00
          0     50.801     50.386   44.36456 -124.94830     8.8642     8.8647   3.514388   3.514535    33.0101    33.0111     1.9182     3.8950    6.55771     3.5788     0.0748    98.1483      7.845      80434         20  0.000e+00
          0     50.861     50.445   44.36456 -124.94830     8.8642     8.8649   3.514357   3.514528    33.0097    33.0108     1.9195     3.8984    6.55772     3.5788     0.0748    98.1483      7.845      80435         20  0.000e+00
          0     50.801     50.386   44.36456 -124.94830     8.8642     8.8649   3.514357   3.514514    33.0098    33.0107     1.9195     3.8984    6.55772     3.5788     0.0737    98.1745      7.845      80436         20  0.000e+00
          0     50.749     50.334   44.36456 -124.94830     8.8642     8.8647   3.514376   3.514514    33.0099    33.0109     1.9182     3.8945    6.55771     3.5788     0.0737    98.1745      7.845      80437         20  0.000e+00
          0     50.853     50.437   44.36456 -124.94830     8.8642     8.8649   3.514345   3.514514    33.0096    33.0107     1.9195     3.8980    6.55773     3.5788     0.0726    98.2007      7.845      80438         20  0.000e+00
          0     50.801     50.386   44.36456 -124.94830     8.8640     8.8650   3.514345   3.514514    33.0098    33.0106     1.9195     3.8979    6.55775     3.5788     0.0726    98.2007      7.845      80439         20  0.000e+00
          0     20.204     20.040   44.36456 -124.94822    10.1495    10.1538   3.540278   3.540475    32.1217    32.1199     2.7083     5.9002    6.41143     4.9219     0.1253    96.9156      8.039      84054         21  0.000e+00
          0     20.152     19.988   44.36456 -124.94822    10.1502    10.1541   3.540315   3.540521    32.1215    32.1201     2.7083     5.8994    6.41135     4.9219     0.1307    96.7845      8.039      84055         21  0.000e+00
          0     20.174     20.010   44.36456 -124.94822    10.1502    10.1542   3.540303   3.540557    32.1214    32.1204     2.7083     5.8988    6.41135     4.8913     0.1297    96.8107      8.039      84056         21  0.000e+00
          0     20.204     20.040   44.36456 -124.94822    10.1500    10.1542   3.540291   3.540521    32.1214    32.1200     2.7095     5.9023    6.41137     4.8913     0.1264    96.8894      8.039      84057         21  0.000e+00
          0     20.152     19.988   44.36456 -124.94822    10.1500    10.1546   3.540266   3.540511    32.1212    32.1196     2.7095     5.9024    6.41138     4.8913     0.1242    96.9418      8.039      84058         21  0.000e+00
          0     20.152     19.988   44.36456 -124.94822    10.1495    10.1542   3.540260   3.540511    32.1216    32.1199     2.7095     5.9025    6.41144     4.9219     0.1221    96.9943      8.039      84059         21  0.000e+00
          0     20.062     19.900   44.36456 -124.94822    10.1495    10.1541   3.540278   3.540489    32.1218    32.1198     2.7095     5.9026    6.41143     4.9219     0.1210    97.0205      8.039      84060         21  0.000e+00
          0     20.315     20.150   44.36456 -124.94822    10.1495    10.1540   3.540266   3.540439    32.1216    32.1193     2.7083     5.8989    6.41144     4.9219     0.1210    97.0205      8.039      84061         21  0.000e+00
          0     20.152     19.988   44.36456 -124.94822    10.1493    10.1539   3.540309   3.540489    32.1222    32.1200     2.7095     5.9018    6.41143     4.9219     0.1199    97.0467      8.039      84062         21  0.000e+00
          0     20.204     20.040   44.36456 -124.94822    10.1495    10.1538   3.540297   3.540489    32.1219    32.1201     2.7095     5.9019    6.41142     4.9219     0.1188    97.0730      8.039      84063         21  0.000e+00
          0     20.174     20.010   44.36456 -124.94822    10.1497    10.1534   3.540291   3.540482    32.1217    32.1203     2.7095     5.9020    6.41141     4.9219     0.1188    97.0730      8.039      84064         21  0.000e+00
          0     20.152     19.988   44.36456 -124.94822    10.1497    10.1538   3.540315   3.540482    32.1220    32.1200     2.7095     5.9020    6.41140     4.8913     0.1188    97.0730      8.039      84065         21  0.000e+00
          0     20.204     20.040   44.36456 -124.94822    10.1497    10.1538   3.540346   3.540482    32.1223    32.1200     2.7095     5.9022    6.41139     4.9219     0.1199    97.0467      8.039      84066         21  0.000e+00
          0     20.152     19.988   44.36456 -124.94822    10.1497    10.1541   3.540334   3.540521    32.1222    32.1201     2.7095     5.9023    6.41139     4.9524     0.1210    97.0205      8.039      84067         21  0.000e+00
          0     20.174     20.010   44.36456 -124.94822    10.1499    10.1544   3.540328   3.540493    32.1219    32.1195     2.7095     5.9024    6.41137     4.9524     0.1210    97.0205      8.039      84068         21  0.000e+00
          0     20.152     19.988   44.36456 -124.94822    10.1499    10.1542   3.540371   3.540503    32.1224    32.1198     2.7095     5.9024    6.41135     4.9524     0.1199    97.0467      8.039      84069         21  0.000e+00
          0     20.204     20.040   44.36456 -124.94822    10.1499    10.1542   3.540340   3.540550    32.1220    32.1203     2.7095     5.9026    6.41137     4.9219     0.1188    97.0730      8.039      84070         21  0.000e+00
          0     20.152     19.988   44.36456 -124.94822    10.1500    10.1542   3.540371   3.540543    32.1222    32.1202     2.7095     5.9027    6.41134     4.9219     0.1177    97.0992      8.044      84071         21  0.000e+00
          0     20.174     20.011   44.36456 -124.94822    10.1502    10.1541   3.540389   3.540536    32.1223    32.1203     2.7095     5.9028    6.41132     4.9524     0.1167    97.1254      8.039      84072         21  0.000e+00
          0     20.204     20.040   44.36456 -124.94822    10.1503    10.1542   3.540364   3.540578    32.1219    32.1206     2.7095     5.9029    6.41131     4.9524     0.1167    97.1254      8.039      84073         21  0.000e+00
          0     20.152     19.988   44.36456 -124.94822    10.1507    10.1548   3.540334   3.540550    32.1213    32.1198     2.7095     5.9029    6.41129     4.9524     0.1156    97.1516      8.039      84074         21  0.000e+00
          0     20.204     20.040   44.36456 -124.94822    10.1508    10.1544   3.540395   3.540578    32.1217    32.1204     2.7095     5.9026    6.41125     4.9524     0.1156    97.1516      8.039      84075         21  0.000e+00
          0     20.152     19.988   44.36456 -124.94822    10.1510    10.1546   3.540420   3.540571    32.1219    32.1202     2.7095     5.9027    6.41122     4.9219     0.1156    97.1516      8.039      84076         21  0.000e+00
          0     20.226     20.062   44.36456 -124.94822    10.1508    10.1542   3.540420   3.540543    32.1220    32.1202     2.7107     5.9065    6.41124     4.9524     0.1156    97.1516      8.039      84077         21  0.000e+00
          0     20.152     19.989   44.36456 -124.94822    10.1508    10.1542   3.540438   3.540578    32.1222    32.1206     2.7107     5.9069    6.41123     4.9219     0.1156    97.1516      8.044      84078         21  0.000e+00
          0     20.204     20.040   44.36456 -124.94822    10.1508    10.1544   3.540426   3.540571    32.1220    32.1203     2.7107     5.9074    6.41123     4.9524     0.1167    97.1254      8.039      84079         21  0.000e+00
          0     20.204     20.040   44.36456 -124.94822    10.1510    10.1542   3.540420   3.540586    32.1218    32.1206     2.7107     5.9078    6.41122     4.9524     0.1188    97.0730      8.039      84080         21  0.000e+00
          0     20.174     20.011   44.36456 -124.94822    10.1511    10.1542   3.540438   3.540593    32.1219    32.1207     2.7095     5.9045    6.41120     4.9524     0.1188    97.0730      8.039      84081         21  0.000e+00
          0     20.204     20.040   44.36456 -124.94822    10.1510    10.1544   3.540450   3.540611    32.1222    32.1207     2.7095     5.9046    6.41121     4.9524     0.1177    97.0992      8.039      84082         21  0.000e+00
          0     20.204     20.040   44.36456 -124.94822    10.1510    10.1542   3.540450   3.540575    32.1222    32.1205     2.7095     5.9046    6.41121     4.9219     0.1167    97.1254      8.039      84083         21  0.000e+00
          0     20.152     19.989   44.36456 -124.94822    10.1511    10.1541   3.540450   3.540586    32.1220    32.1208     2.7107     5.9082    6.41119     4.9219     0.1177    97.0992      8.039      84084         21  0.000e+00
          0     20.226     20.062   44.36456 -124.94822    10.1511    10.1541   3.540469   3.540593    32.1222    32.1208     2.7107     5.9087    6.41118     4.9219     0.1177    97.0992      8.039      84085         21  0.000e+00
          0     20.204     20.040   44.36456 -124.94822    10.1513    10.1542   3.540481   3.540571    32.1222    32.1205     2.7107     5.9090    6.41116     4.9219     0.1199    97.0467      8.039      84086         21  0.000e+00
          0     20.204     20.040   44.36456 -124.94822    10.1515    10.1542   3.540500   3.540586    32.1222    32.1206     2.7107     5.9093    6.41113     4.9524     0.1199    97.0467      8.039      84087         21  0.000e+00
          0     20.204     20.040   44.36456 -124.94822    10.1513    10.1542   3.540487   3.540593    32.1222    32.1207     2.7095     5.9061    6.41116     4.9524     0.1199    97.0467      8.039      84088         21  0.000e+00
          0     20.226     20.062   44.36456 -124.94822    10.1511    10.1542   3.540432   3.540571    32.1218    32.1205     2.7095     5.9061    6.41120     4.8303     0.1188    97.0730      8.039      84089         21  0.000e+00
          0     20.204     20.040   44.36456 -124.94822    10.1515    10.1541   3.540487   3.540586    32.1221    32.1207     2.7107     5.9092    6.41114     4.7387     0.1177    97.0992      8.039      84090         21  0.000e+00
          0     20.204     20.040   44.36456 -124.94822    10.1510    10.1539   3.540463   3.540550    32.1223    32.1206     2.7107     5.9092    6.41120     4.7082     0.1177    97.0992      8.039      84091         21  0.000e+00
          0     20.204     20.040   44.36456 -124.94822    10.1513    10.1539   3.540469   3.540578    32.1221    32.1209     2.7107     5.9095    6.41117     4.7387     0.1167    97.1254      8.044      84092         21  0.000e+00
          0     20.226     20.062   44.36456 -124.94822    10.1511    10.1539   3.540481   3.540571    32.1223    32.1208     2.7107     5.9098    6.41118     4.7387     0.1167    97.1254      8.044      84093         21  0.000e+00
          0     20.204     20.040   44.36456 -124.94822    10.1513    10.1540   3.540481   3.540564    32.1222    32.1207     2.7095     5.9063    6.41116     4.7387     0.1167    97.1254      8.044      84094         21  0.000e+00
          0     20.256     20.092   44.36456 -124.94822    10.1513    10.1539   3.540481   3.540521    32.1221    32.1203     2.7095     5.9062    6.41116     4.7387     0.1167    97.1254      8.039      84095         21  0.000e+00
          0     20.204     20.040   44.36456 -124.94822    10.1515    10.1536   3.540481   3.540550    32.1220    32.1208     2.7095     5.9061    6.41114     4.7387     0.1177    97.0992      8.039      84096         21  0.000e+00
          0     20.227     20.063   44.36456 -124.94822    10.1515    10.1533   3.540524   3.540521    32.1224    32.1208     2.7095     5.9059    6.41112     4.7387     0.1167    97.1254      8.039      84097         21  0.000e+00
          0     20.256     20.092   44.36456 -124.94822    10.1516    10.1531   3.540524   3.540511    32.1223    32.1209     2.7095     5.9058    6.41111     4.7387     0.1167    97.1254      8.039      84098         21  0.000e+00
          0     20.204     20.040   44.36456 -124.94822    10.1518    10.1530   3.540512   3.540489    32.1221    32.1208     2.7095     5.9056    6.41110     4.7387     0.1167    97.1254      8.039      84099         21  0.000e+00
          0     20.256     20.092   44.36456 -124.94822    10.1516    10.1531   3.540512   3.540461    32.1222    32.1204     2.7095     5.9056    6.41111     4.7387     0.1167    97.1254      8.039      84100         21  0.000e+00
          0     20.286     20.122   44.36456 -124.94822    10.1516    10.1530   3.540512   3.540475    32.1222    32.1206     2.7095     5.9055    6.41112     4.7082     0.1177    97.0992      8.039      84101         21  0.000e+00
          0     20.204     20.040   44.36456 -124.94822    10.1518    10.1531   3.540487   3.540461    32.1218    32.1204     2.7095     5.9053    6.41111     4.7387     0.1177    97.0992      8.039      84102         21  0.000e+00
          0     20.256     20.092   44.36456 -124.94822    10.1518    10.1530   3.540506   3.540454    32.1220    32.1204     2.7095     5.9048    6.41110     4.7387     0.1177    97.0992      8.039      84103         21  0.000e+00
          0     20.256     20.092   44.36456 -124.94822    10.1516    10.1531   3.540512   3.540496    32.1222    32.1207     2.7107     5.9079    6.41111     4.7387     0.1167    97.1254      8.039      84104         21  0.000e+00
          0     20.316     20.151   44.36456 -124.94822    10.1518    10.1530   3.540487   3.540468    32.1218    32.1205     2.7095     5.9041    6.41111     4.7387     0.1156    97.1516      8.039      84105         21  0.000e+00
          0     20.227     20.063   44.36456 -124.94822    10.1518    10.1531   3.540524   3.540475    32.1222    32.1205     2.7095     5.9038    6.41109     4.7387     0.1156    97.1516      8.039      84106         21  0.000e+00
          0     20.316     20.151   44.36456 -124.94822    10.1519    10.1531   3.540518   3.540482    32.1219    32.1206     2.7095     5.9037    6.41108     4.7387     0.1156    97.1516      8.039      84107         21  0.000e+00
          0     20.256     20.092   44.36456 -124.94822    10.1518    10.1531   3.540512   3.540461    32.1220    32.1204     2.7095     5.9035    6.41110     4.7387     0.1156    97.1516      8.039      84108         21  0.000e+00
          0     20.256     20.092   44.36456 -124.94822    10.1518    10.1531   3.540536   3.540475    32.1223    32.1205     2.7095     5.9033    6.41109     4.7082     0.1188    97.0730      8.039      84109         21  0.000e+00
          0     20.286     20.122   44.36456 -124.94822    10.1519    10.1531   3.540518   3.540482    32.1219    32.1206     2.7095     5.9027    6.41108     4.7082     0.1199    97.0467      8.039      84110         21  0.000e+00
          0     20.256     20.092   44.36456 -124.94822    10.1519    10.1530   3.540512   3.540461    32.1219    32.1205     2.7095     5.9025    6.41108     4.7082     0.1199    97.0467      8.039      84111         21  0.000e+00
          0     20.316     20.151   44.36456 -124.94822    10.1519    10.1530   3.540530   3.540454    32.1221    32.1204     2.7095     5.9023    6.41108     4.7387     0.1199    97.0467      8.039      84112         21  0.000e+00
          0     20.316     20.151   44.36456 -124.94822    10.1519    10.1530   3.540543   3.540454    32.1222    32.1204     2.7107     5.9058    6.41107     4.7692     0.1199    97.0467      8.039      84113         21  0.000e+00
