TN407/CTD Data/TN-407_CTD-002.ros
* Sea-Bird SBE 9 Data File:
* FileName = C:\data\TN407\TN407_CTD_002.hex
* Software Version Seasave V 7.26.7.107
* Temperature SN = 2195
* Conductivity SN = 2903
* Number of Bytes Per Scan = 41
* Number of Voltage Words = 4
* Number of Scans Averaged by the Deck Unit = 1
* NMEA Latitude = 44 34.18 N
* NMEA Longitude = 125 08.80 W
* NMEA UTC (Time) = Aug 21 2022  06:35:11
* NMEA baud rate = 4800
** Cruise: TGT407
** Cast: 002
** Location:
** Date: 8-20-2022
** Water Depth: 775
** Operator: JN
# nquan = 21
# nvalues = 2328                                  
# units = specified
# name 0 = modError: Modulo Error Count
# name 1 = prDM: Pressure, Digiquartz [db]
# name 2 = depSM: Depth [salt water, m]
# name 3 = latitude: Latitude [deg]
# name 4 = longitude: Longitude [deg]
# name 5 = t090C: Temperature [ITS-90, deg C]
# name 6 = t190C: Temperature, 2 [ITS-90, deg C]
# name 7 = c0S/m: Conductivity [S/m]
# name 8 = c1S/m: Conductivity, 2 [S/m]
# name 9 = sal00: Salinity, Practical [PSU]
# name 10 = sal11: Salinity, Practical, 2 [PSU]
# name 11 = sbeox0V: Oxygen raw, SBE 43 [V]
# name 12 = sbeox0ML/L: Oxygen, SBE 43 [ml/l]
# name 13 = oxsolML/L: Oxygen Saturation, Garcia & Gordon [ml/l]
# name 14 = flECO-AFL: Fluorescence, WET Labs ECO-AFL/FL [mg/m^3]
# name 15 = CStarAt0: Beam Attenuation, WET Labs C-Star [1/m]
# name 16 = CStarTr0: Beam Transmission, WET Labs C-Star [%]
# name 17 = ph: pH
# name 18 = scan: Scan Count
# name 19 = nbf: Bottles Fired
# name 20 = flag:  0.000e+00
# interval = seconds: 0.0416667
# start_time = Aug 21 2022 06:35:11 [NMEA time, header]
# bad_flag = -9.990e-29
*END*
[from data line 1242]
          0    201.895    200.166   44.56962 -125.14662     7.4654     7.4517   3.488021   3.486469    33.9938    33.9904     1.1526     1.8720    6.72404     1.8388     0.0652    98.3843      7.643      83110         13  0.000e+00
          0    201.903    200.174   44.56962 -125.14662     7.4646     7.4509   3.488015   3.486483    33.9945    33.9914     1.1526     1.8721    6.72414     1.8388     0.0652    98.3843      7.643      83111         13  0.000e+00
          0    201.843    200.115   44.56962 -125.14662     7.4647     7.4520   3.487990   3.486515    33.9941    33.9906     1.1526     1.8721    6.72413     1.8388     0.0652    98.3843      7.643      83112         13  0.000e+00
          0    201.783    200.056   44.56962 -125.14662     7.4651     7.4552   3.487960   3.486536    33.9935    33.9877     1.1526     1.8720    6.72410     1.8388     0.0652    98.3843      7.643      83113         13  0.000e+00
          0    201.955    200.226   44.56962 -125.14662     7.4649     7.4549   3.487929   3.486632    33.9933    33.9890     1.1526     1.8721    6.72414     1.8694     0.0662    98.3581      7.643      83114         13  0.000e+00
          0    201.843    200.115   44.56962 -125.14662     7.4653     7.4537   3.487923   3.486696    33.9929    33.9909     1.1526     1.8720    6.72410     1.8388     0.0673    98.3319      7.643      83115         13  0.000e+00
          0    201.903    200.174   44.56962 -125.14662     7.4652     7.4531   3.487874   3.486735    33.9924    33.9919     1.1514     1.8679    6.72413     1.8694     0.0662    98.3581      7.643      83116         13  0.000e+00
          0    201.836    200.108   44.56962 -125.14662     7.4646     7.4560   3.487880   3.486795    33.9931    33.9898     1.1514     1.8674    6.72419     1.8694     0.0662    98.3581      7.643      83117         13  0.000e+00
          0    201.843    200.115   44.56962 -125.14662     7.4646     7.4571   3.487893   3.486820    33.9932    33.9889     1.1514     1.8669    6.72419     1.8694     0.0662    98.3581      7.643      83118         13  0.000e+00
          0    201.843    200.115   44.56962 -125.14662     7.4640     7.4541   3.487844   3.486855    33.9933    33.9923     1.1514     1.8663    6.72428     1.8388     0.0662    98.3581      7.643      83119         13  0.000e+00
          0    201.903    200.174   44.56962 -125.14662     7.4638     7.4522   3.487874   3.486876    33.9938    33.9943     1.1526     1.8703    6.72429     1.8388     0.0662    98.3581      7.643      83120         13  0.000e+00
          0    201.836    200.108   44.56962 -125.14662     7.4639     7.4542   3.487911   3.486912    33.9941    33.9927     1.1526     1.8703    6.72426     1.8388     0.0662    98.3581      7.643      83121         13  0.000e+00
          0    201.843    200.115   44.56962 -125.14662     7.4640     7.4578   3.487923   3.486969    33.9941    33.9898     1.1526     1.8702    6.72424     1.8388     0.0673    98.3319      7.643      83122         13  0.000e+00
          0    201.843    200.115   44.56962 -125.14662     7.4644     7.4594   3.487923   3.487039    33.9937    33.9890     1.1526     1.8701    6.72420     1.8694     0.0673    98.3319      7.643      83123         13  0.000e+00
          0    201.843    200.115   44.56962 -125.14662     7.4646     7.4586   3.487899   3.487103    33.9932    33.9905     1.1514     1.8659    6.72419     1.8694     0.0673    98.3319      7.643      83124         13  0.000e+00
          0    201.836    200.108   44.56962 -125.14662     7.4641     7.4571   3.487911   3.487153    33.9939    33.9925     1.1514     1.8658    6.72424     1.8694     0.0673    98.3319      7.643      83125         13  0.000e+00
          0    201.843    200.115   44.56962 -125.14662     7.4638     7.4587   3.487899   3.487234    33.9940    33.9918     1.1526     1.8693    6.72427     1.8694     0.0662    98.3581      7.643      83126         13  0.000e+00
          0    201.844    200.115   44.56962 -125.14662     7.4636     7.4640   3.487893   3.487369    33.9942    33.9881     1.1514     1.8651    6.72430     1.8388     0.0662    98.3581      7.643      83127         13  0.000e+00
          0    201.791    200.064   44.56962 -125.14662     7.4636     7.4666   3.487844   3.487397    33.9937    33.9859     1.1526     1.8686    6.72432     1.8388     0.0652    98.3843      7.643      83128         13  0.000e+00
          0    202.017    200.287   44.56962 -125.14662     7.4585     7.4494   3.487343   3.486341    33.9931    33.9912     1.1489     1.8552    6.72512     1.8083     0.0705    98.2532      7.643      83477         14  0.000e+00
          0    202.129    200.398   44.56962 -125.14662     7.4588     7.4494   3.487349   3.486316    33.9929    33.9909     1.1489     1.8553    6.72509     1.8083     0.0694    98.2794      7.643      83478         14  0.000e+00
          0    202.069    200.339   44.56962 -125.14662     7.4590     7.4492   3.487313   3.486320    33.9923    33.9911     1.1489     1.8554    6.72509     1.8083     0.0684    98.3056      7.643      83479         14  0.000e+00
          0    202.017    200.287   44.56962 -125.14662     7.4586     7.4491   3.487319   3.486274    33.9927    33.9907     1.1489     1.8555    6.72512     1.8388     0.0684    98.3056      7.643      83480         14  0.000e+00
          0    202.129    200.398   44.56962 -125.14662     7.4581     7.4491   3.487239   3.486309    33.9924    33.9911     1.1477     1.8516    6.72523     1.8083     0.0673    98.3319      7.643      83481         14  0.000e+00
          0    202.017    200.287   44.56962 -125.14662     7.4574     7.4486   3.487227   3.486295    33.9930    33.9915     1.1477     1.8512    6.72531     1.8083     0.0673    98.3319      7.643      83482         14  0.000e+00
          0    202.121    200.390   44.56962 -125.14662     7.4570     7.4485   3.487166   3.486274    33.9926    33.9913     1.1489     1.8549    6.72537     1.8083     0.0673    98.3319      7.649      83483         14  0.000e+00
          0    202.077    200.346   44.56962 -125.14662     7.4565     7.4481   3.487191   3.486260    33.9935    33.9915     1.1489     1.8551    6.72543     1.8388     0.0684    98.3056      7.643      83484         14  0.000e+00
          0    202.077    200.346   44.56962 -125.14662     7.4559     7.4480   3.487209   3.486245    33.9942    33.9915     1.1477     1.8512    6.72548     1.8694     0.0684    98.3056      7.643      83485         14  0.000e+00
          0    202.017    200.287   44.56962 -125.14662     7.4561     7.4480   3.487184   3.486252    33.9937    33.9916     1.1477     1.8508    6.72546     1.8694     0.0684    98.3056      7.643      83486         14  0.000e+00
          0    202.189    200.457   44.56962 -125.14662     7.4557     7.4478   3.487172   3.486206    33.9939    33.9912     1.1477     1.8510    6.72552     1.8388     0.0684    98.3056      7.643      83487         14  0.000e+00
          0    202.077    200.346   44.56962 -125.14662     7.4559     7.4483   3.487172   3.486178    33.9938    33.9905     1.1489     1.8548    6.72550     1.8388     0.0684    98.3056      7.643      83488         14  0.000e+00
          0    202.077    200.346   44.56962 -125.14662     7.4561     7.4483   3.487221   3.486164    33.9941    33.9904     1.1489     1.8554    6.72545     1.8388     0.0673    98.3319      7.643      83489         14  0.000e+00
          0    202.069    200.339   44.56962 -125.14662     7.4565     7.4483   3.487215   3.486171    33.9937    33.9904     1.1489     1.8562    6.72541     1.8694     0.0673    98.3319      7.643      83490         14  0.000e+00
          0    202.077    200.346   44.56962 -125.14662     7.4568     7.4484   3.487245   3.486164    33.9937    33.9902     1.1477     1.8524    6.72536     1.8694     0.0662    98.3581      7.643      83491         14  0.000e+00
          0    202.077    200.346   44.56962 -125.14662     7.4567     7.4488   3.487264   3.486171    33.9940    33.9899     1.1477     1.8521    6.72537     1.8388     0.0652    98.3843      7.643      83492         14  0.000e+00
          0    202.077    200.346   44.56962 -125.14662     7.4567     7.4488   3.487313   3.486185    33.9946    33.9901     1.1489     1.8565    6.72534     1.8388     0.0652    98.3843      7.643      83493         14  0.000e+00
          0    202.069    200.339   44.56962 -125.14662     7.4571     7.4480   3.487331   3.486178    33.9944    33.9908     1.1489     1.8567    6.72529     1.8694     0.0652    98.3843      7.643      83494         14  0.000e+00
          0    202.077    200.346   44.56962 -125.14662     7.4572     7.4474   3.487331   3.486146    33.9943    33.9910     1.1477     1.8530    6.72528     1.8694     0.0652    98.3843      7.643      83495         14  0.000e+00
          0    202.077    200.346   44.56962 -125.14662     7.4573     7.4469   3.487349   3.486125    33.9944    33.9913     1.1477     1.8528    6.72526     1.8694     0.0652    98.3843      7.643      83496         14  0.000e+00
          0    202.077    200.346   44.56962 -125.14662     7.4575     7.4465   3.487386   3.486132    33.9945    33.9917     1.1477     1.8527    6.72522     1.8388     0.0652    98.3843      7.643      83497         14  0.000e+00
          0    202.069    200.339   44.56962 -125.14662     7.4585     7.4465   3.487416   3.486146    33.9939    33.9919     1.1489     1.8566    6.72510     1.8388     0.0652    98.3843      7.643      83498         14  0.000e+00
          0    202.077    200.347   44.56962 -125.14662     7.4588     7.4476   3.487429   3.486160    33.9937    33.9909     1.1489     1.8569    6.72505     1.8388     0.0652    98.3843      7.643      83499         14  0.000e+00
          0    202.077    200.347   44.56962 -125.14662     7.4582     7.4485   3.487423   3.486210    33.9943    33.9906     1.1489     1.8573    6.72513     1.8694     0.0652    98.3843      7.643      83500         14  0.000e+00
          0    202.077    200.347   44.56962 -125.14662     7.4582     7.4497   3.487404   3.486199    33.9941    33.9893     1.1489     1.8576    6.72513     1.8694     0.0652    98.3843      7.643      83501         14  0.000e+00
          0    202.070    200.339   44.56962 -125.14662     7.4578     7.4488   3.487368   3.486238    33.9940    33.9907     1.1489     1.8575    6.72519     1.8388     0.0652    98.3843      7.643      83502         14  0.000e+00
          0    202.017    200.287   44.56962 -125.14662     7.4581     7.4486   3.487386   3.486245    33.9940    33.9909     1.1489     1.8578    6.72516     1.8388     0.0652    98.3843      7.649      83503         14  0.000e+00
          0    202.077    200.347   44.56962 -125.14662     7.4578     7.4494   3.487398   3.486274    33.9944    33.9904     1.1489     1.8582    6.72518     1.8388     0.0652    98.3843      7.643      83504         14  0.000e+00
          0    202.017    200.288   44.56962 -125.14662     7.4575     7.4494   3.487368   3.486316    33.9944    33.9909     1.1477     1.8545    6.72522     1.8694     0.0652    98.3843      7.643      83505         14  0.000e+00
          0    202.070    200.339   44.56962 -125.14662     7.4576     7.4490   3.487386   3.486394    33.9945    33.9922     1.1489     1.8584    6.72521     1.8388     0.0662    98.3581      7.643      83506         14  0.000e+00
          0    202.017    200.288   44.56962 -125.14662     7.4575     7.4505   3.487368   3.486451    33.9944    33.9913     1.1489     1.8588    6.72522     1.8388     0.0662    98.3581      7.643      83507         14  0.000e+00
          0    202.017    200.288   44.56962 -125.14662     7.4577     7.4507   3.487410   3.486508    33.9946    33.9917     1.1489     1.8591    6.72518     1.8388     0.0652    98.3843      7.649      83508         14  0.000e+00
          0    202.077    200.347   44.56962 -125.14662     7.4586     7.4504   3.487465   3.486497    33.9943    33.9919     1.1489     1.8595    6.72506     1.8694     0.0662    98.3581      7.643      83509         14  0.000e+00
          0    202.018    200.288   44.56962 -125.14662     7.4599     7.4517   3.487484   3.486515    33.9933    33.9908     1.1489     1.8598    6.72491     1.8694     0.0673    98.3319      7.643      83510         14  0.000e+00
          0    202.018    200.288   44.56962 -125.14662     7.4587     7.4523   3.487441   3.486536    33.9940    33.9904     1.1489     1.8602    6.72506     1.8694     0.0684    98.3056      7.643      83511         14  0.000e+00
          0    202.018    200.288   44.56962 -125.14662     7.4580     7.4551   3.487374   3.486692    33.9940    33.9894     1.1477     1.8560    6.72517     1.8694     0.0684    98.3056      7.649      83512         14  0.000e+00
          0    202.018    200.288   44.56962 -125.14662     7.4581     7.4567   3.487386   3.486795    33.9940    33.9890     1.1477     1.8554    6.72516     1.8388     0.0673    98.3319      7.643      83513         14  0.000e+00
          0    202.018    200.288   44.56962 -125.14662     7.4583     7.4567   3.487392   3.486880    33.9939    33.9899     1.1489     1.8588    6.72512     1.8388     0.0673    98.3319      7.643      83514         14  0.000e+00
          0    201.965    200.236   44.56962 -125.14662     7.4585     7.4554   3.487392   3.486855    33.9937    33.9909     1.1489     1.8586    6.72510     1.8694     0.0673    98.3319      7.643      83515         14  0.000e+00
          0    202.018    200.288   44.56962 -125.14662     7.4582     7.4552   3.487441   3.486827    33.9945    33.9908     1.1489     1.8590    6.72512     1.8694     0.0673    98.3319      7.643      83516         14  0.000e+00
          0    202.018    200.288   44.56962 -125.14662     7.4582     7.4552   3.487459   3.486834    33.9947    33.9908     1.1477     1.8553    6.72511     1.8694     0.0662    98.3581      7.643      83517         14  0.000e+00
          0    201.958    200.229   44.56962 -125.14662     7.4584     7.4547   3.487496   3.486788    33.9950    33.9909     1.1489     1.8586    6.72507     1.8388     0.0662    98.3581      7.643      83518         14  0.000e+00
          0    202.018    200.288   44.56962 -125.14662     7.4582     7.4539   3.487447   3.486699    33.9946    33.9906     1.1489     1.8585    6.72512     1.8388     0.0662    98.3581      7.643      83519         14  0.000e+00
          0    201.966    200.236   44.56962 -125.14662     7.4577     7.4539   3.487355   3.486667    33.9941    33.9903     1.1489     1.8588    6.72520     1.8388     0.0662    98.3581      7.643      83520         14  0.000e+00
          0    202.018    200.288   44.56962 -125.14662     7.4570     7.4553   3.487349   3.486713    33.9946    33.9894     1.1489     1.8591    6.72528     1.8388     0.0662    98.3581      7.649      83521         14  0.000e+00
          0    201.913    200.184   44.56962 -125.14662     7.4569     7.4544   3.487337   3.486618    33.9947    33.9894     1.1489     1.8594    6.72531     1.8388     0.0652    98.3843      7.643      83522         14  0.000e+00
          0    202.018    200.288   44.56962 -125.14662     7.4577     7.4518   3.487374   3.486529    33.9942    33.9908     1.1489     1.8597    6.72520     1.8388     0.0652    98.3843      7.649      83523         14  0.000e+00
          0    201.966    200.236   44.56962 -125.14662     7.4582     7.4502   3.487441   3.486440    33.9946    33.9915     1.1489     1.8600    6.72512     1.8388     0.0652    98.3843      7.643      83524         14  0.000e+00
          0    201.906    200.177   44.56962 -125.14662     7.4588     7.4491   3.487459   3.486327    33.9941    33.9914     1.1489     1.8597    6.72503     1.8388     0.0662    98.3581      7.643      83525         14  0.000e+00
