TN407/CTD Data/TN-407_CTD-003.ros
* Sea-Bird SBE 9 Data File:
* FileName = C:\data\TN407\TN407_CTD_003.hex
* Software Version Seasave V 7.26.7.107
* Temperature SN = 2195
* Conductivity SN = 2903
* Number of Bytes Per Scan = 41
* Number of Voltage Words = 4
* Number of Scans Averaged by the Deck Unit = 1
* NMEA Latitude = 44 30.91 N
* NMEA Longitude = 125 23.74 W
* NMEA UTC (Time) = Aug 21 2022  17:54:01
* NMEA baud rate = 4800
** Cruise: TGT407
** Cast: 003
** Location: Slope Base
** Date: 8-21-2022
** Water Depth: 2909
** Operator: JN
# nquan = 21
# nvalues = 2231                                  
# units = specified
# name 0 = modError: Modulo Error Count
# name 1 = prDM: Pressure, Digiquartz [db]
# name 2 = depSM: Depth [salt water, m]
# name 3 = latitude: Latitude [deg]
# name 4 = longitude: Longitude [deg]
# name 5 = t090C: Temperature [ITS-90, deg C]
# name 6 = t190C: Temperature, 2 [ITS-90, deg C]
# name 7 = c0S/m: Conductivity [S/m]
# name 8 = c1S/m: Conductivity, 2 [S/m]
# name 9 = sal00: Salinity, Practical [PSU]
# name 10 = sal11: Salinity, Practical, 2 [PSU]
# name 11 = sbeox0V: Oxygen raw, SBE 43 [V]
# name 12 = sbeox0ML/L: Oxygen, SBE 43 [ml/l]
# name 13 = oxsolML/L: Oxygen Saturation, Garcia & Gordon [ml/l]
# name 14 = flECO-AFL: Fluorescence, WET Labs ECO-AFL/FL [mg/m^3]
# name 15 = CStarAt0: Beam Attenuation, WET Labs C-Star [1/m]
# name 16 = CStarTr0: Beam Transmission, WET Labs C-Star [%]
# name 17 = ph: pH
# name 18 = scan: Scan Count
# name 19 = nbf: Bottles Fired
# name 20 = flag:  0.000e+00
# interval = seconds: 0.0416667
# start_time = Aug 21 2022 17:54:01 [NMEA time, header]
# bad_flag = -9.990e-29
*END*
[from data line 1794]
          0     50.429     50.016   44.51484 -125.39620     8.5962     8.5974   3.492618   3.492953    33.0322    33.0347     1.9226     3.9325    6.59605     3.3956     0.0620    98.4630     -4.203     217844         19  0.000e+00
          0     50.332     49.920   44.51484 -125.39620     8.5962     8.5974   3.492655   3.493031    33.0327    33.0355     1.9226     3.9323    6.59603     3.3956     0.0620    98.4630     -4.203     217845         19  0.000e+00
          0     50.429     50.016   44.51484 -125.39620     8.5962     8.5977   3.492631   3.493010    33.0324    33.0349     1.9214     3.9283    6.59604     3.3651     0.0609    98.4892     -4.208     217846         19  0.000e+00
          0     50.377     49.964   44.51484 -125.39620     8.5962     8.5977   3.492594   3.493035    33.0320    33.0352     1.9226     3.9315    6.59606     3.3346     0.0609    98.4892     -4.203     217847         19  0.000e+00
          0     50.444     50.031   44.51484 -125.39620     8.5962     8.5974   3.492496   3.493049    33.0309    33.0357     1.9226     3.9314    6.59610     3.3040     0.0609    98.4892     -4.197     217848         19  0.000e+00
          0     50.377     49.964   44.51484 -125.39620     8.5962     8.5974   3.492417   3.493088    33.0301    33.0361     1.9214     3.9274    6.59614     3.3040     0.0609    98.4892     -4.192     217849         19  0.000e+00
          0     50.377     49.964   44.51484 -125.39620     8.5960     8.5974   3.492374   3.493102    33.0298    33.0362     1.9214     3.9268    6.59617     3.3040     0.0609    98.4892     -4.197     217850         19  0.000e+00
          0     50.444     50.031   44.51484 -125.39620     8.5962     8.5974   3.492417   3.493102    33.0301    33.0362     1.9226     3.9301    6.59614     3.3040     0.0609    98.4892     -4.203     217851         19  0.000e+00
          0     50.325     49.913   44.51484 -125.39620     8.5960     8.5972   3.492435   3.493102    33.0305    33.0364     1.9214     3.9261    6.59614     3.3040     0.0609    98.4892     -4.203     217852         19  0.000e+00
          0     50.429     50.016   44.51484 -125.39620     8.5963     8.5976   3.492411   3.493081    33.0299    33.0358     1.9214     3.9256    6.59612     3.3040     0.0609    98.4892     -4.203     217853         19  0.000e+00
          0     50.332     49.920   44.51484 -125.39620     8.5960     8.5977   3.492423   3.493077    33.0304    33.0357     1.9214     3.9246    6.59615     3.3040     0.0609    98.4892     -4.208     217854         19  0.000e+00
          0     50.429     50.016   44.51484 -125.39620     8.5960     8.5977   3.492411   3.493035    33.0302    33.0352     1.9214     3.9241    6.59616     3.3040     0.0609    98.4892     -4.208     217855         19  0.000e+00
          0     50.377     49.964   44.51484 -125.39620     8.5962     8.5982   3.492423   3.493024    33.0302    33.0347     1.9214     3.9235    6.59613     3.3040     0.0630    98.4368     -4.203     217856         19  0.000e+00
          0     50.332     49.920   44.51484 -125.39620     8.5963     8.5983   3.492417   3.493024    33.0300    33.0345     1.9214     3.9230    6.59612     3.3040     0.0652    98.3843     -4.203     217857         19  0.000e+00
          0     50.429     50.016   44.51484 -125.39620     8.5960     8.5983   3.492453   3.493003    33.0306    33.0343     1.9214     3.9226    6.59614     3.3040     0.0673    98.3319     -4.203     217858         19  0.000e+00
          0     50.325     49.913   44.51484 -125.39620     8.5963     8.5976   3.492484   3.492974    33.0307    33.0347     1.9214     3.9220    6.59609     3.3040     0.0673    98.3319     -4.203     217859         19  0.000e+00
          0     50.385     49.972   44.51484 -125.39620     8.5960     8.5977   3.492496   3.492928    33.0311    33.0341     1.9214     3.9221    6.59612     3.3040     0.0652    98.3843     -4.203     217860         19  0.000e+00
          0     50.377     49.964   44.51484 -125.39620     8.5965     8.5977   3.492496   3.492914    33.0307    33.0339     1.9202     3.9183    6.59607     3.2735     0.0641    98.4105     -4.197     217861         19  0.000e+00
          0     50.325     49.913   44.51484 -125.39620     8.5963     8.5978   3.492514   3.492811    33.0310    33.0328     1.9214     3.9213    6.59607     3.3040     0.0620    98.4630     -4.197     217862         19  0.000e+00
          0     50.385     49.972   44.51484 -125.39620     8.5962     8.5978   3.492545   3.492758    33.0315    33.0322     1.9214     3.9214    6.59608     3.3040     0.0620    98.4630     -4.203     217863         19  0.000e+00
          0     50.325     49.913   44.51484 -125.39620     8.5962     8.5980   3.492624   3.492751    33.0323    33.0319     1.9214     3.9211    6.59604     3.3040     0.0609    98.4892     -4.192     217864         19  0.000e+00
          0     50.377     49.964   44.51484 -125.39620     8.5963     8.5982   3.492667   3.492751    33.0326    33.0318     1.9202     3.9170    6.59601     3.3040     0.0609    98.4892     -4.181     217865         19  0.000e+00
          0     50.332     49.920   44.51484 -125.39620     8.5965     8.5980   3.492631   3.492712    33.0321    33.0315     1.9214     3.9205    6.59600     3.3040     0.0598    98.5155     -4.203     217866         19  0.000e+00
          0     50.377     49.964   44.51484 -125.39620     8.5960     8.5978   3.492692   3.492698    33.0332    33.0315     1.9214     3.9204    6.59603     3.3040     0.0609    98.4892     -4.220     217867         19  0.000e+00
          0     50.325     49.913   44.51484 -125.39620     8.5963     8.5982   3.492716   3.492676    33.0332    33.0310     1.9202     3.9167    6.59598     3.3040     0.0609    98.4892     -4.214     217868         19  0.000e+00
          0     50.385     49.972   44.51484 -125.39620     8.5965     8.5980   3.492728   3.492691    33.0331    33.0313     1.9202     3.9162    6.59596     3.2735     0.0609    98.4892     -4.197     217869         19  0.000e+00
          0     50.325     49.913   44.51484 -125.39620     8.5963     8.5983   3.492716   3.492655    33.0332    33.0307     1.9202     3.9157    6.59598     3.2735     0.0609    98.4892     -4.192     217870         19  0.000e+00
          0     50.325     49.913   44.51484 -125.39620     8.5963     8.5980   3.492734   3.492705    33.0334    33.0314     1.9190     3.9118    6.59597     3.2735     0.0609    98.4892     -4.192     217871         19  0.000e+00
          0     50.332     49.920   44.51484 -125.39620     8.5963     8.5980   3.492765   3.492705    33.0337    33.0314     1.9190     3.9109    6.59596     3.2735     0.0609    98.4892     -4.203     217872         19  0.000e+00
          0     50.377     49.964   44.51484 -125.39620     8.5965     8.5982   3.492753   3.492698    33.0334    33.0312     1.9202     3.9140    6.59595     3.2735     0.0609    98.4892     -4.203     217873         19  0.000e+00
          0     50.325     49.913   44.51484 -125.39620     8.5963     8.5982   3.492814   3.492698    33.0342    33.0312     1.9202     3.9136    6.59594     3.2735     0.0609    98.4892     -4.203     217874         19  0.000e+00
          0     50.332     49.920   44.51484 -125.39620     8.5963     8.5980   3.492857   3.492737    33.0346    33.0318     1.9190     3.9095    6.59592     3.2735     0.0620    98.4630     -4.203     217875         19  0.000e+00
          0     50.325     49.913   44.51484 -125.39620     8.5965     8.5977   3.492912   3.492850    33.0351    33.0333     1.9202     3.9130    6.59588     3.2735     0.0620    98.4630     -4.203     217876         19  0.000e+00
          0     50.325     49.913   44.51484 -125.39620     8.5965     8.5971   3.492905   3.492928    33.0350    33.0347     1.9190     3.9095    6.59588     3.2735     0.0620    98.4630     -4.197     217877         19  0.000e+00
          0     50.332     49.920   44.51484 -125.39620     8.5963     8.5965   3.492899   3.492960    33.0351    33.0355     1.9202     3.9127    6.59590     3.2735     0.0620    98.4630     -4.197     217878         19  0.000e+00
          0     50.325     49.913   44.51484 -125.39620     8.5965     8.5966   3.492918   3.492946    33.0351    33.0353     1.9190     3.9088    6.59588     3.2735     0.0609    98.4892     -4.197     217879         19  0.000e+00
          0     50.332     49.920   44.51484 -125.39620     8.5965     8.5964   3.492905   3.492921    33.0350    33.0353     1.9190     3.9088    6.59588     3.2735     0.0609    98.4892     -4.192     217880         19  0.000e+00
          0     50.325     49.913   44.51484 -125.39620     8.5963     8.5964   3.492899   3.492850    33.0351    33.0345     1.9190     3.9084    6.59590     3.2735     0.0609    98.4892     -4.186     217881         19  0.000e+00
          0     50.325     49.913   44.51484 -125.39620     8.5967     8.5966   3.492899   3.492790    33.0348    33.0337     1.9190     3.9085    6.59587     3.2735     0.0609    98.4892     -4.203     217882         19  0.000e+00
          0     50.332     49.920   44.51484 -125.39620     8.5965     8.5971   3.492912   3.492758    33.0351    33.0329     1.9190     3.9087    6.59588     3.2735     0.0609    98.4892     -4.214     217883         19  0.000e+00
          0     50.325     49.913   44.51484 -125.39620     8.5968     8.5972   3.492948   3.492708    33.0352    33.0323     1.9190     3.9085    6.59583     3.2735     0.0620    98.4630     -4.208     217884         19  0.000e+00
          0     50.325     49.913   44.51484 -125.39620     8.5967     8.5972   3.492912   3.492719    33.0349    33.0324     1.9177     3.9050    6.59586     3.2735     0.0620    98.4630     -4.203     217885         19  0.000e+00
          0     50.280     49.868   44.51484 -125.39620     8.5967     8.5976   3.492942   3.492726    33.0353    33.0321     1.9177     3.9045    6.59585     3.2735     0.0620    98.4630     -4.197     217886         19  0.000e+00
          0     50.325     49.913   44.51484 -125.39620     8.5967     8.5976   3.492912   3.492705    33.0349    33.0319     1.9190     3.9079    6.59586     3.2735     0.0630    98.4368     -4.197     217887         19  0.000e+00
          0     50.325     49.913   44.51484 -125.39620     8.5965     8.5976   3.492899   3.492737    33.0349    33.0322     1.9177     3.9042    6.59588     3.2735     0.0641    98.4105     -4.203     217888         19  0.000e+00
          0     50.332     49.920   44.51484 -125.39620     8.5967     8.5978   3.492899   3.492708    33.0348    33.0317     1.9177     3.9039    6.59587     3.2735     0.0641    98.4105     -4.203     217889         19  0.000e+00
          0     50.325     49.913   44.51484 -125.39620     8.5967     8.5977   3.492875   3.492719    33.0345    33.0319     1.9190     3.9075    6.59588     3.2735     0.0652    98.3843     -4.197     217890         19  0.000e+00
          0     50.265     49.854   44.51484 -125.39620     8.5968     8.5977   3.492887   3.492744    33.0345    33.0322     1.9177     3.9039    6.59585     3.2735     0.0641    98.4105     -4.203     217891         19  0.000e+00
          0     50.332     49.920   44.51484 -125.39620     8.5967     8.5972   3.492918   3.492772    33.0350    33.0329     1.9177     3.9038    6.59586     3.2430     0.0630    98.4368     -4.203     217892         19  0.000e+00
          0     50.213     49.801   44.51484 -125.39620     8.5987     8.5978   3.490914   3.491892    33.0120    33.0232     1.9251     3.9473    6.59653     3.2125     0.0652    98.3843     -4.203     218174         20  0.000e+00
          0     50.213     49.801   44.51484 -125.39620     8.5987     8.5977   3.490914   3.491931    33.0120    33.0237     1.9251     3.9471    6.59653     3.2125     0.0641    98.4105     -4.203     218175         20  0.000e+00
          0     50.168     49.757   44.51484 -125.39620     8.5987     8.5977   3.490883   3.491938    33.0117    33.0238     1.9263     3.9503    6.59655     3.2125     0.0630    98.4368     -4.203     218176         20  0.000e+00
          0     50.213     49.801   44.51484 -125.39620     8.5987     8.5976   3.490877   3.491960    33.0117    33.0241     1.9251     3.9463    6.59655     3.2125     0.0641    98.4105     -4.203     218177         20  0.000e+00
          0     50.161     49.750   44.51484 -125.39620     8.5987     8.5977   3.490877   3.491967    33.0117    33.0241     1.9263     3.9498    6.59655     3.2125     0.0630    98.4368     -4.203     218178         20  0.000e+00
          0     50.220     49.809   44.51484 -125.39620     8.5989     8.5976   3.490895   3.491988    33.0117    33.0244     1.9263     3.9496    6.59653     3.2125     0.0630    98.4368     -4.192     218179         20  0.000e+00
          0     50.161     49.750   44.51484 -125.39620     8.5987     8.5978   3.490883   3.491995    33.0117    33.0243     1.9263     3.9492    6.59655     3.2125     0.0652    98.3843     -4.197     218180         20  0.000e+00
          0     50.161     49.750   44.51484 -125.39620     8.5989     8.5978   3.490877   3.492013    33.0115    33.0244     1.9263     3.9492    6.59653     3.2125     0.0737    98.1745     -4.208     218181         20  0.000e+00
          0     50.168     49.757   44.51484 -125.39620     8.5989     8.5977   3.490853   3.491999    33.0113    33.0244     1.9263     3.9488    6.59654     3.2125     0.0790    98.0434     -4.203     218182         20  0.000e+00
          0     50.161     49.750   44.51484 -125.39620     8.5993     8.5977   3.490901   3.492013    33.0114    33.0246     1.9263     3.9487    6.59648     3.2125     0.0769    98.0958     -4.186     218183         20  0.000e+00
          0     50.161     49.750   44.51484 -125.39620     8.5997     8.5977   3.490932   3.492020    33.0113    33.0246     1.9263     3.9486    6.59642     3.1819     0.0726    98.2007     -4.181     218184         20  0.000e+00
          0     50.168     49.757   44.51484 -125.39620     8.6000     8.5977   3.490938   3.492020    33.0111    33.0246     1.9263     3.9484    6.59638     3.2125     0.0694    98.2794     -4.197     218185         20  0.000e+00
          0     50.161     49.750   44.51484 -125.39620     8.6007     8.5976   3.490956   3.491977    33.0107    33.0243     1.9263     3.9482    6.59631     3.2125     0.0684    98.3056     -4.208     218186         20  0.000e+00
          0     50.161     49.750   44.51484 -125.39620     8.6010     8.5976   3.490969   3.492006    33.0105    33.0246     1.9263     3.9480    6.59626     3.2125     0.0662    98.3581     -4.203     218187         20  0.000e+00
          0     50.116     49.705   44.51484 -125.39620     8.6015     8.5980   3.490969   3.491999    33.0101    33.0241     1.9263     3.9477    6.59621     3.2125     0.0652    98.3843     -4.186     218188         20  0.000e+00
          0     50.161     49.750   44.51484 -125.39620     8.6018     8.5978   3.490969   3.491974    33.0098    33.0240     1.9263     3.9479    6.59618     3.2125     0.0652    98.3843     -4.181     218189         20  0.000e+00
          0     50.161     49.750   44.51484 -125.39620     8.6023     8.5977   3.490987   3.491988    33.0095    33.0243     1.9263     3.9480    6.59611     3.2125     0.0652    98.3843     -4.197     218190         20  0.000e+00
          0     50.116     49.705   44.51484 -125.39620     8.6024     8.5978   3.490938   3.491974    33.0089    33.0241     1.9263     3.9477    6.59612     3.2125     0.0652    98.3843     -4.203     218191         20  0.000e+00
          0     50.161     49.750   44.51484 -125.39620     8.6024     8.5977   3.490907   3.491988    33.0085    33.0243     1.9263     3.9478    6.59614     3.2125     0.0652    98.3843     -4.203     218192         20  0.000e+00
