TN407/CTD Data/TN-407_CTD-004.ros
* Sea-Bird SBE 9 Data File:
* FileName = C:\data\TN407\TN407_CTD_004hex.hex
* Software Version Seasave V 7.26.7.107
* Temperature SN = 2195
* Conductivity SN = 2903
* Number of Bytes Per Scan = 41
* Number of Voltage Words = 4
* Number of Scans Averaged by the Deck Unit = 1
* NMEA Latitude = 44 22.43 N
* NMEA Longitude = 124 57.10 W
* NMEA UTC (Time) = Aug 23 2022  10:41:06
* NMEA baud rate = 4800
** Cruise: TGT407
** Cast: 004
** Location: Oregon Offshore
** Date: 8-22-2022
** Water Depth: 569
** Operator: JN
# nquan = 21
# nvalues = 2328                                  
# units = specified
# name 0 = modError: Modulo Error Count
# name 1 = prDM: Pressure, Digiquartz [db]
# name 2 = depSM: Depth [salt water, m]
# name 3 = latitude: Latitude [deg]
# name 4 = longitude: Longitude [deg]
# name 5 = t090C: Temperature [ITS-90, deg C]
# name 6 = t190C: Temperature, 2 [ITS-90, deg C]
# name 7 = c0S/m: Conductivity [S/m]
# name 8 = c1S/m: Conductivity, 2 [S/m]
# name 9 = sal00: Salinity, Practical [PSU]
# name 10 = sal11: Salinity, Practical, 2 [PSU]
# name 11 = sbeox0V: Oxygen raw, SBE 43 [V]
# name 12 = sbeox0ML/L: Oxygen, SBE 43 [ml/l]
# name 13 = oxsolML/L: Oxygen Saturation, Garcia & Gordon [ml/l]
# name 14 = flECO-AFL: Fluorescence, WET Labs ECO-AFL/FL [mg/m^3]
# name 15 = CStarAt0: Beam Attenuation, WET Labs C-Star [1/m]
# name 16 = CStarTr0: Beam Transmission, WET Labs C-Star [%]
# name 17 = ph: pH
# name 18 = scan: Scan Count
# name 19 = nbf: Bottles Fired
# name 20 = flag:  0.000e+00
# interval = seconds: 0.0416667
# start_time = Aug 23 2022 10:41:06 [NMEA time, header]
# bad_flag = -9.990e-29
*END*
[from data line 2001]
          0     20.170     20.006   44.37384 -124.95174    11.6508    11.6378   3.671378   3.670234    32.1045    32.1046     3.1211     6.7757    6.20861     5.7460     0.2129    94.8174      8.110      95031         21  0.000e+00
          0     20.199     20.036   44.37384 -124.95174    11.6506    11.6378   3.671422   3.670201    32.1051    32.1043     3.1211     6.7755    6.20862     5.7460     0.2140    94.7912      8.115      95032         21  0.000e+00
          0     20.147     19.984   44.37384 -124.95174    11.6514    11.6374   3.671434   3.670263    32.1045    32.1052     3.1211     6.7752    6.20853     5.7460     0.2140    94.7912      8.110      95033         21  0.000e+00
          0     20.147     19.984   44.37384 -124.95174    11.6522    11.6394   3.671503   3.670302    32.1045    32.1039     3.1211     6.7752    6.20843     5.7460     0.2151    94.7650      8.110      95034         21  0.000e+00
          0     20.199     20.036   44.37384 -124.95174    11.6523    11.6406   3.671552   3.670332    32.1048    32.1031     3.1223     6.7784    6.20840     5.7460     0.2129    94.8174      8.115      95035         21  0.000e+00
          0     20.170     20.006   44.37384 -124.95174    11.6529    11.6401   3.671559   3.670382    32.1044    32.1041     3.1211     6.7748    6.20834     5.7460     0.2118    94.8437      8.110      95036         21  0.000e+00
          0     20.200     20.036   44.37384 -124.95174    11.6535    11.6399   3.671540   3.670397    32.1037    32.1043     3.1211     6.7744    6.20829     5.7460     0.2118    94.8437      8.115      95037         21  0.000e+00
          0     20.200     20.036   44.37384 -124.95174    11.6541    11.6395   3.671552   3.670368    32.1033    32.1044     3.1223     6.7778    6.20822     5.7460     0.2107    94.8699      8.115      95038         21  0.000e+00
          0     20.148     19.984   44.37384 -124.95174    11.6537    11.6388   3.671559   3.670342    32.1037    32.1048     3.1211     6.7745    6.20826     5.7460     0.2107    94.8699      8.110      95039         21  0.000e+00
          0     20.170     20.006   44.37384 -124.95174    11.6532    11.6381   3.671540   3.670382    32.1040    32.1058     3.1211     6.7741    6.20831     5.7460     0.2118    94.8437      8.115      95040         21  0.000e+00
          0     20.200     20.036   44.37384 -124.95174    11.6533    11.6411   3.671552   3.670419    32.1039    32.1036     3.1223     6.7775    6.20830     5.7460     0.2118    94.8437      8.115      95041         21  0.000e+00
          0     20.200     20.036   44.37384 -124.95174    11.6530    11.6419   3.671509   3.670466    32.1039    32.1033     3.1223     6.7777    6.20835     5.7460     0.2118    94.8437      8.110      95042         21  0.000e+00
          0     20.200     20.036   44.37384 -124.95174    11.6524    11.6420   3.671446   3.670586    32.1038    32.1043     3.1223     6.7779    6.20843     5.7460     0.2118    94.8437      8.115      95043         21  0.000e+00
          0     20.170     20.006   44.37384 -124.95174    11.6519    11.6454   3.671409   3.670705    32.1038    32.1026     3.1223     6.7779    6.20849     5.7766     0.2118    94.8437      8.115      95044         21  0.000e+00
          0     20.200     20.036   44.37384 -124.95174    11.6520    11.6443   3.671328   3.670731    32.1030    32.1037     3.1223     6.7780    6.20852     5.7460     0.2107    94.8699      8.110      95045         21  0.000e+00
          0     20.200     20.036   44.37384 -124.95174    11.6519    11.6422   3.671322   3.670774    32.1029    32.1060     3.1223     6.7780    6.20852     5.7460     0.2107    94.8699      8.115      95046         21  0.000e+00
          0     20.200     20.036   44.37384 -124.95174    11.6522    11.6394   3.671334   3.670749    32.1028    32.1082     3.1236     6.7813    6.20849     5.7460     0.2095    94.8961      8.115      95047         21  0.000e+00
          0     20.222     20.058   44.37384 -124.95174    11.6519    11.6347   3.671284   3.670669    32.1026    32.1115     3.1223     6.7781    6.20854     5.7460     0.2095    94.8961      8.115      95048         21  0.000e+00
          0     20.200     20.036   44.37384 -124.95174    11.6510    11.6347   3.671316   3.670607    32.1037    32.1109     3.1223     6.7780    6.20862     5.7460     0.2084    94.9223      8.110      95049         21  0.000e+00
          0     20.200     20.036   44.37384 -124.95174    11.6509    11.6366   3.671353   3.670593    32.1041    32.1091     3.1236     6.7816    6.20861     5.7460     0.2084    94.9223      8.115      95050         21  0.000e+00
          0     20.200     20.036   44.37384 -124.95174    11.6507    11.6380   3.671365   3.670571    32.1044    32.1077     3.1223     6.7782    6.20862     5.7460     0.2084    94.9223      8.110      95051         21  0.000e+00
          0     20.222     20.058   44.37384 -124.95174    11.6508    11.6399   3.671341   3.670538    32.1041    32.1057     3.1223     6.7779    6.20862     5.7155     0.2084    94.9223      8.115      95052         21  0.000e+00
          0     20.200     20.036   44.37384 -124.95174    11.6511    11.6401   3.671409   3.670535    32.1045    32.1055     3.1223     6.7775    6.20857     5.7766     0.2095    94.8961      8.115      95053         21  0.000e+00
          0     20.200     20.036   44.37384 -124.95174    11.6514    11.6399   3.671409   3.670473    32.1042    32.1051     3.1223     6.7774    6.20854     5.7766     0.2084    94.9223      8.115      95054         21  0.000e+00
          0     20.252     20.088   44.37384 -124.95174    11.6506    11.6394   3.671403   3.670408    32.1048    32.1048     3.1223     6.7771    6.20862     5.7766     0.2084    94.9223      8.115      95055         21  0.000e+00
          0     20.200     20.036   44.37384 -124.95174    11.6499    11.6394   3.671372   3.670375    32.1052    32.1046     3.1223     6.7767    6.20870     5.7766     0.2084    94.9223      8.115      95056         21  0.000e+00
          0     20.222     20.058   44.37384 -124.95174    11.6499    11.6389   3.671365   3.670346    32.1051    32.1047     3.1223     6.7766    6.20870     5.7766     0.2084    94.9223      8.115      95057         21  0.000e+00
          0     20.200     20.036   44.37384 -124.95174    11.6506    11.6383   3.671390   3.670273    32.1048    32.1045     3.1223     6.7763    6.20863     5.7766     0.2084    94.9223      8.115      95058         21  0.000e+00
          0     20.252     20.088   44.37384 -124.95174    11.6511    11.6366   3.671378   3.670165    32.1042    32.1049     3.1211     6.7722    6.20858     5.7766     0.2084    94.9223      8.115      95059         21  0.000e+00
          0     20.200     20.036   44.37384 -124.95174    11.6509    11.6363   3.671316   3.670117    32.1037    32.1047     3.1223     6.7751    6.20862     5.7766     0.2084    94.9223      8.115      95060         21  0.000e+00
          0     20.223     20.059   44.37384 -124.95174    11.6506    11.6344   3.671322   3.670070    32.1041    32.1059     3.1223     6.7749    6.20866     5.7766     0.2084    94.9223      8.110      95061         21  0.000e+00
          0     20.252     20.088   44.37384 -124.95174    11.6500    11.6336   3.671334   3.669990    32.1047    32.1058     3.1223     6.7747    6.20871     5.7766     0.2084    94.9223      8.115      95062         21  0.000e+00
          0     20.252     20.088   44.37384 -124.95174    11.6489    11.6350   3.671359   3.670012    32.1059    32.1048     3.1223     6.7748    6.20880     5.7766     0.2073    94.9486      8.115      95063         21  0.000e+00
          0     20.200     20.037   44.37384 -124.95174    11.6484    11.6370   3.671365   3.670048    32.1064    32.1035     3.1211     6.7710    6.20885     5.7766     0.2062    94.9748      8.115      95064         21  0.000e+00
          0     20.223     20.059   44.37384 -124.95174    11.6493    11.6361   3.671365   3.670048    32.1056    32.1043     3.1211     6.7702    6.20876     5.7766     0.2073    94.9486      8.115      95065         21  0.000e+00
          0     20.252     20.088   44.37384 -124.95174    11.6496    11.6345   3.671415   3.669990    32.1059    32.1051     3.1223     6.7730    6.20872     5.7766     0.2073    94.9486      8.115      95066         21  0.000e+00
          0     20.127     19.964   44.37384 -124.95174    11.6412    11.6432   3.670587   3.670604    32.1051    32.1035     3.1199     6.7598    6.20985     6.0818     0.2162    94.7388      8.116      95343         22  0.000e+00
          0     20.046     19.883   44.37384 -124.95174    11.6411    11.6430   3.670493   3.670658    32.1043    32.1042     3.1199     6.7598    6.20990     6.0818     0.2184    94.6863      8.121      95344         22  0.000e+00
          0     20.098     19.935   44.37384 -124.95174    11.6403    11.6432   3.670263   3.670636    32.1028    32.1038     3.1211     6.7635    6.21006     6.0818     0.2184    94.6863      8.121      95345         22  0.000e+00
          0     20.098     19.935   44.37384 -124.95174    11.6370    11.6434   3.670200   3.670687    32.1050    32.1042     3.1199     6.7604    6.21041     6.0818     0.2195    94.6601      8.121      95346         22  0.000e+00
          0     20.098     19.935   44.37384 -124.95174    11.6353    11.6442   3.670350   3.670709    32.1079    32.1037     3.1199     6.7602    6.21052     6.0818     0.2195    94.6601      8.121      95347         22  0.000e+00
          0     20.068     19.905   44.37384 -124.95174    11.6365    11.6447   3.670462   3.670709    32.1080    32.1032     3.1211     6.7635    6.21036     6.0818     0.2195    94.6601      8.121      95348         22  0.000e+00
          0     20.157     19.994   44.37384 -124.95174    11.6381    11.6451   3.670562   3.670724    32.1075    32.1031     3.1211     6.7638    6.21016     6.0818     0.2173    94.7125      8.121      95349         22  0.000e+00
          0     20.098     19.935   44.37384 -124.95174    11.6399    11.6452   3.670711   3.670753    32.1074    32.1033     3.1199     6.7600    6.20993     6.0818     0.2173    94.7125      8.121      95350         22  0.000e+00
          0     20.098     19.935   44.37384 -124.95174    11.6411    11.6443   3.670848   3.670742    32.1078    32.1039     3.1211     6.7634    6.20976     6.0818     0.2162    94.7388      8.121      95351         22  0.000e+00
          0     20.128     19.964   44.37384 -124.95174    11.6419    11.6436   3.670879   3.670669    32.1073    32.1039     3.1211     6.7638    6.20967     6.0818     0.2151    94.7650      8.121      95352         22  0.000e+00
          0     20.157     19.994   44.37384 -124.95174    11.6427    11.6443   3.670830   3.670673    32.1061    32.1032     3.1199     6.7603    6.20961     6.0818     0.2173    94.7125      8.116      95353         22  0.000e+00
          0     20.098     19.935   44.37384 -124.95174    11.6429    11.6444   3.670792   3.670658    32.1057    32.1030     3.1199     6.7600    6.20961     6.0208     0.2195    94.6601      8.121      95354         22  0.000e+00
          0     20.157     19.994   44.37384 -124.95174    11.6429    11.6449   3.670761   3.670734    32.1053    32.1033     3.1211     6.7637    6.20962     5.9902     0.2195    94.6601      8.121      95355         22  0.000e+00
          0     20.180     20.016   44.37384 -124.95174    11.6431    11.6455   3.670774   3.670785    32.1053    32.1033     3.1211     6.7639    6.20960     5.9902     0.2184    94.6863      8.121      95356         22  0.000e+00
          0     20.158     19.994   44.37384 -124.95174    11.6436    11.6449   3.670805   3.670724    32.1052    32.1032     3.1199     6.7608    6.20954     5.9902     0.2184    94.6863      8.121      95357         22  0.000e+00
          0     20.158     19.994   44.37384 -124.95174    11.6438    11.6440   3.670817   3.670684    32.1050    32.1036     3.1211     6.7641    6.20950     5.9902     0.2184    94.6863      8.121      95358         22  0.000e+00
          0     20.158     19.994   44.37384 -124.95174    11.6432    11.6436   3.670742   3.670636    32.1049    32.1035     3.1211     6.7647    6.20960     5.9902     0.2184    94.6863      8.121      95359         22  0.000e+00
          0     20.180     20.016   44.37384 -124.95174    11.6427    11.6439   3.670643   3.670665    32.1043    32.1035     3.1199     6.7619    6.20968     5.9902     0.2206    94.6338      8.121      95360         22  0.000e+00
          0     20.158     19.994   44.37384 -124.95174    11.6421    11.6437   3.670568   3.670658    32.1042    32.1036     3.1211     6.7653    6.20977     5.9902     0.2206    94.6338      8.121      95361         22  0.000e+00
          0     20.210     20.046   44.37384 -124.95174    11.6417    11.6429   3.670580   3.670629    32.1046    32.1040     3.1211     6.7656    6.20980     5.9902     0.2239    94.5552      8.121      95362         22  0.000e+00
          0     20.210     20.046   44.37384 -124.95174    11.6411    11.6429   3.670612   3.670622    32.1054    32.1039     3.1211     6.7659    6.20986     5.9902     0.2251    94.5289      8.121      95363         22  0.000e+00
          0     20.180     20.016   44.37384 -124.95174    11.6414    11.6429   3.670618   3.670553    32.1052    32.1033     3.1211     6.7660    6.20982     5.9902     0.2239    94.5552      8.121      95364         22  0.000e+00
          0     20.210     20.046   44.37384 -124.95174    11.6416    11.6426   3.670618   3.670535    32.1051    32.1034     3.1211     6.7663    6.20980     5.9902     0.2217    94.6076      8.121      95365         22  0.000e+00
          0     20.210     20.046   44.37384 -124.95174    11.6419    11.6427   3.670618   3.670538    32.1047    32.1033     3.1223     6.7699    6.20977     5.9902     0.2206    94.6338      8.121      95366         22  0.000e+00
          0     20.262     20.098   44.37384 -124.95174    11.6417    11.6432   3.670574   3.670538    32.1045    32.1028     3.1223     6.7709    6.20981     5.9902     0.2206    94.6338      8.121      95367         22  0.000e+00
          0     20.210     20.046   44.37384 -124.95174    11.6414    11.6420   3.670506   3.670495    32.1041    32.1034     3.1211     6.7683    6.20986     5.9902     0.2206    94.6338      8.121      95368         22  0.000e+00
          0     20.232     20.068   44.37384 -124.95174    11.6412    11.6417   3.670562   3.670480    32.1048    32.1036     3.1211     6.7686    6.20986     5.9902     0.2184    94.6863      8.121      95369         22  0.000e+00
          0     20.262     20.098   44.37384 -124.95174    11.6416    11.6416   3.670587   3.670459    32.1047    32.1035     3.1211     6.7687    6.20982     5.9902     0.2162    94.7388      8.121      95370         22  0.000e+00
          0     20.262     20.098   44.37384 -124.95174    11.6412    11.6419   3.670518   3.670509    32.1044    32.1037     3.1211     6.7690    6.20988     5.9902     0.2162    94.7388      8.121      95371         22  0.000e+00
          0     20.262     20.098   44.37384 -124.95174    11.6404    11.6429   3.670462   3.670557    32.1045    32.1033     3.1211     6.7694    6.20998     5.9902     0.2173    94.7125      8.121      95372         22  0.000e+00
          0     20.292     20.127   44.37384 -124.95174    11.6396    11.6430   3.670362   3.670629    32.1042    32.1039     3.1211     6.7697    6.21009     5.9902     0.2206    94.6338      8.121      95373         22  0.000e+00
