TN407/CTD Data/TN-407_CTD-004.ros
* Sea-Bird SBE 9 Data File:
* FileName = C:\data\TN407\TN407_CTD_004hex.hex
* Software Version Seasave V 7.26.7.107
* Temperature SN = 2195
* Conductivity SN = 2903
* Number of Bytes Per Scan = 41
* Number of Voltage Words = 4
* Number of Scans Averaged by the Deck Unit = 1
* NMEA Latitude = 44 22.43 N
* NMEA Longitude = 124 57.10 W
* NMEA UTC (Time) = Aug 23 2022  10:41:06
* NMEA baud rate = 4800
** Cruise: TGT407
** Cast: 004
** Location: Oregon Offshore
** Date: 8-22-2022
** Water Depth: 569
** Operator: JN
# nquan = 21
# nvalues = 2328                                  
# units = specified
# name 0 = modError: Modulo Error Count
# name 1 = prDM: Pressure, Digiquartz [db]
# name 2 = depSM: Depth [salt water, m]
# name 3 = latitude: Latitude [deg]
# name 4 = longitude: Longitude [deg]
# name 5 = t090C: Temperature [ITS-90, deg C]
# name 6 = t190C: Temperature, 2 [ITS-90, deg C]
# name 7 = c0S/m: Conductivity [S/m]
# name 8 = c1S/m: Conductivity, 2 [S/m]
# name 9 = sal00: Salinity, Practical [PSU]
# name 10 = sal11: Salinity, Practical, 2 [PSU]
# name 11 = sbeox0V: Oxygen raw, SBE 43 [V]
# name 12 = sbeox0ML/L: Oxygen, SBE 43 [ml/l]
# name 13 = oxsolML/L: Oxygen Saturation, Garcia & Gordon [ml/l]
# name 14 = flECO-AFL: Fluorescence, WET Labs ECO-AFL/FL [mg/m^3]
# name 15 = CStarAt0: Beam Attenuation, WET Labs C-Star [1/m]
# name 16 = CStarTr0: Beam Transmission, WET Labs C-Star [%]
# name 17 = ph: pH
# name 18 = scan: Scan Count
# name 19 = nbf: Bottles Fired
# name 20 = flag:  0.000e+00
# interval = seconds: 0.0416667
# start_time = Aug 23 2022 10:41:06 [NMEA time, header]
# bad_flag = -9.990e-29
*END*
[from data line 1656]
          0    101.108    100.269   44.37384 -124.95174     8.2734     8.2751   3.529056   3.528981    33.6992    33.6967     1.6337     3.1616    6.61515     1.8388     0.0503    98.7515      7.741      84408         18  0.000e+00
          0    101.078    100.239   44.37384 -124.95174     8.2737     8.2756   3.529032   3.528981    33.6986    33.6963     1.6325     3.1579    6.61513     1.8388     0.0503    98.7515      7.741      84409         18  0.000e+00
          0    101.108    100.269   44.37384 -124.95174     8.2735     8.2754   3.529069   3.528981    33.6991    33.6964     1.6325     3.1577    6.61513     1.8388     0.0513    98.7253      7.735      84410         18  0.000e+00
          0    101.079    100.239   44.37384 -124.95174     8.2735     8.2757   3.529087   3.528999    33.6994    33.6963     1.6325     3.1575    6.61512     1.8083     0.0513    98.7253      7.741      84411         18  0.000e+00
          0    101.056    100.217   44.37384 -124.95174     8.2735     8.2756   3.529062   3.528971    33.6991    33.6962     1.6337     3.1612    6.61513     1.8388     0.0513    98.7253      7.741      84412         18  0.000e+00
          0    101.079    100.239   44.37384 -124.95174     8.2735     8.2756   3.529056   3.528974    33.6990    33.6962     1.6325     3.1581    6.61514     1.8388     0.0513    98.7253      7.741      84413         18  0.000e+00
          0    101.056    100.217   44.37384 -124.95174     8.2732     8.2757   3.529099   3.528981    33.6998    33.6961     1.6325     3.1579    6.61515     1.8388     0.0513    98.7253      7.741      84414         18  0.000e+00
          0    101.079    100.239   44.37384 -124.95174     8.2734     8.2754   3.529044   3.528964    33.6990    33.6963     1.6325     3.1577    6.61516     1.8083     0.0513    98.7253      7.741      84415         18  0.000e+00
          0    101.056    100.217   44.37384 -124.95174     8.2734     8.2752   3.529032   3.528974    33.6989    33.6965     1.6337     3.1614    6.61516     1.8083     0.0513    98.7253      7.741      84416         18  0.000e+00
          0    101.027    100.188   44.37384 -124.95174     8.2735     8.2752   3.529050   3.528981    33.6990    33.6966     1.6337     3.1616    6.61514     1.8388     0.0513    98.7253      7.741      84417         18  0.000e+00
          0    101.004    100.166   44.37384 -124.95174     8.2734     8.2754   3.529032   3.528981    33.6990    33.6965     1.6325     3.1584    6.61516     1.8388     0.0513    98.7253      7.741      84418         18  0.000e+00
          0    101.027    100.188   44.37384 -124.95174     8.2737     8.2756   3.529001   3.528964    33.6983    33.6961     1.6337     3.1621    6.61514     1.8083     0.0513    98.7253      7.741      84419         18  0.000e+00
          0    101.027    100.188   44.37384 -124.95174     8.2735     8.2751   3.529013   3.528992    33.6986    33.6969     1.6337     3.1623    6.61516     1.8388     0.0513    98.7253      7.741      84420         18  0.000e+00
          0    101.004    100.166   44.37384 -124.95174     8.2737     8.2754   3.529001   3.528971    33.6983    33.6964     1.6325     3.1586    6.61514     1.8388     0.0513    98.7253      7.741      84421         18  0.000e+00
          0    101.027    100.188   44.37384 -124.95174     8.2737     8.2754   3.529013   3.528992    33.6984    33.6966     1.6325     3.1584    6.61514     1.8083     0.0503    98.7515      7.741      84422         18  0.000e+00
          0    101.004    100.166   44.37384 -124.95174     8.2739     8.2756   3.529026   3.528964    33.6984    33.6961     1.6337     3.1620    6.61512     1.8083     0.0503    98.7515      7.741      84423         18  0.000e+00
          0    100.975    100.136   44.37384 -124.95174     8.2742     8.2756   3.529044   3.528974    33.6983    33.6962     1.6325     3.1583    6.61507     1.8083     0.0503    98.7515      7.741      84424         18  0.000e+00
          0    100.945    100.107   44.37384 -124.95174     8.2742     8.2752   3.529019   3.528960    33.6981    33.6964     1.6325     3.1580    6.61508     1.8388     0.0503    98.7515      7.741      84425         18  0.000e+00
          0    100.975    100.136   44.37384 -124.95174     8.2739     8.2751   3.529062   3.528974    33.6988    33.6967     1.6325     3.1582    6.61510     1.8083     0.0503    98.7515      7.735      84426         18  0.000e+00
          0    101.005    100.166   44.37384 -124.95174     8.2740     8.2754   3.529062   3.528999    33.6987    33.6967     1.6337     3.1619    6.61508     1.8083     0.0503    98.7515      7.741      84427         18  0.000e+00
          0    100.915    100.077   44.37384 -124.95174     8.2739     8.2752   3.529075   3.528971    33.6990    33.6966     1.6325     3.1582    6.61509     1.8388     0.0503    98.7515      7.741      84428         18  0.000e+00
          0    100.945    100.107   44.37384 -124.95174     8.2737     8.2754   3.529062   3.529013    33.6990    33.6969     1.6325     3.1584    6.61511     1.8388     0.0503    98.7515      7.741      84429         18  0.000e+00
          0    100.975    100.137   44.37384 -124.95174     8.2735     8.2752   3.529056   3.528978    33.6991    33.6966     1.6325     3.1582    6.61514     1.8388     0.0503    98.7515      7.735      84430         18  0.000e+00
          0    100.945    100.107   44.37384 -124.95174     8.2735     8.2756   3.529056   3.528974    33.6991    33.6962     1.6337     3.1618    6.61513     1.8083     0.0503    98.7515      7.741      84431         18  0.000e+00
          0    100.915    100.078   44.37384 -124.95174     8.2735     8.2754   3.529056   3.528942    33.6991    33.6961     1.6325     3.1581    6.61513     1.8388     0.0503    98.7515      7.741      84432         18  0.000e+00
          0    100.916    100.078   44.37384 -124.95174     8.2735     8.2754   3.529056   3.528967    33.6991    33.6964     1.6325     3.1578    6.61513     1.8388     0.0503    98.7515      7.735      84433         18  0.000e+00
          0    100.945    100.107   44.37384 -124.95174     8.2734     8.2757   3.529038   3.528960    33.6990    33.6960     1.6337     3.1615    6.61516     1.8083     0.0492    98.7777      7.741      84434         18  0.000e+00
          0    100.916    100.078   44.37384 -124.95174     8.2728     8.2754   3.529075   3.528956    33.7001    33.6963     1.6325     3.1578    6.61521     1.8083     0.0492    98.7777      7.741      84435         18  0.000e+00
          0    100.893    100.056   44.37384 -124.95174     8.2724     8.2754   3.529062   3.528974    33.7003    33.6965     1.6337     3.1614    6.61525     1.8388     0.0492    98.7777      7.741      84436         18  0.000e+00
          0    100.916    100.078   44.37384 -124.95174     8.2719     8.2756   3.529099   3.528942    33.7011    33.6959     1.6325     3.1577    6.61529     1.8388     0.0503    98.7515      7.735      84437         18  0.000e+00
          0    100.893    100.056   44.37384 -124.95174     8.2719     8.2754   3.529118   3.528967    33.7013    33.6964     1.6325     3.1579    6.61528     1.8083     0.0503    98.7515      7.741      84438         18  0.000e+00
          0    100.916    100.078   44.37384 -124.95174     8.2728     8.2756   3.529069   3.528942    33.7000    33.6959     1.6325     3.1580    6.61521     1.8083     0.0503    98.7515      7.741      84439         18  0.000e+00
          0    100.893    100.056   44.37384 -124.95174     8.2731     8.2756   3.529075   3.528967    33.6998    33.6962     1.6337     3.1620    6.61518     1.8083     0.0492    98.7777      7.741      84440         18  0.000e+00
          0    100.916    100.078   44.37384 -124.95174     8.2734     8.2756   3.529087   3.528981    33.6996    33.6963     1.6337     3.1622    6.61514     1.8083     0.0503    98.7515      7.741      84441         18  0.000e+00
          0    100.894    100.056   44.37384 -124.95174     8.2735     8.2757   3.529062   3.528981    33.6992    33.6962     1.6325     3.1585    6.61513     1.8388     0.0503    98.7515      7.741      84442         18  0.000e+00
          0    100.864    100.026   44.37384 -124.95172     8.2734     8.2756   3.529038   3.528917    33.6991    33.6957     1.6325     3.1582    6.61516     1.8083     0.0503    98.7515      7.741      84443         18  0.000e+00
          0    100.894    100.056   44.37384 -124.95172     8.2732     8.2756   3.529075   3.528960    33.6996    33.6961     1.6325     3.1580    6.61516     1.8083     0.0503    98.7515      7.741      84444         18  0.000e+00
          0    100.864    100.026   44.37384 -124.95172     8.2728     8.2756   3.529105   3.528960    33.7004    33.6961     1.6325     3.1577    6.61519     1.8083     0.0503    98.7515      7.741      84445         18  0.000e+00
          0    100.946    100.108   44.37384 -124.95172     8.2725     8.2756   3.529093   3.528974    33.7004    33.6962     1.6337     3.1613    6.61522     1.8083     0.0513    98.7253      7.741      84446         18  0.000e+00
          0    100.804     99.967   44.37384 -124.95172     8.2725     8.2756   3.529087   3.528999    33.7004    33.6966     1.6337     3.1614    6.61522     1.8083     0.0524    98.6990      7.741      84447         18  0.000e+00
          0    100.864    100.027   44.37384 -124.95172     8.2728     8.2752   3.529062   3.528949    33.6999    33.6964     1.6325     3.1582    6.61521     1.8388     0.0524    98.6990      7.741      84448         18  0.000e+00
          0    100.894    100.056   44.37384 -124.95172     8.2728     8.2756   3.529099   3.528924    33.7003    33.6957     1.6325     3.1579    6.61520     1.8388     0.0524    98.6990      7.741      84449         18  0.000e+00
          0    100.916    100.078   44.37384 -124.95172     8.2725     8.2756   3.529093   3.528989    33.7004    33.6964     1.6337     3.1615    6.61522     1.8388     0.0513    98.7253      7.741      84450         18  0.000e+00
          0    100.894    100.056   44.37384 -124.95172     8.2728     8.2752   3.529038   3.528967    33.6997    33.6965     1.6325     3.1582    6.61523     1.8388     0.0513    98.7253      7.741      84451         18  0.000e+00
          0    100.864    100.027   44.37384 -124.95172     8.2728     8.2756   3.529056   3.528974    33.6999    33.6963     1.6325     3.1579    6.61522     1.8388     0.0513    98.7253      7.741      84452         18  0.000e+00
          0    100.894    100.056   44.37384 -124.95172     8.2731     8.2754   3.529056   3.528964    33.6996    33.6964     1.6325     3.1576    6.61518     1.8083     0.0503    98.7515      7.741      84453         18  0.000e+00
          0    100.864    100.027   44.37384 -124.95172     8.2728     8.2757   3.529075   3.528974    33.7001    33.6962     1.6325     3.1573    6.61521     1.8083     0.0503    98.7515      7.741      84454         18  0.000e+00
          0    100.894    100.056   44.37384 -124.95172     8.2725     8.2756   3.529062   3.528964    33.7001    33.6962     1.6325     3.1570    6.61524     1.8388     0.0503    98.7515      7.741      84455         18  0.000e+00
          0    100.916    100.078   44.37384 -124.95172     8.2729     8.2756   3.529056   3.528953    33.6997    33.6960     1.6325     3.1567    6.61520     1.8388     0.0503    98.7515      7.741      84456         18  0.000e+00
          0    100.834     99.997   44.37384 -124.95172     8.2732     8.2757   3.529075   3.528956    33.6996    33.6960     1.6325     3.1568    6.61516     1.8388     0.0503    98.7515      7.741      84457         18  0.000e+00
          0    100.916    100.079   44.37384 -124.95172     8.2734     8.2754   3.529087   3.528974    33.6996    33.6965     1.6325     3.1566    6.61514     1.8083     0.0503    98.7515      7.741      84458         18  0.000e+00
          0    100.894    100.056   44.37384 -124.95172     8.2734     8.2757   3.529062   3.528964    33.6993    33.6960     1.6325     3.1563    6.61515     1.8083     0.0503    98.7515      7.741      84459         18  0.000e+00
          0    100.916    100.079   44.37384 -124.95172     8.2735     8.2756   3.529056   3.528974    33.6991    33.6963     1.6337     3.1599    6.61513     1.8083     0.0503    98.7515      7.741      84460         18  0.000e+00
          0    100.835     99.997   44.37384 -124.95172     8.2735     8.2752   3.529062   3.528960    33.6992    33.6965     1.6325     3.1566    6.61513     1.8083     0.0503    98.7515      7.741      84461         18  0.000e+00
          0    100.917    100.079   44.37384 -124.95172     8.2735     8.2752   3.529105   3.528956    33.6996    33.6964     1.6337     3.1602    6.61511     1.8388     0.0503    98.7515      7.741      84462         18  0.000e+00
          0    100.917    100.079   44.37384 -124.95172     8.2734     8.2754   3.529093   3.528953    33.6996    33.6962     1.6337     3.1604    6.61513     1.8388     0.0513    98.7253      7.741      84463         18  0.000e+00
          0    100.894    100.057   44.37384 -124.95172     8.2735     8.2754   3.529062   3.528956    33.6992    33.6963     1.6325     3.1566    6.61513     1.8083     0.0513    98.7253      7.741      84464         18  0.000e+00
          0    100.917    100.079   44.37384 -124.95172     8.2732     8.2756   3.529075   3.529013    33.6996    33.6967     1.6325     3.1568    6.61516     1.8388     0.0513    98.7253      7.741      84465         18  0.000e+00
          0    100.946    100.108   44.37384 -124.95172     8.2737     8.2757   3.529087   3.528996    33.6993    33.6963     1.6325     3.1569    6.61510     1.8388     0.0503    98.7515      7.741      84466         18  0.000e+00
          0    100.917    100.079   44.37384 -124.95172     8.2737     8.2754   3.529062   3.528999    33.6990    33.6967     1.6337     3.1605    6.61511     1.8083     0.0503    98.7515      7.741      84467         18  0.000e+00
          0    100.894    100.057   44.37384 -124.95172     8.2735     8.2754   3.529075   3.528988    33.6993    33.6966     1.6325     3.1573    6.61512     1.8083     0.0503    98.7515      7.741      84468         18  0.000e+00
          0    100.917    100.079   44.37384 -124.95172     8.2735     8.2756   3.529087   3.529021    33.6994    33.6968     1.6337     3.1613    6.61512     1.8083     0.0513    98.7253      7.741      84469         18  0.000e+00
          0    100.947    100.108   44.37384 -124.95172     8.2737     8.2757   3.529069   3.528956    33.6991    33.6959     1.6325     3.1576    6.61511     1.8388     0.0513    98.7253      7.741      84470         18  0.000e+00
          0    100.976    100.138   44.37384 -124.95172     8.2735     8.2754   3.529056   3.528985    33.6991    33.6965     1.6325     3.1574    6.61514     1.8388     0.0513    98.7253      7.741      84471         18  0.000e+00
          0    100.947    100.109   44.37384 -124.95172     8.2737     8.2757   3.529075   3.528985    33.6991    33.6962     1.6325     3.1575    6.61511     1.8388     0.0503    98.7515      7.741      84472         18  0.000e+00
          0    100.976    100.138   44.37384 -124.95172     8.2737     8.2752   3.529087   3.529024    33.6992    33.6971     1.6337     3.1611    6.61510     1.8388     0.0503    98.7515      7.747      84473         18  0.000e+00
          0    100.947    100.109   44.37384 -124.95172     8.2737     8.2756   3.529087   3.528996    33.6993    33.6965     1.6337     3.1613    6.61510     1.8694     0.0513    98.7253      7.741      84474         18  0.000e+00
          0    100.977    100.138   44.37384 -124.95172     8.2734     8.2756   3.529087   3.528964    33.6996    33.6961     1.6325     3.1576    6.61514     1.8694     0.0513    98.7253      7.741      84475         18  0.000e+00
