TN407/CTD Data/TN-407_CTD-007.ros
* Sea-Bird SBE 9 Data File:
* FileName = C:\data\TN407\TN407_CTD_007hex.hex
* Software Version Seasave V 7.26.7.107
* Temperature SN = 2195
* Conductivity SN = 2903
* Number of Bytes Per Scan = 41
* Number of Voltage Words = 4
* Number of Scans Averaged by the Deck Unit = 1
* NMEA Latitude = 45 50.06 N
* NMEA Longitude = 129 45.50 W
* NMEA UTC (Time) = Aug 28 2022  17:26:38
* NMEA baud rate = 4800
** Cruise: TGT407
** Cast: 007
** Location: Axial Base
** Date: 8-28-2022
** Water Depth: 2604
** Operator: MW
# nquan = 21
# nvalues = 2328                                  
# units = specified
# name 0 = modError: Modulo Error Count
# name 1 = prDM: Pressure, Digiquartz [db]
# name 2 = depSM: Depth [salt water, m]
# name 3 = latitude: Latitude [deg]
# name 4 = longitude: Longitude [deg]
# name 5 = t090C: Temperature [ITS-90, deg C]
# name 6 = t190C: Temperature, 2 [ITS-90, deg C]
# name 7 = c0S/m: Conductivity [S/m]
# name 8 = c1S/m: Conductivity, 2 [S/m]
# name 9 = sal00: Salinity, Practical [PSU]
# name 10 = sal11: Salinity, Practical, 2 [PSU]
# name 11 = sbeox0V: Oxygen raw, SBE 43 [V]
# name 12 = sbeox0ML/L: Oxygen, SBE 43 [ml/l]
# name 13 = oxsolML/L: Oxygen Saturation, Garcia & Gordon [ml/l]
# name 14 = flECO-AFL: Fluorescence, WET Labs ECO-AFL/FL [mg/m^3]
# name 15 = CStarAt0: Beam Attenuation, WET Labs C-Star [1/m]
# name 16 = CStarTr0: Beam Transmission, WET Labs C-Star [%]
# name 17 = ph: pH
# name 18 = scan: Scan Count
# name 19 = nbf: Bottles Fired
# name 20 = flag:  0.000e+00
# interval = seconds: 0.0416667
# start_time = Aug 28 2022 17:26:38 [NMEA time, header]
# bad_flag = -9.990e-29
*END*
[from data line 2138]
          0      9.892      9.810   45.83446 -129.75840    18.3816    18.3831   4.295903   4.295661    32.1969    32.1937     2.9321     5.4379    5.42284     3.7619     0.2967    92.8504     -3.816     188610         23  0.000e+00
          0      9.877      9.796   45.83446 -129.75840    18.3818    18.3831   4.295903   4.295692    32.1968    32.1940     2.9333     5.4404    5.42282     3.7619     0.2967    92.8504     -3.816     188611         23  0.000e+00
          0      9.944      9.862   45.83446 -129.75840    18.3816    18.3830   4.295903   4.295684    32.1969    32.1940     2.9333     5.4405    5.42284     3.7619     0.2967    92.8504     -3.816     188612         23  0.000e+00
          0      9.877      9.796   45.83446 -129.75840    18.3819    18.3828   4.295903   4.295676    32.1967    32.1941     2.9321     5.4375    5.42281     3.7619     0.2956    92.8766     -3.811     188613         23  0.000e+00
          0      9.892      9.810   45.83446 -129.75840    18.3816    18.3829   4.295903   4.295676    32.1969    32.1940     2.9333     5.4401    5.42284     3.7619     0.2945    92.9029     -3.821     188614         23  0.000e+00
          0      9.817      9.737   45.83446 -129.75840    18.3818    18.3828   4.295923   4.295700    32.1970    32.1943     2.9333     5.4401    5.42282     3.7619     0.2945    92.9029     -3.821     188615         23  0.000e+00
          0      9.892      9.811   45.83446 -129.75840    18.3819    18.3828   4.295963   4.295661    32.1972    32.1940     2.9321     5.4370    5.42280     3.7619     0.2933    92.9291     -3.821     188616         23  0.000e+00
          0      9.817      9.737   45.83446 -129.75840    18.3819    18.3828   4.295943   4.295665    32.1970    32.1941     2.9321     5.4367    5.42280     3.7619     0.2933    92.9291     -3.821     188617         23  0.000e+00
          0      9.840      9.759   45.83446 -129.75840    18.3821    18.3828   4.295936   4.295649    32.1968    32.1939     2.9321     5.4366    5.42279     3.7924     0.2933    92.9291     -3.821     188618         23  0.000e+00
          0      9.818      9.737   45.83446 -129.75840    18.3819    18.3828   4.295936   4.295645    32.1970    32.1939     2.9321     5.4363    5.42280     3.7619     0.2933    92.9291     -3.821     188619         23  0.000e+00
          0      9.840      9.759   45.83446 -129.75840    18.3819    18.3828   4.295910   4.295645    32.1968    32.1939     2.9321     5.4360    5.42281     3.7924     0.2933    92.9291     -3.816     188620         23  0.000e+00
          0      9.818      9.737   45.83446 -129.75840    18.3819    18.3828   4.295956   4.295668    32.1972    32.1940     2.9321     5.4360    5.42280     3.7924     0.2945    92.9029     -3.811     188621         23  0.000e+00
          0      9.840      9.759   45.83446 -129.75840    18.3821    18.3826   4.295943   4.295700    32.1969    32.1945     2.9309     5.4328    5.42279     3.7924     0.2956    92.8766     -3.816     188622         23  0.000e+00
          0      9.766      9.685   45.83446 -129.75840    18.3823    18.3828   4.295936   4.295661    32.1967    32.1940     2.9309     5.4326    5.42277     3.7924     0.2967    92.8504     -3.821     188623         23  0.000e+00
          0      9.840      9.759   45.83446 -129.75840    18.3823    18.3826   4.295963   4.295665    32.1969    32.1941     2.9321     5.4354    5.42277     3.7924     0.2967    92.8504     -3.816     188624         23  0.000e+00
          0      9.780      9.700   45.83446 -129.75840    18.3828    18.3826   4.295976   4.295696    32.1967    32.1945     2.9321     5.4354    5.42272     3.7924     0.2967    92.8504     -3.805     188625         23  0.000e+00
          0      9.818      9.737   45.83446 -129.75840    18.3830    18.3828   4.296029   4.295684    32.1970    32.1942     2.9309     5.4326    5.42270     3.7924     0.2967    92.8504     -3.805     188626         23  0.000e+00
          0      9.780      9.700   45.83446 -129.75840    18.3831    18.3826   4.296049   4.295653    32.1970    32.1941     2.9321     5.4354    5.42268     3.7924     0.2945    92.9029     -3.816     188627         23  0.000e+00
          0      9.766      9.685   45.83446 -129.75840    18.3833    18.3826   4.296049   4.295668    32.1969    32.1942     2.9321     5.4356    5.42266     3.7924     0.2945    92.9029     -3.827     188628         23  0.000e+00
          0      9.780      9.700   45.83446 -129.75840    18.3831    18.3826   4.296049   4.295653    32.1970    32.1941     2.9309     5.4326    5.42268     3.7924     0.2933    92.9291     -3.827     188629         23  0.000e+00
          0      9.818      9.737   45.83446 -129.75840    18.3830    18.3826   4.296049   4.295645    32.1971    32.1940     2.9321     5.4356    5.42269     3.7924     0.2933    92.9291     -3.827     188630         23  0.000e+00
          0      9.780      9.700   45.83446 -129.75840    18.3828    18.3826   4.295989   4.295668    32.1968    32.1942     2.9321     5.4359    5.42272     3.7924     0.2933    92.9291     -3.811     188631         23  0.000e+00
          0      9.766      9.685   45.83446 -129.75840    18.3830    18.3826   4.296029   4.295672    32.1970    32.1943     2.9321     5.4359    5.42270     3.7924     0.2945    92.9029     -3.811     188632         23  0.000e+00
          0      9.781      9.700   45.83446 -129.75840    18.3830    18.3829   4.296049   4.295672    32.1971    32.1940     2.9321     5.4362    5.42269     3.7924     0.2945    92.9029     -3.827     188633         23  0.000e+00
          0      9.766      9.685   45.83446 -129.75840    18.3830    18.3826   4.296023   4.295625    32.1969    32.1938     2.9321     5.4363    5.42270     3.7924     0.2979    92.8242     -3.827     188634         23  0.000e+00
          0      9.840      9.759   45.83446 -129.75840    18.3831    18.3826   4.296036   4.295657    32.1969    32.1941     2.9333     5.4395    5.42268     3.7924     0.3024    92.7193     -3.816     188635         23  0.000e+00
          0      9.766      9.685   45.83446 -129.75840    18.3835    18.3828   4.296102   4.295676    32.1972    32.1942     2.9321     5.4368    5.42263     3.7924     0.3012    92.7455     -3.821     188636         23  0.000e+00
          0      9.781      9.700   45.83446 -129.75840    18.3836    18.3828   4.296122   4.295653    32.1972    32.1939     2.9321     5.4371    5.42262     3.7924     0.2990    92.7979     -3.827     188637         23  0.000e+00
          0      9.818      9.737   45.83446 -129.75840    18.3840    18.3829   4.296122   4.295645    32.1969    32.1938     2.9321     5.4373    5.42259     3.7924     0.2979    92.8242     -3.827     188638         23  0.000e+00
          0      9.781      9.700   45.83446 -129.75840    18.3842    18.3828   4.296062   4.295665    32.1963    32.1941     2.9321     5.4375    5.42259     3.7924     0.2979    92.8242     -3.821     188639         23  0.000e+00
          0      9.781      9.700   45.83446 -129.75840    18.3838    18.3826   4.296102   4.295672    32.1969    32.1942     2.9321     5.4377    5.42261     3.7924     0.2979    92.8242     -3.816     188640         23  0.000e+00
          0      9.766      9.686   45.83446 -129.75840    18.3843    18.3829   4.296096   4.295700    32.1965    32.1942     2.9321     5.4379    5.42257     3.7314     0.2967    92.8504     -3.811     188641         23  0.000e+00
          0      9.840      9.759   45.83446 -129.75840    18.3838    18.3829   4.296089   4.295684    32.1968    32.1941     2.9321     5.4382    5.42261     3.7314     0.2945    92.9029     -3.816     188642         23  0.000e+00
          0      9.818      9.737   45.83446 -129.75840    18.3840    18.3829   4.296109   4.295653    32.1968    32.1938     2.9333     5.4412    5.42259     3.7314     0.2945    92.9029     -3.816     188643         23  0.000e+00
          0      9.781      9.700   45.83446 -129.75840    18.3838    18.3832   4.296122   4.295692    32.1971    32.1940     2.9333     5.4417    5.42260     3.7314     0.2945    92.9029     -3.816     188644         23  0.000e+00
          0      9.818      9.737   45.83446 -129.75840    18.3840    18.3831   4.296096   4.295731    32.1967    32.1943     2.9321     5.4390    5.42260     3.7314     0.2945    92.9029     -3.805     188645         23  0.000e+00
          0      9.840      9.759   45.83446 -129.75840    18.3838    18.3831   4.296089   4.295692    32.1968    32.1940     2.9321     5.4393    5.42261     3.7314     0.2956    92.8766     -3.811     188646         23  0.000e+00
          0      9.818      9.737   45.83446 -129.75840    18.3838    18.3830   4.296029   4.295700    32.1963    32.1942     2.9333     5.4426    5.42263     3.7314     0.2945    92.9029     -3.816     188647         23  0.000e+00
          0      9.892      9.811   45.83446 -129.75840    18.3835    18.3831   4.296069   4.295708    32.1968    32.1941     2.9333     5.4430    5.42264     3.7619     0.2945    92.9029     -3.816     188648         23  0.000e+00
          0      9.818      9.737   45.83446 -129.75840    18.3836    18.3829   4.296056   4.295661    32.1966    32.1939     2.9333     5.4432    5.42264     3.7314     0.2956    92.8766     -3.816     188649         23  0.000e+00
          0      9.892      9.811   45.83446 -129.75840    18.3833    18.3830   4.296049   4.295692    32.1968    32.1941     2.9333     5.4438    5.42266     3.7314     0.2956    92.8766     -3.827     188650         23  0.000e+00
          0      9.929      9.848   45.83446 -129.75840    18.3833    18.3828   4.296016   4.295661    32.1965    32.1940     2.9333     5.4442    5.42267     3.7314     0.2956    92.8766     -3.821     188651         23  0.000e+00
          0      9.729      9.649   45.83446 -129.75840    18.3833    18.3833   4.296036   4.295715    32.1968    32.1941     2.9333     5.4443    5.42267     3.7314     0.2956    92.8766     -3.821     188652         23  0.000e+00
          0      9.929      9.848   45.83446 -129.75840    18.3831    18.3837   4.296016   4.295715    32.1967    32.1937     2.9333     5.4448    5.42269     3.7314     0.2956    92.8766     -3.816     188653         23  0.000e+00
          0      9.944      9.863   45.83446 -129.75840    18.3830    18.3835   4.296069   4.295708    32.1972    32.1938     2.9333     5.4451    5.42269     3.7314     0.2956    92.8766     -3.816     188654         23  0.000e+00
          0      9.892      9.811   45.83446 -129.75840    18.3830    18.3833   4.296029   4.295708    32.1969    32.1940     2.9333     5.4454    5.42270     3.7314     0.2956    92.8766     -3.821     188655         23  0.000e+00
          0      9.929      9.848   45.83446 -129.75840    18.3831    18.3837   4.296069   4.295708    32.1971    32.1936     2.9333     5.4457    5.42267     3.7314     0.2967    92.8504     -3.827     188656         23  0.000e+00
          0      9.944      9.863   45.83446 -129.75840    18.3833    18.3835   4.296089   4.295731    32.1972    32.1940     2.9333     5.4460    5.42266     3.7314     0.2979    92.8242     -3.821     188657         23  0.000e+00
          0      9.929      9.848   45.83446 -129.75840    18.3836    18.3835   4.296109   4.295743    32.1971    32.1941     2.9345     5.4490    5.42262     3.7314     0.2967    92.8504     -3.816     188658         23  0.000e+00
          0      9.944      9.863   45.83446 -129.75840    18.3838    18.3838   4.296122   4.295790    32.1970    32.1942     2.9345     5.4493    5.42261     3.7314     0.2945    92.9029     -3.821     188659         23  0.000e+00
          0     10.041      9.958   45.83446 -129.75840    18.3840    18.3838   4.296175   4.295758    32.1973    32.1940     2.9345     5.4499    5.42258     3.7314     0.2933    92.9291     -3.816     188660         23  0.000e+00
          0      9.944      9.863   45.83446 -129.75840    18.3847    18.3840   4.296195   4.295766    32.1970    32.1939     2.9345     5.4502    5.42252     3.7314     0.2922    92.9553     -3.811     188661         23  0.000e+00
          0     10.041      9.958   45.83446 -129.75840    18.3847    18.3841   4.296248   4.295774    32.1974    32.1938     2.9345     5.4505    5.42251     3.7314     0.2922    92.9553     -3.805     188662         23  0.000e+00
          0     10.056      9.973   45.83446 -129.75840    18.3848    18.3842   4.296242   4.295774    32.1972    32.1938     2.9333     5.4480    5.42250     3.7314     0.2933    92.9291     -3.816     188663         23  0.000e+00
          0      9.982      9.900   45.83446 -129.75840    18.3850    18.3843   4.296235   4.295774    32.1970    32.1937     2.9345     5.4512    5.42248     3.7619     0.2933    92.9291     -3.827     188664         23  0.000e+00
          0     10.056      9.973   45.83446 -129.75840    18.3847    18.3847   4.296175   4.295821    32.1968    32.1938     2.9345     5.4515    5.42253     3.8535     0.2945    92.9029     -3.827     188665         23  0.000e+00
          0     10.093     10.010   45.83446 -129.75840    18.3848    18.3851   4.296162   4.295864    32.1965    32.1938     2.9345     5.4517    5.42252     3.8230     0.2956    92.8766     -3.816     188666         23  0.000e+00
          0     10.108     10.025   45.83446 -129.75840    18.3845    18.3850   4.296129   4.295895    32.1965    32.1941     2.9333     5.4490    5.42255     3.8230     0.2990    92.7979     -3.811     188667         23  0.000e+00
          0     10.093     10.010   45.83446 -129.75840    18.3845    18.3855   4.296149   4.295930    32.1967    32.1940     2.9333     5.4489    5.42255     3.8230     0.3080    92.5881     -3.811     188668         23  0.000e+00
          0     10.167     10.084   45.83446 -129.75840    18.3844    18.3857   4.296162   4.295938    32.1969    32.1939     2.9333     5.4489    5.42256     3.8230     0.3092    92.5619     -3.816     188669         23  0.000e+00
          0     10.153     10.069   45.83446 -129.75840    18.3844    18.3859   4.296162   4.295938    32.1969    32.1938     2.9345     5.4518    5.42256     3.8230     0.3058    92.6406     -3.827     188670         23  0.000e+00
          0     10.167     10.084   45.83446 -129.75840    18.3842    18.3860   4.296182   4.295985    32.1972    32.1940     2.9345     5.4518    5.42257     3.8230     0.3035    92.6930     -3.827     188671         23  0.000e+00
          0     10.205     10.121   45.83446 -129.75840    18.3840    18.3863   4.296116   4.296000    32.1967    32.1940     2.9345     5.4517    5.42260     3.8230     0.3024    92.7193     -3.821     188672         23  0.000e+00
          0     10.167     10.084   45.83446 -129.75840    18.3842    18.3860   4.296169   4.296028    32.1970    32.1944     2.9333     5.4488    5.42257     3.8230     0.3012    92.7455     -3.816     188673         23  0.000e+00
          0     10.272     10.187   45.83446 -129.75840    18.3840    18.3860   4.296142   4.295961    32.1969    32.1938     2.9333     5.4488    5.42259     3.8230     0.2990    92.7979     -3.821     188674         23  0.000e+00
          0     10.205     10.121   45.83446 -129.75840    18.3838    18.3857   4.296202   4.295985    32.1976    32.1943     2.9345     5.4513    5.42259     3.8230     0.2990    92.7979     -3.827     188675         23  0.000e+00
          0     10.272     10.187   45.83446 -129.75840    18.3842    18.3859   4.296149   4.295977    32.1968    32.1941     2.9345     5.4514    5.42258     3.8230     0.2967    92.8504     -3.816     188676         23  0.000e+00
          0     10.316     10.231   45.83446 -129.75840    18.3840    18.3859   4.296149   4.295993    32.1970    32.1942     2.9345     5.4514    5.42259     3.8230     0.2967    92.8504     -3.811     188677         23  0.000e+00
