TN407/CTD Data/TN-407_CTD-006.ros
* Sea-Bird SBE 9 Data File:
* FileName = C:\data\TN407\TN407_CTD_006hex.hex
* Software Version Seasave V 7.26.7.107
* Temperature SN = 2195
* Conductivity SN = 2903
* Number of Bytes Per Scan = 41
* Number of Voltage Words = 4
* Number of Scans Averaged by the Deck Unit = 1
* NMEA Latitude = 44 31.45 N
* NMEA Longitude = 125 22.52 W
* NMEA UTC (Time) = Aug 27 2022  07:31:33
* NMEA baud rate = 4800
** Cruise: TGT407
** Cast: 006
** Location: Oregon Offshore
** Date: 8-27-2022
** Water Depth: 2906
** Operator: JN
# nquan = 21
# nvalues = 2231                                  
# units = specified
# name 0 = modError: Modulo Error Count
# name 1 = prDM: Pressure, Digiquartz [db]
# name 2 = depSM: Depth [salt water, m]
# name 3 = latitude: Latitude [deg]
# name 4 = longitude: Longitude [deg]
# name 5 = t090C: Temperature [ITS-90, deg C]
# name 6 = t190C: Temperature, 2 [ITS-90, deg C]
# name 7 = c0S/m: Conductivity [S/m]
# name 8 = c1S/m: Conductivity, 2 [S/m]
# name 9 = sal00: Salinity, Practical [PSU]
# name 10 = sal11: Salinity, Practical, 2 [PSU]
# name 11 = sbeox0V: Oxygen raw, SBE 43 [V]
# name 12 = sbeox0ML/L: Oxygen, SBE 43 [ml/l]
# name 13 = oxsolML/L: Oxygen Saturation, Garcia & Gordon [ml/l]
# name 14 = flECO-AFL: Fluorescence, WET Labs ECO-AFL/FL [mg/m^3]
# name 15 = CStarAt0: Beam Attenuation, WET Labs C-Star [1/m]
# name 16 = CStarTr0: Beam Transmission, WET Labs C-Star [%]
# name 17 = ph: pH
# name 18 = scan: Scan Count
# name 19 = nbf: Bottles Fired
# name 20 = flag:  0.000e+00
# interval = seconds: 0.0416667
# start_time = Aug 27 2022 07:31:33 [NMEA time, header]
# bad_flag = -9.990e-29
*END*
[from data line 1035]
          0   1010.303    999.714   44.52424 -125.37534     3.8056     3.8067   3.231858   3.231860    34.3922    34.3912     0.5696     0.2218    7.30890     1.8694     0.0365    99.0925     -4.397     152888         11  0.000e+00
          0   1010.295    999.706   44.52424 -125.37534     3.8052     3.8068   3.231876   3.231887    34.3929    34.3914     0.5696     0.2218    7.30894     1.8694     0.0354    99.1187     -4.397     152889         11  0.000e+00
          0   1010.363    999.774   44.52424 -125.37534     3.8055     3.8067   3.231882   3.231887    34.3927    34.3915     0.5696     0.2219    7.30891     1.8694     0.0354    99.1187     -4.397     152890         11  0.000e+00
          0   1010.303    999.714   44.52424 -125.37534     3.8054     3.8068   3.231864   3.231891    34.3926    34.3915     0.5696     0.2228    7.30893     1.8694     0.0365    99.0925     -4.386     152891         11  0.000e+00
          0   1010.303    999.714   44.52424 -125.37534     3.8055     3.8065   3.231858   3.231887    34.3924    34.3916     0.5696     0.2228    7.30892     1.8694     0.0365    99.0925     -4.391     152892         11  0.000e+00
          0   1010.363    999.774   44.52424 -125.37534     3.8054     3.8066   3.231899   3.231873    34.3930    34.3914     0.5696     0.2229    7.30891     1.8999     0.0365    99.0925     -4.397     152893         11  0.000e+00
          0   1010.363    999.774   44.52424 -125.37534     3.8055     3.8067   3.231894   3.231870    34.3928    34.3913     0.5696     0.2221    7.30890     1.8694     0.0365    99.0925     -4.402     152894         11  0.000e+00
          0   1010.348    999.759   44.52424 -125.37534     3.8053     3.8067   3.231888   3.231860    34.3929    34.3911     0.5683     0.2170    7.30893     1.8999     0.0365    99.0925     -4.397     152895         11  0.000e+00
          0   1010.363    999.774   44.52424 -125.37534     3.8057     3.8068   3.231864   3.231884    34.3922    34.3913     0.5696     0.2214    7.30889     1.8694     0.0365    99.0925     -4.391     152896         11  0.000e+00
          0   1010.364    999.774   44.52424 -125.37534     3.8055     3.8068   3.231852   3.231925    34.3923    34.3917     0.5696     0.2215    7.30893     1.8694     0.0354    99.1187     -4.391     152897         11  0.000e+00
          0   1010.364    999.774   44.52424 -125.37534     3.8055     3.8071   3.231876   3.231921    34.3925    34.3915     0.5683     0.2155    7.30890     1.8694     0.0365    99.0925     -4.391     152898         11  0.000e+00
          0   1010.417    999.826   44.52424 -125.37534     3.8056     3.8070   3.231929   3.231918    34.3930    34.3915     0.5696     0.2191    7.30886     1.8694     0.0365    99.0925     -4.391     152899         11  0.000e+00
          0   1010.409    999.819   44.52424 -125.37534     3.8055     3.8071   3.231899   3.231928    34.3928    34.3915     0.5708     0.2243    7.30889     1.8694     0.0365    99.0925     -4.391     152900         11  0.000e+00
          0   1010.417    999.826   44.52424 -125.37534     3.8058     3.8071   3.231864   3.231921    34.3921    34.3914     0.5708     0.2251    7.30888     1.8694     0.0354    99.1187     -4.391     152901         11  0.000e+00
          0   1010.417    999.826   44.52424 -125.37534     3.8057     3.8072   3.231876   3.231928    34.3923    34.3914     0.5696     0.2207    7.30888     1.8694     0.0354    99.1187     -4.391     152902         11  0.000e+00
          0   1010.417    999.826   44.52424 -125.37534     3.8055     3.8070   3.231905   3.231921    34.3929    34.3915     0.5696     0.2207    7.30890     1.8694     0.0354    99.1187     -4.391     152903         11  0.000e+00
          0   1010.417    999.826   44.52424 -125.37534     3.8057     3.8074   3.231888   3.231918    34.3925    34.3911     0.5696     0.2207    7.30888     1.8694     0.0365    99.0925     -4.397     152904         11  0.000e+00
          0   1010.462    999.871   44.52424 -125.37534     3.8055     3.8071   3.231882   3.231911    34.3926    34.3912     0.5708     0.2258    7.30891     1.8694     0.0365    99.0925     -4.402     152905         11  0.000e+00
          0   1010.417    999.826   44.52424 -125.37534     3.8059     3.8071   3.231905   3.231915    34.3925    34.3914     0.5696     0.2214    7.30885     1.8694     0.0365    99.0925     -4.402     152906         11  0.000e+00
          0   1010.477    999.886   44.52424 -125.37534     3.8058     3.8074   3.231917   3.231949    34.3927    34.3914     0.5696     0.2213    7.30885     1.8694     0.0354    99.1187     -4.391     152907         11  0.000e+00
          0   1010.477    999.886   44.52424 -125.37534     3.8059     3.8072   3.231917   3.231928    34.3926    34.3913     0.5696     0.2212    7.30884     1.9304     0.0375    99.0662     -4.385     152908         11  0.000e+00
          0   1010.477    999.886   44.52424 -125.37534     3.8056     3.8071   3.231894   3.231918    34.3926    34.3913     0.5696     0.2212    7.30888     1.9304     0.0386    99.0400     -4.385     152909         11  0.000e+00
          0   1010.462    999.871   44.52424 -125.37534     3.8057     3.8072   3.231888   3.231949    34.3925    34.3916     0.5696     0.2211    7.30888     1.9304     0.0386    99.0400     -4.391     152910         11  0.000e+00
          0   1010.530    999.939   44.52424 -125.37534     3.8056     3.8075   3.231905   3.231949    34.3927    34.3913     0.5696     0.2210    7.30888     1.9304     0.0375    99.0662     -4.397     152911         11  0.000e+00
          0   1010.478    999.886   44.52424 -125.37534     3.8057     3.8075   3.231894   3.231956    34.3925    34.3914     0.5696     0.2210    7.30888     1.8999     0.0386    99.0400     -4.397     152912         11  0.000e+00
          0   1010.531    999.939   44.52424 -125.37534     3.8056     3.8078   3.231888   3.231986    34.3925    34.3914     0.5696     0.2209    7.30889     1.9304     0.0386    99.0400     -4.397     152913         11  0.000e+00
          0   1010.531    999.939   44.52424 -125.37534     3.8055     3.8080   3.231888   3.231976    34.3926    34.3911     0.5683     0.2157    7.30890     1.9304     0.0386    99.0400     -4.397     152914         11  0.000e+00
          0   1010.478    999.886   44.52424 -125.37534     3.8058     3.8077   3.231905   3.232000    34.3926    34.3917     0.5696     0.2200    7.30886     1.9304     0.0375    99.0662     -4.391     152915         11  0.000e+00
          0   1010.629   1000.036   44.52424 -125.37534     3.8058     3.8075   3.231917   3.231963    34.3927    34.3914     0.5708     0.2251    7.30886     1.9304     0.0375    99.0662     -4.391     152916         11  0.000e+00
          0   1010.531    999.939   44.52424 -125.37534     3.8057     3.8074   3.231917   3.231935    34.3928    34.3912     0.5696     0.2207    7.30886     1.8999     0.0365    99.0925     -4.391     152917         11  0.000e+00
          0   1010.591    999.999   44.52424 -125.37534     3.8058     3.8068   3.231911   3.231904    34.3926    34.3914     0.5696     0.2206    7.30886     1.9304     0.0365    99.0925     -4.385     152918         11  0.000e+00
          0   1010.591    999.999   44.52424 -125.37534     3.8059     3.8071   3.231911   3.231932    34.3925    34.3915     0.5696     0.2206    7.30885     1.9304     0.0365    99.0925     -4.385     152919         11  0.000e+00
          0   1010.323    999.733   44.52424 -125.37536     3.8079     3.8095   3.232065   3.232069    34.3923    34.3907     0.5696     0.2212    7.30849     1.9304     0.0365    99.0925     -4.391     153542         12  0.000e+00
          0   1010.368    999.778   44.52424 -125.37536     3.8079     3.8094   3.232042   3.232103    34.3920    34.3911     0.5696     0.2215    7.30851     1.9304     0.0365    99.0925     -4.391     153543         12  0.000e+00
          0   1010.323    999.734   44.52424 -125.37536     3.8079     3.8094   3.232036   3.232099    34.3919    34.3912     0.5696     0.2219    7.30851     1.9304     0.0354    99.1187     -4.391     153544         12  0.000e+00
          0   1010.383    999.793   44.52424 -125.37536     3.8079     3.8093   3.232054   3.232089    34.3922    34.3911     0.5696     0.2222    7.30850     1.8999     0.0354    99.1187     -4.391     153545         12  0.000e+00
          0   1010.323    999.734   44.52424 -125.37536     3.8078     3.8095   3.232036   3.232093    34.3921    34.3910     0.5683     0.2174    7.30853     1.9304     0.0365    99.0925     -4.397     153546         12  0.000e+00
          0   1010.383    999.793   44.52424 -125.37536     3.8081     3.8093   3.232054   3.232089    34.3920    34.3911     0.5696     0.2221    7.30848     1.9304     0.0365    99.0925     -4.397     153547         12  0.000e+00
          0   1010.383    999.793   44.52424 -125.37536     3.8078     3.8094   3.232065   3.232055    34.3924    34.3906     0.5696     0.2216    7.30851     1.9304     0.0365    99.0925     -4.391     153548         12  0.000e+00
          0   1010.315    999.726   44.52424 -125.37536     3.8079     3.8094   3.232065   3.232065    34.3923    34.3908     0.5696     0.2220    7.30849     1.9304     0.0365    99.0925     -4.380     153549         12  0.000e+00
          0   1010.383    999.793   44.52424 -125.37536     3.8081     3.8094   3.232083   3.232103    34.3923    34.3911     0.5696     0.2223    7.30846     1.8999     0.0365    99.0925     -4.397     153550         12  0.000e+00
          0   1010.384    999.793   44.52424 -125.37536     3.8079     3.8095   3.232071   3.232117    34.3924    34.3912     0.5696     0.2227    7.30849     1.8999     0.0365    99.0925     -4.402     153551         12  0.000e+00
          0   1010.384    999.794   44.52424 -125.37536     3.8079     3.8094   3.232065   3.232082    34.3923    34.3909     0.5696     0.2230    7.30849     1.8999     0.0365    99.0925     -4.402     153552         12  0.000e+00
          0   1010.384    999.794   44.52424 -125.37536     3.8083     3.8094   3.232060   3.232082    34.3918    34.3910     0.5683     0.2182    7.30845     1.9304     0.0365    99.0925     -4.385     153553         12  0.000e+00
          0   1010.368    999.779   44.52424 -125.37536     3.8081     3.8093   3.232060   3.232075    34.3921    34.3910     0.5696     0.2229    7.30848     1.9304     0.0365    99.0925     -4.374     153554         12  0.000e+00
          0   1010.384    999.794   44.52424 -125.37536     3.8081     3.8091   3.232065   3.232062    34.3921    34.3910     0.5696     0.2224    7.30847     1.8999     0.0354    99.1187     -4.374     153555         12  0.000e+00
          0   1010.384    999.794   44.52424 -125.37536     3.8077     3.8093   3.232042   3.232069    34.3922    34.3909     0.5683     0.2167    7.30853     1.8999     0.0354    99.1187     -4.391     153556         12  0.000e+00
          0   1010.437    999.846   44.52424 -125.37536     3.8078     3.8094   3.232054   3.232072    34.3923    34.3908     0.5683     0.2154    7.30852     1.9304     0.0365    99.0925     -4.397     153557         12  0.000e+00
          0   1010.384    999.794   44.52424 -125.37536     3.8079     3.8094   3.232042   3.232082    34.3920    34.3909     0.5696     0.2201    7.30851     1.9304     0.0365    99.0925     -4.391     153558         12  0.000e+00
          0   1010.429    999.839   44.52424 -125.37536     3.8079     3.8092   3.232054   3.232076    34.3921    34.3910     0.5696     0.2204    7.30850     1.9304     0.0365    99.0925     -4.385     153559         12  0.000e+00
          0   1010.437    999.846   44.52424 -125.37536     3.8081     3.8094   3.232060   3.232082    34.3920    34.3909     0.5696     0.2208    7.30848     1.8999     0.0365    99.0925     -4.397     153560         12  0.000e+00
          0   1010.437    999.846   44.52424 -125.37536     3.8077     3.8092   3.232060   3.232076    34.3925    34.3910     0.5696     0.2211    7.30853     1.8999     0.0354    99.1187     -4.402     153561         12  0.000e+00
          0   1010.437    999.846   44.52424 -125.37536     3.8081     3.8093   3.232065   3.232072    34.3921    34.3909     0.5683     0.2163    7.30848     1.9304     0.0365    99.0925     -4.391     153562         12  0.000e+00
          0   1010.437    999.846   44.52424 -125.37536     3.8079     3.8091   3.232065   3.232082    34.3922    34.3913     0.5683     0.2150    7.30849     1.9304     0.0365    99.0925     -4.380     153563         12  0.000e+00
          0   1010.482    999.891   44.52424 -125.37536     3.8081     3.8093   3.232065   3.232076    34.3921    34.3909     0.5696     0.2197    7.30848     1.9304     0.0365    99.0925     -4.385     153564         12  0.000e+00
          0   1010.497    999.906   44.52424 -125.37536     3.8079     3.8094   3.232083   3.232082    34.3924    34.3909     0.5696     0.2201    7.30848     1.9304     0.0365    99.0925     -4.391     153565         12  0.000e+00
          0   1010.497    999.906   44.52424 -125.37536     3.8081     3.8092   3.232071   3.232093    34.3922    34.3912     0.5696     0.2205    7.30847     1.8999     0.0354    99.1187     -4.397     153566         12  0.000e+00
          0   1010.497    999.906   44.52424 -125.37536     3.8079     3.8094   3.232065   3.232096    34.3922    34.3910     0.5696     0.2200    7.30849     1.9304     0.0354    99.1187     -4.397     153567         12  0.000e+00
          0   1010.550    999.958   44.52424 -125.37536     3.8077     3.8092   3.232060   3.232089    34.3923    34.3911     0.5696     0.2195    7.30853     1.8999     0.0354    99.1187     -4.402     153568         12  0.000e+00
          0   1010.550    999.958   44.52424 -125.37536     3.8077     3.8093   3.232018   3.232076    34.3919    34.3909     0.5696     0.2189    7.30856     1.9304     0.0354    99.1187     -4.408     153569         12  0.000e+00
          0   1010.535    999.943   44.52424 -125.37536     3.8073     3.8092   3.232006   3.232062    34.3921    34.3908     0.5683     0.2141    7.30861     1.9304     0.0354    99.1187     -4.397     153570         12  0.000e+00
          0   1010.551    999.958   44.52424 -125.37536     3.8073     3.8091   3.232024   3.232086    34.3924    34.3912     0.5696     0.2187    7.30860     1.9304     0.0365    99.0925     -4.391     153571         12  0.000e+00
          0   1010.551    999.958   44.52424 -125.37536     3.8072     3.8092   3.232012   3.232096    34.3924    34.3912     0.5696     0.2199    7.30862     1.8999     0.0354    99.1187     -4.397     153572         12  0.000e+00
          0   1010.611   1000.018   44.52424 -125.37536     3.8073     3.8094   3.232006   3.232089    34.3921    34.3909     0.5696     0.2202    7.30861     1.8999     0.0354    99.1187     -4.397     153573         12  0.000e+00
          0   1010.611   1000.018   44.52424 -125.37536     3.8070     3.8092   3.231983   3.232093    34.3921    34.3911     0.5683     0.2145    7.30866     1.8999     0.0354    99.1187     -4.391     153574         12  0.000e+00
          0   1010.596   1000.003   44.52424 -125.37536     3.8068     3.8094   3.232012   3.232106    34.3927    34.3911     0.5696     0.2192    7.30867     1.9304     0.0354    99.1187     -4.391     153575         12  0.000e+00
          0   1010.664   1000.070   44.52424 -125.37536     3.8069     3.8094   3.232012   3.232100    34.3926    34.3910     0.5696     0.2196    7.30866     1.9304     0.0365    99.0925     -4.385     153576         12  0.000e+00
          0   1010.611   1000.018   44.52424 -125.37536     3.8071     3.8094   3.232024   3.232096    34.3925    34.3909     0.5696     0.2199    7.30863     1.9304     0.0365    99.0925     -4.397     153577         12  0.000e+00
