TN407/CTD Data/TN-407_CTD-007.ros
* Sea-Bird SBE 9 Data File:
* FileName = C:\data\TN407\TN407_CTD_007hex.hex
* Software Version Seasave V 7.26.7.107
* Temperature SN = 2195
* Conductivity SN = 2903
* Number of Bytes Per Scan = 41
* Number of Voltage Words = 4
* Number of Scans Averaged by the Deck Unit = 1
* NMEA Latitude = 45 50.06 N
* NMEA Longitude = 129 45.50 W
* NMEA UTC (Time) = Aug 28 2022  17:26:38
* NMEA baud rate = 4800
** Cruise: TGT407
** Cast: 007
** Location: Axial Base
** Date: 8-28-2022
** Water Depth: 2604
** Operator: MW
# nquan = 21
# nvalues = 2328                                  
# units = specified
# name 0 = modError: Modulo Error Count
# name 1 = prDM: Pressure, Digiquartz [db]
# name 2 = depSM: Depth [salt water, m]
# name 3 = latitude: Latitude [deg]
# name 4 = longitude: Longitude [deg]
# name 5 = t090C: Temperature [ITS-90, deg C]
# name 6 = t190C: Temperature, 2 [ITS-90, deg C]
# name 7 = c0S/m: Conductivity [S/m]
# name 8 = c1S/m: Conductivity, 2 [S/m]
# name 9 = sal00: Salinity, Practical [PSU]
# name 10 = sal11: Salinity, Practical, 2 [PSU]
# name 11 = sbeox0V: Oxygen raw, SBE 43 [V]
# name 12 = sbeox0ML/L: Oxygen, SBE 43 [ml/l]
# name 13 = oxsolML/L: Oxygen Saturation, Garcia & Gordon [ml/l]
# name 14 = flECO-AFL: Fluorescence, WET Labs ECO-AFL/FL [mg/m^3]
# name 15 = CStarAt0: Beam Attenuation, WET Labs C-Star [1/m]
# name 16 = CStarTr0: Beam Transmission, WET Labs C-Star [%]
# name 17 = ph: pH
# name 18 = scan: Scan Count
# name 19 = nbf: Bottles Fired
# name 20 = flag:  0.000e+00
# interval = seconds: 0.0416667
# start_time = Aug 28 2022 17:26:38 [NMEA time, header]
# bad_flag = -9.990e-29
*END*
[from data line 759]
          0   2026.721   2000.425   45.83446 -129.75838     1.9446     1.9470   3.127234   3.127260    34.5864    34.5841     0.8197     1.3306    7.64297     1.8083     0.0270    99.3285     -4.474     105493          8  0.000e+00
          0   2026.721   2000.425   45.83446 -129.75838     1.9444     1.9472   3.127222   3.127281    34.5864    34.5841     0.8185     1.3256    7.64300     1.8083     0.0270    99.3285     -4.474     105494          8  0.000e+00
          0   2026.783   2000.486   45.83446 -129.75838     1.9447     1.9470   3.127234   3.127281    34.5862    34.5843     0.8197     1.3312    7.64295     1.8083     0.0270    99.3285     -4.474     105495          8  0.000e+00
          0   2026.776   2000.478   45.83446 -129.75838     1.9446     1.9469   3.127222   3.127270    34.5862    34.5843     0.8185     1.3263    7.64298     1.8388     0.0270    99.3285     -4.474     105496          8  0.000e+00
          0   2026.837   2000.539   45.83446 -129.75838     1.9446     1.9471   3.127234   3.127277    34.5863    34.5841     0.8197     1.3333    7.64297     1.8083     0.0270    99.3285     -4.480     105497          8  0.000e+00
          0   2026.837   2000.539   45.83446 -129.75838     1.9446     1.9467   3.127245   3.127260    34.5865    34.5843     0.8185     1.3270    7.64297     1.8388     0.0270    99.3285     -4.468     105498          8  0.000e+00
          0   2026.837   2000.539   45.83446 -129.75838     1.9446     1.9470   3.127222   3.127281    34.5862    34.5843     0.8197     1.3340    7.64298     1.8083     0.0270    99.3285     -4.468     105499          8  0.000e+00
          0   2026.899   2000.599   45.83446 -129.75838     1.9447     1.9472   3.127257   3.127301    34.5864    34.5843     0.8185     1.3277    7.64294     1.8388     0.0270    99.3285     -4.474     105500          8  0.000e+00
          0   2026.961   2000.660   45.83446 -129.75838     1.9444     1.9470   3.127275   3.127294    34.5869    34.5844     0.8185     1.3267    7.64297     1.8388     0.0270    99.3285     -4.474     105501          8  0.000e+00
          0   2026.899   2000.599   45.83446 -129.75838     1.9447     1.9470   3.127251   3.127264    34.5863    34.5840     0.8185     1.3257    7.64294     1.8083     0.0270    99.3285     -4.474     105502          8  0.000e+00
          0   2026.961   2000.660   45.83446 -129.75838     1.9444     1.9473   3.127245   3.127264    34.5866    34.5837     0.8197     1.3314    7.64299     1.8083     0.0270    99.3285     -4.468     105503          8  0.000e+00
          0   2027.015   2000.713   45.83446 -129.75838     1.9446     1.9470   3.127245   3.127298    34.5864    34.5844     0.8185     1.3250    7.64297     1.8083     0.0270    99.3285     -4.474     105504          8  0.000e+00
          0   2026.961   2000.660   45.83446 -129.75838     1.9447     1.9471   3.127263   3.127308    34.5864    34.5844     0.8197     1.3306    7.64294     1.8083     0.0270    99.3285     -4.468     105505          8  0.000e+00
          0   2027.076   2000.774   45.83446 -129.75838     1.9446     1.9469   3.127275   3.127277    34.5867    34.5842     0.8185     1.3242    7.64295     1.8388     0.0270    99.3285     -4.463     105506          8  0.000e+00
          0   2027.007   2000.706   45.83446 -129.75838     1.9446     1.9471   3.127251   3.127277    34.5864    34.5840     0.8197     1.3311    7.64297     1.8694     0.0270    99.3285     -4.463     105507          8  0.000e+00
          0   2027.076   2000.774   45.83446 -129.75838     1.9446     1.9470   3.127263   3.127287    34.5866    34.5842     0.8185     1.3261    7.64296     1.8694     0.0270    99.3285     -4.474     105508          8  0.000e+00
          0   2027.076   2000.774   45.83446 -129.75838     1.9446     1.9470   3.127251   3.127264    34.5864    34.5840     0.8197     1.3330    7.64297     1.8999     0.0270    99.3285     -4.468     105509          8  0.000e+00
          0   1537.420   1519.220   45.83446 -129.75840     2.3423     2.3440   3.136462   3.136476    34.5197    34.5181     0.6832     0.6923    7.57063     1.8694     0.0270    99.3285     -4.463     122882          9  0.000e+00
          0   1537.412   1519.213   45.83446 -129.75840     2.3422     2.3440   3.136438   3.136425    34.5196    34.5175     0.6832     0.6925    7.57066     1.8694     0.0270    99.3285     -4.457     122883          9  0.000e+00
          0   1537.367   1519.168   45.83446 -129.75840     2.3423     2.3439   3.136409   3.136462    34.5191    34.5181     0.6832     0.6926    7.57066     1.8388     0.0270    99.3285     -4.452     122884          9  0.000e+00
          0   1537.351   1519.153   45.83446 -129.75840     2.3419     2.3439   3.136432   3.136442    34.5198    34.5179     0.6832     0.6928    7.57070     1.8388     0.0270    99.3285     -4.457     122885          9  0.000e+00
          0   1537.367   1519.168   45.83446 -129.75840     2.3422     2.3439   3.136409   3.136452    34.5192    34.5180     0.6832     0.6929    7.57068     1.8388     0.0270    99.3285     -4.457     122886          9  0.000e+00
          0   1537.351   1519.153   45.83446 -129.75840     2.3420     2.3440   3.136380   3.136439    34.5191    34.5177     0.6832     0.6930    7.57072     1.8388     0.0270    99.3285     -4.457     122887          9  0.000e+00
          0   1537.306   1519.108   45.83446 -129.75840     2.3419     2.3442   3.136415   3.136452    34.5196    34.5177     0.6820     0.6872    7.57071     1.8388     0.0270    99.3285     -4.452     122888          9  0.000e+00
          0   1537.298   1519.100   45.83446 -129.75840     2.3419     2.3440   3.136409   3.136476    34.5196    34.5181     0.6832     0.6923    7.57071     1.8388     0.0270    99.3285     -4.452     122889          9  0.000e+00
          0   1537.306   1519.108   45.83446 -129.75840     2.3418     2.3440   3.136386   3.136462    34.5194    34.5180     0.6832     0.6924    7.57074     1.8388     0.0270    99.3285     -4.452     122890          9  0.000e+00
          0   1537.298   1519.100   45.83446 -129.75840     2.3417     2.3439   3.136374   3.136439    34.5193    34.5178     0.6820     0.6867    7.57076     1.8388     0.0270    99.3285     -4.457     122891          9  0.000e+00
          0   1537.306   1519.108   45.83446 -129.75840     2.3417     2.3436   3.136374   3.136412    34.5193    34.5178     0.6820     0.6858    7.57076     1.8694     0.0270    99.3285     -4.452     122892          9  0.000e+00
          0   1537.237   1519.040   45.83446 -129.75840     2.3418     2.3436   3.136391   3.136446    34.5195    34.5183     0.6820     0.6850    7.57073     1.8388     0.0270    99.3285     -4.440     122893          9  0.000e+00
          0   1537.252   1519.055   45.83446 -129.75840     2.3419     2.3433   3.136409   3.136364    34.5196    34.5176     0.6820     0.6842    7.57071     1.8388     0.0270    99.3285     -4.446     122894          9  0.000e+00
          0   1537.237   1519.040   45.83446 -129.75840     2.3417     2.3432   3.136403   3.136405    34.5197    34.5182     0.6832     0.6894    7.57074     1.8388     0.0270    99.3285     -4.457     122895          9  0.000e+00
          0   1537.191   1518.995   45.83446 -129.75840     2.3415     2.3430   3.136380   3.136395    34.5196    34.5182     0.6820     0.6838    7.57078     1.8388     0.0270    99.3285     -4.457     122896          9  0.000e+00
          0   1537.237   1519.040   45.83446 -129.75840     2.3417     2.3433   3.136415   3.136385    34.5199    34.5179     0.6832     0.6891    7.57073     1.8388     0.0270    99.3285     -4.446     122897          9  0.000e+00
          0   1537.191   1518.995   45.83446 -129.75840     2.3416     2.3433   3.136432   3.136385    34.5202    34.5178     0.6832     0.6895    7.57073     1.8388     0.0270    99.3285     -4.440     122898          9  0.000e+00
          0   1537.184   1518.988   45.83446 -129.75840     2.3418     2.3430   3.136415   3.136364    34.5198    34.5179     0.6832     0.6911    7.57071     1.8694     0.0270    99.3285     -4.446     122899          9  0.000e+00
          0   1537.192   1518.995   45.83446 -129.75840     2.3417     2.3429   3.136380   3.136395    34.5195    34.5184     0.6832     0.6927    7.57075     1.8388     0.0270    99.3285     -4.452     122900          9  0.000e+00
          0   1537.184   1518.988   45.83446 -129.75840     2.3417     2.3429   3.136391   3.136408    34.5196    34.5186     0.6832     0.6932    7.57074     1.8388     0.0270    99.3285     -4.446     122901          9  0.000e+00
          0   1537.131   1518.935   45.83446 -129.75840     2.3418     2.3430   3.136421   3.136371    34.5199    34.5180     0.6832     0.6936    7.57071     1.8388     0.0270    99.3285     -4.446     122902          9  0.000e+00
          0   1537.123   1518.928   45.83446 -129.75840     2.3416     2.3433   3.136397   3.136378    34.5198    34.5178     0.6832     0.6941    7.57075     1.8388     0.0270    99.3285     -4.452     122903          9  0.000e+00
          0   1537.131   1518.935   45.83446 -129.75840     2.3416     2.3430   3.136397   3.136364    34.5198    34.5179     0.6832     0.6946    7.57076     1.8388     0.0280    99.3023     -4.457     122904          9  0.000e+00
          0   1537.123   1518.928   45.83446 -129.75840     2.3417     2.3430   3.136403   3.136405    34.5198    34.5184     0.6832     0.6951    7.57074     1.8694     0.0280    99.3023     -4.457     122905          9  0.000e+00
          0   1537.131   1518.935   45.83446 -129.75840     2.3416     2.3433   3.136380   3.136375    34.5196    34.5178     0.6832     0.6956    7.57077     1.8388     0.0280    99.3023     -4.440     122906          9  0.000e+00
          0   1537.123   1518.928   45.83446 -129.75840     2.3416     2.3430   3.136350   3.136378    34.5193    34.5181     0.6832     0.6961    7.57078     1.8388     0.0270    99.3285     -4.435     122907          9  0.000e+00
          0   1537.131   1518.936   45.83446 -129.75840     2.3414     2.3430   3.136397   3.136402    34.5201    34.5184     0.6832     0.6966    7.57079     1.8694     0.0270    99.3285     -4.452     122908          9  0.000e+00
          0   1537.123   1518.928   45.83446 -129.75840     2.3417     2.3433   3.136380   3.136388    34.5195    34.5180     0.6844     0.7020    7.57075     1.8694     0.0270    99.3285     -4.469     122909          9  0.000e+00
          0   1537.131   1518.936   45.83446 -129.75840     2.3416     2.3430   3.136350   3.136402    34.5193    34.5184     0.6832     0.6964    7.57078     1.8694     0.0270    99.3285     -4.469     122910          9  0.000e+00
          0   1537.070   1518.876   45.83446 -129.75840     2.3417     2.3430   3.136385   3.136351    34.5197    34.5178     0.6832     0.6956    7.57075     1.8694     0.0270    99.3285     -4.457     122911          9  0.000e+00
          0   1537.131   1518.936   45.83446 -129.75840     2.3417     2.3429   3.136409   3.136354    34.5198    34.5179     0.6832     0.6959    7.57073     1.8694     0.0270    99.3285     -4.452     122912          9  0.000e+00
          0   1537.070   1518.876   45.83446 -129.75840     2.3416     2.3429   3.136380   3.136378    34.5196    34.5183     0.6832     0.6962    7.57076     1.8694     0.0270    99.3285     -4.452     122913          9  0.000e+00
          0   1537.131   1518.936   45.83446 -129.75840     2.3418     2.3430   3.136391   3.136385    34.5195    34.5182     0.6832     0.6965    7.57073     1.8694     0.0270    99.3285     -4.457     122914          9  0.000e+00
          0   1537.070   1518.876   45.83446 -129.75840     2.3417     2.3430   3.136403   3.136364    34.5198    34.5179     0.6832     0.6969    7.57073     1.8694     0.0270    99.3285     -4.457     122915          9  0.000e+00
          0   1537.131   1518.936   45.83446 -129.75840     2.3417     2.3429   3.136421   3.136361    34.5200    34.5180     0.6832     0.6972    7.57072     1.8694     0.0270    99.3285     -4.452     122916          9  0.000e+00
          0   1537.070   1518.876   45.83446 -129.75840     2.3420     2.3433   3.136415   3.136361    34.5196    34.5177     0.6820     0.6915    7.57069     1.8694     0.0270    99.3285     -4.446     122917          9  0.000e+00
          0   1537.131   1518.936   45.83446 -129.75840     2.3419     2.3429   3.136403   3.136361    34.5196    34.5180     0.6832     0.6968    7.57071     1.8999     0.0270    99.3285     -4.452     122918          9  0.000e+00
          0   1537.124   1518.928   45.83446 -129.75840     2.3421     2.3433   3.136421   3.136378    34.5196    34.5178     0.6832     0.6971    7.57068     1.8999     0.0270    99.3285     -4.457     122919          9  0.000e+00
          0   1537.078   1518.883   45.83446 -129.75840     2.3420     2.3433   3.136432   3.136402    34.5199    34.5181     0.6832     0.6975    7.57068     1.8999     0.0280    99.3023     -4.457     122920          9  0.000e+00
          0   1537.124   1518.929   45.83446 -129.75840     2.3422     2.3436   3.136415   3.136425    34.5194    34.5181     0.6832     0.6979    7.57067     1.8694     0.0280    99.3023     -4.452     122921          9  0.000e+00
          0   1537.131   1518.936   45.83446 -129.75840     2.3419     2.3437   3.136427   3.136412    34.5199    34.5178     0.6832     0.6982    7.57070     1.8999     0.0270    99.3285     -4.452     122922          9  0.000e+00
          0   1537.124   1518.929   45.83446 -129.75840     2.3420     2.3437   3.136409   3.136425    34.5195    34.5179     0.6832     0.6986    7.57069     1.8694     0.0270    99.3285     -4.452     122923          9  0.000e+00
          0   1537.131   1518.936   45.83446 -129.75840     2.3422     2.3439   3.136468   3.136412    34.5201    34.5176     0.6832     0.6989    7.57063     1.8999     0.0270    99.3285     -4.457     122924          9  0.000e+00
          0   1537.185   1518.989   45.83446 -129.75840     2.3422     2.3440   3.136444   3.136446    34.5198    34.5178     0.6832     0.6993    7.57065     1.8694     0.0270    99.3285     -4.452     122925          9  0.000e+00
          0   1537.131   1518.936   45.83446 -129.75840     2.3421     2.3440   3.136415   3.136418    34.5195    34.5175     0.6832     0.6997    7.57067     1.8694     0.0270    99.3285     -4.452     122926          9  0.000e+00
          0   1537.238   1519.042   45.83446 -129.75840     2.3422     2.3442   3.136450   3.136446    34.5198    34.5176     0.6832     0.7000    7.57065     1.8694     0.0270    99.3285     -4.452     122927          9  0.000e+00
          0   1537.131   1518.936   45.83446 -129.75840     2.3423     2.3442   3.136462   3.136459    34.5198    34.5178     0.6832     0.6993    7.57061     1.8999     0.0280    99.3023     -4.463     122928          9  0.000e+00
          0   1537.185   1518.989   45.83446 -129.75840     2.3423     2.3443   3.136438   3.136439    34.5196    34.5174     0.6832     0.6984    7.57064     1.8694     0.0270    99.3285     -4.469     122929          9  0.000e+00
          0   1537.193   1518.997   45.83446 -129.75840     2.3422     2.3442   3.136450   3.136469    34.5198    34.5179     0.6832     0.6987    7.57065     1.8694     0.0270    99.3285     -4.463     122930          9  0.000e+00
          0   1537.239   1519.042   45.83446 -129.75840     2.3421     2.3443   3.136444   3.136462    34.5199    34.5177     0.6832     0.6990    7.57067     1.9304     0.0280    99.3023     -4.463     122931          9  0.000e+00
          0   1537.254   1519.057   45.83446 -129.75840     2.3423     2.3445   3.136456   3.136439    34.5197    34.5172     0.6832     0.6993    7.57063     1.9304     0.0280    99.3023     -4.469     122932          9  0.000e+00
