TN407/CTD Data/TN-407_CTD-004.ros
* Sea-Bird SBE 9 Data File:
* FileName = C:\data\TN407\TN407_CTD_004hex.hex
* Software Version Seasave V 7.26.7.107
* Temperature SN = 2195
* Conductivity SN = 2903
* Number of Bytes Per Scan = 41
* Number of Voltage Words = 4
* Number of Scans Averaged by the Deck Unit = 1
* NMEA Latitude = 44 22.43 N
* NMEA Longitude = 124 57.10 W
* NMEA UTC (Time) = Aug 23 2022  10:41:06
* NMEA baud rate = 4800
** Cruise: TGT407
** Cast: 004
** Location: Oregon Offshore
** Date: 8-22-2022
** Water Depth: 569
** Operator: JN
# nquan = 21
# nvalues = 2328                                  
# units = specified
# name 0 = modError: Modulo Error Count
# name 1 = prDM: Pressure, Digiquartz [db]
# name 2 = depSM: Depth [salt water, m]
# name 3 = latitude: Latitude [deg]
# name 4 = longitude: Longitude [deg]
# name 5 = t090C: Temperature [ITS-90, deg C]
# name 6 = t190C: Temperature, 2 [ITS-90, deg C]
# name 7 = c0S/m: Conductivity [S/m]
# name 8 = c1S/m: Conductivity, 2 [S/m]
# name 9 = sal00: Salinity, Practical [PSU]
# name 10 = sal11: Salinity, Practical, 2 [PSU]
# name 11 = sbeox0V: Oxygen raw, SBE 43 [V]
# name 12 = sbeox0ML/L: Oxygen, SBE 43 [ml/l]
# name 13 = oxsolML/L: Oxygen Saturation, Garcia & Gordon [ml/l]
# name 14 = flECO-AFL: Fluorescence, WET Labs ECO-AFL/FL [mg/m^3]
# name 15 = CStarAt0: Beam Attenuation, WET Labs C-Star [1/m]
# name 16 = CStarTr0: Beam Transmission, WET Labs C-Star [%]
# name 17 = ph: pH
# name 18 = scan: Scan Count
# name 19 = nbf: Bottles Fired
# name 20 = flag:  0.000e+00
# interval = seconds: 0.0416667
# start_time = Aug 23 2022 10:41:06 [NMEA time, header]
# bad_flag = -9.990e-29
*END*
[from data line 276]
          0    555.610    550.393   44.37384 -124.95172     5.1267     5.1239   3.308574   3.308211    34.1541    34.1528     0.6635     0.5046    7.09199     1.8999     0.0801    98.0171      7.514      35956          3  0.000e+00
          0    555.692    550.474   44.37384 -124.95172     5.1272     5.1250   3.308628   3.308336    34.1542    34.1531     0.6635     0.5049    7.09190     1.8694     0.0790    98.0434      7.514      35957          3  0.000e+00
          0    555.670    550.452   44.37384 -124.95172     5.1272     5.1257   3.308622   3.308329    34.1542    34.1524     0.6635     0.5046    7.09190     1.8694     0.0790    98.0434      7.520      35958          3  0.000e+00
          0    555.670    550.452   44.37384 -124.95172     5.1275     5.1263   3.308658   3.308371    34.1542    34.1522     0.6635     0.5041    7.09184     1.8999     0.0790    98.0434      7.520      35959          3  0.000e+00
          0    555.640    550.423   44.37384 -124.95172     5.1276     5.1268   3.308676   3.308450    34.1543    34.1526     0.6635     0.5044    7.09182     1.8999     0.0801    98.0171      7.520      35960          3  0.000e+00
          0    555.722    550.504   44.37384 -124.95172     5.1281     5.1273   3.308652   3.308509    34.1535    34.1528     0.6635     0.5046    7.09178     1.8999     0.0790    98.0434      7.514      35961          3  0.000e+00
          0    555.692    550.475   44.37384 -124.95172     5.1281     5.1284   3.308688   3.308582    34.1539    34.1525     0.6635     0.5049    7.09175     1.8694     0.0790    98.0434      7.514      35962          3  0.000e+00
          0    555.670    550.452   44.37384 -124.95172     5.1285     5.1289   3.308658   3.308603    34.1533    34.1522     0.6635     0.5051    7.09173     1.8694     0.0780    98.0696      7.520      35963          3  0.000e+00
          0    555.753    550.534   44.37384 -124.95172     5.1281     5.1292   3.308688   3.308613    34.1539    34.1520     0.6635     0.5053    7.09176     1.8999     0.0790    98.0434      7.520      35964          3  0.000e+00
          0    555.723    550.504   44.37384 -124.95172     5.1286     5.1292   3.308705   3.308623    34.1536    34.1521     0.6623     0.5010    7.09169     1.8999     0.0790    98.0434      7.520      35965          3  0.000e+00
          0    555.753    550.534   44.37384 -124.95172     5.1281     5.1292   3.308682   3.308606    34.1538    34.1519     0.6635     0.5052    7.09176     1.8999     0.0790    98.0434      7.514      35966          3  0.000e+00
          0    555.723    550.504   44.37384 -124.95172     5.1281     5.1295   3.308628   3.308620    34.1532    34.1517     0.6635     0.5048    7.09179     1.8694     0.0790    98.0434      7.514      35967          3  0.000e+00
          0    555.753    550.534   44.37384 -124.95172     5.1281     5.1292   3.308634   3.308599    34.1533    34.1519     0.6635     0.5044    7.09179     1.8694     0.0801    98.0171      7.520      35968          3  0.000e+00
          0    555.783    550.564   44.37384 -124.95172     5.1278     5.1293   3.308646   3.308561    34.1538    34.1513     0.6623     0.5000    7.09182     1.8694     0.0801    98.0171      7.520      35969          3  0.000e+00
          0    555.753    550.534   44.37384 -124.95172     5.1276     5.1292   3.308646   3.308606    34.1539    34.1519     0.6635     0.5042    7.09184     1.8694     0.0801    98.0171      7.514      35970          3  0.000e+00
          0    555.172    549.960   44.37384 -124.95172     5.1347     5.1217   3.308765   3.308111    34.1484    34.1542     0.6635     0.5032    7.09091     1.8388     0.0833    97.9385      7.520      36234          4  0.000e+00
          0    555.202    549.989   44.37384 -124.95172     5.1348     5.1214   3.308783   3.308090    34.1485    34.1542     0.6647     0.5078    7.09089     1.8694     0.0833    97.9385      7.520      36235          4  0.000e+00
          0    555.224    550.012   44.37384 -124.95172     5.1327     5.1215   3.308813   3.308097    34.1510    34.1542     0.6635     0.5038    7.09113     1.8694     0.0833    97.9385      7.514      36236          4  0.000e+00
          0    555.202    549.989   44.37384 -124.95172     5.1305     5.1217   3.308825   3.308090    34.1534    34.1539     0.6635     0.5038    7.09138     1.8388     0.0833    97.9385      7.520      36237          4  0.000e+00
          0    555.172    549.960   44.37384 -124.95172     5.1289     5.1218   3.308777   3.308087    34.1545    34.1538     0.6635     0.5038    7.09160     1.8388     0.0833    97.9385      7.520      36238          4  0.000e+00
          0    555.255    550.041   44.37384 -124.95172     5.1283     5.1217   3.308807   3.308087    34.1554    34.1539     0.6635     0.5038    7.09166     1.8694     0.0833    97.9385      7.520      36239          4  0.000e+00
          0    555.172    549.960   44.37384 -124.95172     5.1286     5.1223   3.308801   3.308118    34.1550    34.1537     0.6635     0.5038    7.09162     1.8388     0.0844    97.9122      7.520      36240          4  0.000e+00
          0    555.202    549.989   44.37384 -124.95172     5.1301     5.1226   3.308837   3.308097    34.1539    34.1530     0.6635     0.5037    7.09143     1.8694     0.0833    97.9385      7.520      36241          4  0.000e+00
          0    555.225    550.012   44.37384 -124.95172     5.1316     5.1236   3.308921   3.308121    34.1533    34.1523     0.6635     0.5037    7.09120     1.8694     0.0833    97.9385      7.520      36242          4  0.000e+00
          0    555.225    550.012   44.37384 -124.95172     5.1324     5.1244   3.308986   3.308156    34.1532    34.1518     0.6647     0.5082    7.09107     1.8388     0.0823    97.9647      7.520      36243          4  0.000e+00
          0    555.202    549.989   44.37384 -124.95172     5.1327     5.1252   3.309004   3.308218    34.1532    34.1518     0.6635     0.5042    7.09102     1.8388     0.0833    97.9385      7.520      36244          4  0.000e+00
          0    555.225    550.012   44.37384 -124.95172     5.1330     5.1259   3.309022   3.308253    34.1530    34.1515     0.6635     0.5042    7.09097     1.8388     0.0823    97.9647      7.520      36245          4  0.000e+00
          0    555.202    549.989   44.37384 -124.95172     5.1330     5.1250   3.308986   3.308242    34.1526    34.1523     0.6635     0.5041    7.09099     1.8388     0.0812    97.9909      7.520      36246          4  0.000e+00
          0    555.285    550.071   44.37384 -124.95172     5.1331     5.1244   3.308992   3.308239    34.1526    34.1528     0.6635     0.5041    7.09098     1.8388     0.0823    97.9647      7.520      36247          4  0.000e+00
          0    555.202    549.989   44.37384 -124.95172     5.1326     5.1244   3.309004   3.308218    34.1533    34.1526     0.6635     0.5040    7.09104     1.8694     0.0833    97.9385      7.520      36248          4  0.000e+00
          0    555.285    550.071   44.37384 -124.95172     5.1325     5.1239   3.309004   3.308194    34.1533    34.1528     0.6635     0.5040    7.09104     1.8388     0.0844    97.9122      7.520      36249          4  0.000e+00
          0    555.202    549.990   44.37384 -124.95172     5.1329     5.1239   3.309004   3.308218    34.1530    34.1531     0.6635     0.5039    7.09100     1.8388     0.0844    97.9122      7.520      36250          4  0.000e+00
          0    555.225    550.012   44.37384 -124.95172     5.1329     5.1242   3.309046   3.308218    34.1535    34.1528     0.6635     0.5038    7.09098     1.8694     0.0855    97.8860      7.520      36251          4  0.000e+00
          0    555.315    550.101   44.37384 -124.95172     5.1335     5.1238   3.309082   3.308194    34.1532    34.1529     0.6635     0.5038    7.09089     1.8388     0.0855    97.8860      7.514      36252          4  0.000e+00
          0    555.225    550.012   44.37384 -124.95172     5.1339     5.1236   3.309094   3.308166    34.1530    34.1529     0.6647     0.5083    7.09084     1.8388     0.0855    97.8860      7.520      36253          4  0.000e+00
          0    555.255    550.042   44.37384 -124.95172     5.1344     5.1247   3.309136   3.308173    34.1529    34.1517     0.6635     0.5043    7.09075     1.8694     0.0844    97.9122      7.520      36254          4  0.000e+00
          0    555.285    550.071   44.37384 -124.95172     5.1348     5.1255   3.309154   3.308204    34.1527    34.1513     0.6635     0.5042    7.09069     1.8694     0.0833    97.9385      7.514      36255          4  0.000e+00
          0    555.285    550.071   44.37384 -124.95172     5.1349     5.1251   3.309130   3.308232    34.1523    34.1520     0.6635     0.5041    7.09069     1.8388     0.0833    97.9385      7.514      36256          4  0.000e+00
          0    555.255    550.042   44.37384 -124.95172     5.1348     5.1252   3.309124   3.308218    34.1524    34.1518     0.6635     0.5040    7.09071     1.8388     0.0844    97.9122      7.520      36257          4  0.000e+00
          0    555.285    550.071   44.37384 -124.95172     5.1343     5.1247   3.309100   3.308215    34.1526    34.1522     0.6635     0.5040    7.09078     1.8694     0.0833    97.9385      7.520      36258          4  0.000e+00
          0    555.315    550.101   44.37384 -124.95172     5.1342     5.1245   3.309112   3.308187    34.1528    34.1521     0.6635     0.5039    7.09078     1.8388     0.0833    97.9385      7.514      36259          4  0.000e+00
          0    555.285    550.071   44.37384 -124.95172     5.1339     5.1236   3.309100   3.308184    34.1531    34.1530     0.6647     0.5084    7.09083     1.8388     0.0833    97.9385      7.520      36260          4  0.000e+00
          0    555.315    550.101   44.37384 -124.95172     5.1342     5.1230   3.309094   3.308146    34.1526    34.1532     0.6635     0.5043    7.09079     1.8694     0.0833    97.9385      7.520      36261          4  0.000e+00
          0    555.337    550.123   44.37384 -124.95172     5.1340     5.1229   3.309094   3.308097    34.1529    34.1527     0.6635     0.5042    7.09083     1.8388     0.0823    97.9647      7.514      36262          4  0.000e+00
          0    555.315    550.101   44.37384 -124.95172     5.1341     5.1230   3.309136   3.308121    34.1532    34.1529     0.6635     0.5041    7.09078     1.8388     0.0823    97.9647      7.520      36263          4  0.000e+00
          0    555.337    550.123   44.37384 -124.95172     5.1346     5.1239   3.309154   3.308149    34.1529    34.1522     0.6647     0.5086    7.09072     1.8694     0.0823    97.9647      7.520      36264          4  0.000e+00
          0    555.315    550.101   44.37384 -124.95172     5.1350     5.1243   3.309172   3.308139    34.1527    34.1518     0.6635     0.5045    7.09066     1.8388     0.0823    97.9647      7.514      36265          4  0.000e+00
          0    555.338    550.123   44.37384 -124.95172     5.1349     5.1241   3.309160   3.308156    34.1527    34.1522     0.6635     0.5044    7.09068     1.8388     0.0823    97.9647      7.520      36266          4  0.000e+00
          0    555.368    550.153   44.37384 -124.95172     5.1341     5.1236   3.309106   3.308121    34.1528    34.1522     0.6635     0.5036    7.09080     1.8694     0.0844    97.9122      7.520      36267          4  0.000e+00
          0    555.338    550.123   44.37384 -124.95172     5.1341     5.1231   3.309112   3.308090    34.1529    34.1524     0.6635     0.5034    7.09080     1.8388     0.0855    97.8860      7.520      36268          4  0.000e+00
          0    555.398    550.183   44.37384 -124.95172     5.1345     5.1226   3.309166   3.308059    34.1531    34.1525     0.6635     0.5033    7.09073     1.8694     0.0855    97.8860      7.520      36269          4  0.000e+00
          0    555.368    550.153   44.37384 -124.95172     5.1345     5.1223   3.309202   3.308038    34.1536    34.1526     0.6647     0.5077    7.09071     1.8999     0.0855    97.8860      7.520      36270          4  0.000e+00
          0    555.398    550.183   44.37384 -124.95172     5.1349     5.1223   3.309214   3.308073    34.1532    34.1530     0.6635     0.5036    7.09065     1.8999     0.0844    97.9122      7.514      36271          4  0.000e+00
          0    555.420    550.205   44.37384 -124.95172     5.1350     5.1226   3.309256   3.308142    34.1537    34.1535     0.6635     0.5034    7.09062     1.8694     0.0844    97.9122      7.520      36272          4  0.000e+00
          0    555.398    550.183   44.37384 -124.95172     5.1352     5.1233   3.309250   3.308201    34.1534    34.1535     0.6635     0.5032    7.09060     1.8694     0.0833    97.9385      7.525      36273          4  0.000e+00
          0    555.420    550.205   44.37384 -124.95172     5.1356     5.1242   3.309310   3.308305    34.1537    34.1538     0.6635     0.5030    7.09052     1.8999     0.0833    97.9385      7.520      36274          4  0.000e+00
          0    555.398    550.183   44.37384 -124.95172     5.1359     5.1245   3.309310   3.308360    34.1533    34.1540     0.6635     0.5028    7.09048     1.8694     0.0833    97.9385      7.520      36275          4  0.000e+00
          0    555.480    550.265   44.37384 -124.95172     5.1362     5.1252   3.309304   3.308350    34.1529    34.1532     0.6635     0.5033    7.09045     1.8694     0.0833    97.9385      7.520      36276          4  0.000e+00
          0    555.450    550.235   44.37384 -124.95172     5.1361     5.1262   3.309280   3.308436    34.1528    34.1532     0.6635     0.5031    7.09048     1.8999     0.0844    97.9122      7.520      36277          4  0.000e+00
          0    555.420    550.205   44.37384 -124.95172     5.1362     5.1290   3.309292   3.308616    34.1528    34.1524     0.6635     0.5030    7.09046     1.8694     0.0855    97.8860      7.520      36278          4  0.000e+00
          0    555.510    550.294   44.37384 -124.95172     5.1362     5.1308   3.309304   3.308731    34.1529    34.1519     0.6635     0.5028    7.09044     1.8694     0.0844    97.9122      7.520      36279          4  0.000e+00
          0    555.480    550.265   44.37384 -124.95172     5.1360     5.1321   3.309280   3.308831    34.1528    34.1517     0.6635     0.5027    7.09048     1.8694     0.0844    97.9122      7.520      36280          4  0.000e+00
          0    555.450    550.235   44.37384 -124.95172     5.1361     5.1328   3.309274   3.308918    34.1527    34.1520     0.6635     0.5025    7.09048     1.8694     0.0833    97.9385      7.520      36281          4  0.000e+00
          0    555.450    550.235   44.37384 -124.95172     5.1357     5.1335   3.309250   3.308969    34.1528    34.1519     0.6635     0.5023    7.09053     1.8999     0.0833    97.9385      7.520      36282          4  0.000e+00
          0    555.593    550.376   44.37384 -124.95172     5.1349     5.1347   3.309196   3.308966    34.1529    34.1505     0.6635     0.5022    7.09066     1.8999     0.0833    97.9385      7.520      36283          4  0.000e+00
          0    555.510    550.294   44.37384 -124.95172     5.1343     5.1349   3.309202   3.309018    34.1537    34.1509     0.6635     0.5027    7.09073     1.8999     0.0833    97.9385      7.520      36284          4  0.000e+00
          0    555.533    550.317   44.37384 -124.95172     5.1349     5.1352   3.309214   3.309018    34.1532    34.1506     0.6635     0.5026    7.09065     1.8694     0.0833    97.9385      7.514      36285          4  0.000e+00
          0    555.563    550.346   44.37384 -124.95172     5.1350     5.1349   3.309166   3.309046    34.1526    34.1512     0.6635     0.5024    7.09067     1.8694     0.0833    97.9385      7.520      36286          4  0.000e+00
