TN407/CTD Data/TN-407_CTD-001.ros
* Sea-Bird SBE 9 Data File:
* FileName = C:\data\TN407\TN407_CTD_001.hex
* Software Version Seasave V 7.26.7.107
* Temperature SN = 2195
* Conductivity SN = 2903
* Number of Bytes Per Scan = 41
* Number of Voltage Words = 4
* Number of Scans Averaged by the Deck Unit = 1
* NMEA Latitude = 45 49.59 N
* NMEA Longitude = 129 44.84 W
* NMEA UTC (Time) = Aug 12 2022  19:38:50
* NMEA baud rate = 4800
** Cruise: TGT407
** Cast: 001
** Location:
** Date: 8-12-2022
** Water Depth:
** Operator: JN
# nquan = 21
# nvalues = 2328                                  
# units = specified
# name 0 = modError: Modulo Error Count
# name 1 = prDM: Pressure, Digiquartz [db]
# name 2 = depSM: Depth [salt water, m]
# name 3 = latitude: Latitude [deg]
# name 4 = longitude: Longitude [deg]
# name 5 = t090C: Temperature [ITS-90, deg C]
# name 6 = t190C: Temperature, 2 [ITS-90, deg C]
# name 7 = c0S/m: Conductivity [S/m]
# name 8 = c1S/m: Conductivity, 2 [S/m]
# name 9 = sal00: Salinity, Practical [PSU]
# name 10 = sal11: Salinity, Practical, 2 [PSU]
# name 11 = sbeox0V: Oxygen raw, SBE 43 [V]
# name 12 = sbeox0ML/L: Oxygen, SBE 43 [ml/l]
# name 13 = oxsolML/L: Oxygen Saturation, Garcia & Gordon [ml/l]
# name 14 = flECO-AFL: Fluorescence, WET Labs ECO-AFL/FL [mg/m^3]
# name 15 = CStarAt0: Beam Attenuation, WET Labs C-Star [1/m]
# name 16 = CStarTr0: Beam Transmission, WET Labs C-Star [%]
# name 17 = ph: pH
# name 18 = scan: Scan Count
# name 19 = nbf: Bottles Fired
# name 20 = flag:  0.000e+00
# interval = seconds: 0.0416667
# start_time = Aug 12 2022 19:38:50 [NMEA time, header]
# bad_flag = -9.990e-29
*END*
[from data line 1932]
          0     40.434     40.099   45.82648 -129.74726    11.5411    11.5890   3.676766   3.681015    32.2437    32.2435     3.0746     6.6763    6.21759    10.3858     0.2217    94.6076      8.078      57812         20  0.000e+00
          0     40.479     40.144   45.82648 -129.74726    11.5407    11.5890   3.676697   3.680993    32.2435    32.2433     3.0746     6.6766    6.21767    10.3858     0.2217    94.6076      8.078      57813         20  0.000e+00
          0     40.420     40.085   45.82648 -129.74726    11.5395    11.5892   3.676697   3.681011    32.2445    32.2433     3.0733     6.6737    6.21778    10.4164     0.2217    94.6076      8.078      57814         20  0.000e+00
          0     40.479     40.144   45.82648 -129.74726    11.5379    11.5900   3.676741   3.681037    32.2463    32.2429     3.0733     6.6741    6.21793    10.3858     0.2217    94.6076      8.078      57815         20  0.000e+00
          0     40.435     40.099   45.82648 -129.74726    11.5372    11.5924   3.676753   3.681022    32.2470    32.2406     3.0746     6.6775    6.21798    10.3858     0.2217    94.6076      8.078      57816         20  0.000e+00
          0     40.479     40.144   45.82648 -129.74726    11.5359    11.5933   3.676797   3.680953    32.2486    32.2391     3.0746     6.6778    6.21810    10.3858     0.2206    94.6338      8.078      57817         20  0.000e+00
          0     40.420     40.085   45.82648 -129.74726    11.5362    11.5911   3.676859   3.680848    32.2489    32.2401     3.0733     6.6742    6.21804    10.3858     0.2206    94.6338      8.078      57818         20  0.000e+00
          0     40.479     40.144   45.82648 -129.74726    11.5387    11.5885   3.676897   3.680753    32.2472    32.2414     3.0733     6.6737    6.21779    10.3858     0.2206    94.6338      8.078      57819         20  0.000e+00
          0     20.252     20.085   45.82648 -129.74726    16.4042    16.4062   4.118841   4.118602    32.2520    32.2483     2.9108     5.6117    5.63105     6.8755     0.2495    93.9519      8.108      62188         21  0.000e+00
          0     20.192     20.026   45.82648 -129.74726    16.4042    16.4062   4.118809   4.118633    32.2517    32.2486     2.9108     5.6114    5.63105     6.8755     0.2484    93.9782      8.108      62189         21  0.000e+00
          0     20.252     20.085   45.82648 -129.74726    16.4041    16.4064   4.118822   4.118637    32.2520    32.2485     2.9108     5.6111    5.63107     6.8755     0.2484    93.9782      8.108      62190         21  0.000e+00
          0     20.222     20.055   45.82648 -129.74726    16.4044    16.4064   4.118776   4.118664    32.2513    32.2487     2.9108     5.6108    5.63105     6.8755     0.2495    93.9519      8.108      62191         21  0.000e+00
          0     20.252     20.085   45.82648 -129.74726    16.4044    16.4066   4.118763   4.118644    32.2511    32.2484     2.9108     5.6108    5.63105     6.8755     0.2507    93.9257      8.108      62192         21  0.000e+00
          0     20.192     20.026   45.82648 -129.74726    16.4044    16.4066   4.118815   4.118660    32.2516    32.2485     2.9120     5.6136    5.63104     6.8755     0.2507    93.9257      8.108      62193         21  0.000e+00
          0     20.252     20.085   45.82648 -129.74726    16.4048    16.4066   4.118835   4.118621    32.2515    32.2482     2.9120     5.6136    5.63101     6.8755     0.2507    93.9257      8.108      62194         21  0.000e+00
          0     20.252     20.085   45.82648 -129.74726    16.4049    16.4068   4.118861   4.118652    32.2516    32.2483     2.9108     5.6107    5.63099     6.8755     0.2495    93.9519      8.103      62195         21  0.000e+00
          0     20.274     20.107   45.82648 -129.74726    16.4049    16.4066   4.118874   4.118648    32.2517    32.2484     2.9120     5.6138    5.63098     6.8755     0.2484    93.9782      8.108      62196         21  0.000e+00
          0     20.252     20.085   45.82648 -129.74726    16.4051    16.4068   4.118893   4.118683    32.2518    32.2486     2.9108     5.6109    5.63096     6.8449     0.2484    93.9782      8.108      62197         21  0.000e+00
          0     20.252     20.085   45.82648 -129.74726    16.4053    16.4068   4.118906   4.118675    32.2517    32.2485     2.9108     5.6108    5.63094     6.8144     0.2484    93.9782      8.108      62198         21  0.000e+00
          0     20.304     20.137   45.82648 -129.74726    16.4054    16.4066   4.118906   4.118648    32.2516    32.2484     2.9120     5.6139    5.63093     6.7839     0.2484    93.9782      8.108      62199         21  0.000e+00
          0     20.252     20.085   45.82648 -129.74726    16.4056    16.4066   4.118932   4.118660    32.2517    32.2485     2.9108     5.6110    5.63091     6.7839     0.2495    93.9519      8.108      62200         21  0.000e+00
          0     20.274     20.107   45.82648 -129.74726    16.4056    16.4068   4.118946   4.118621    32.2518    32.2480     2.9108     5.6111    5.63090     6.7839     0.2518    93.8995      8.108      62201         21  0.000e+00
          0     20.252     20.085   45.82648 -129.74726    16.4056    16.4068   4.118946   4.118652    32.2518    32.2483     2.9108     5.6111    5.63090     6.7839     0.2518    93.8995      8.108      62202         21  0.000e+00
          0     20.304     20.137   45.82648 -129.74726    16.4059    16.4068   4.118946   4.118644    32.2515    32.2482     2.9108     5.6111    5.63088     6.7839     0.2507    93.9257      8.108      62203         21  0.000e+00
          0     20.252     20.085   45.82648 -129.74726    16.4058    16.4066   4.118946   4.118614    32.2517    32.2481     2.9108     5.6111    5.63089     6.7839     0.2518    93.8995      8.108      62204         21  0.000e+00
          0     20.222     20.056   45.82648 -129.74726    16.4058    16.4068   4.118965   4.118602    32.2518    32.2479     2.9120     5.6142    5.63088     6.7839     0.2495    93.9519      8.108      62205         21  0.000e+00
          0     20.356     20.188   45.82648 -129.74726    16.4059    16.4068   4.118978   4.118656    32.2518    32.2483     2.9108     5.6115    5.63087     6.7839     0.2484    93.9782      8.108      62206         21  0.000e+00
          0     20.304     20.137   45.82648 -129.74726    16.4061    16.4069   4.118952   4.118618    32.2514    32.2479     2.9108     5.6115    5.63086     6.7839     0.2484    93.9782      8.108      62207         21  0.000e+00
          0     20.252     20.085   45.82648 -129.74726    16.4060    16.4068   4.118946   4.118656    32.2515    32.2483     2.9120     5.6147    5.63087     6.8144     0.2473    94.0044      8.108      62208         21  0.000e+00
          0     20.304     20.137   45.82648 -129.74726    16.4059    16.4066   4.118946   4.118618    32.2515    32.2481     2.9108     5.6119    5.63088     6.7839     0.2473    94.0044      8.108      62209         21  0.000e+00
          0     20.275     20.107   45.82648 -129.74726    16.4059    16.4068   4.118946   4.118625    32.2515    32.2481     2.9108     5.6120    5.63088     6.7839     0.2473    94.0044      8.108      62210         21  0.000e+00
          0     20.304     20.137   45.82648 -129.74726    16.4059    16.4069   4.118965   4.118591    32.2517    32.2476     2.9120     5.6152    5.63087     6.7839     0.2462    94.0306      8.108      62211         21  0.000e+00
          0     20.304     20.137   45.82648 -129.74726    16.4061    16.4068   4.118978   4.118621    32.2517    32.2480     2.9108     5.6124    5.63085     6.7839     0.2451    94.0568      8.103      62212         21  0.000e+00
          0     20.304     20.137   45.82648 -129.74726    16.4059    16.4068   4.119004   4.118568    32.2520    32.2475     2.9120     5.6154    5.63086     6.7839     0.2451    94.0568      8.108      62213         21  0.000e+00
          0     20.304     20.137   45.82648 -129.74726    16.4061    16.4066   4.119017   4.118587    32.2520    32.2479     2.9108     5.6126    5.63084     6.7839     0.2451    94.0568      8.108      62214         21  0.000e+00
          0     20.275     20.107   45.82648 -129.74726    16.4063    16.4066   4.118985   4.118579    32.2516    32.2478     2.9120     5.6158    5.63083     6.7839     0.2451    94.0568      8.108      62215         21  0.000e+00
          0     20.304     20.137   45.82648 -129.74726    16.4063    16.4064   4.118978   4.118553    32.2515    32.2477     2.9108     5.6131    5.63084     6.7839     0.2451    94.0568      8.108      62216         21  0.000e+00
          0     20.252     20.085   45.82648 -129.74726    16.4059    16.4059   4.119004   4.118518    32.2521    32.2478     2.9108     5.6132    5.63086     6.8144     0.2462    94.0306      8.108      62217         21  0.000e+00
          0     20.356     20.189   45.82648 -129.74726    16.4063    16.4047   4.118985   4.118514    32.2515    32.2487     2.9120     5.6164    5.63084     6.7839     0.2473    94.0044      8.108      62218         21  0.000e+00
          0     20.252     20.085   45.82648 -129.74726    16.4061    16.4037   4.118978   4.118484    32.2517    32.2493     2.9120     5.6165    5.63085     6.7839     0.2462    94.0306      8.108      62219         21  0.000e+00
          0     20.334     20.167   45.82648 -129.74726    16.4063    16.4045   4.119004   4.118480    32.2517    32.2485     2.9108     5.6138    5.63083     6.7839     0.2462    94.0306      8.108      62220         21  0.000e+00
          0     20.252     20.085   45.82648 -129.74726    16.4063    16.4050   4.118985   4.118453    32.2516    32.2479     2.9120     5.6167    5.63083     6.8144     0.2462    94.0306      8.108      62221         21  0.000e+00
          0     20.304     20.137   45.82648 -129.74726    16.4063    16.4053   4.118978   4.118468    32.2515    32.2478     2.9108     5.6140    5.63084     6.8144     0.2462    94.0306      8.108      62222         21  0.000e+00
          0     20.304     20.137   45.82648 -129.74726    16.4064    16.4045   4.118978   4.118434    32.2514    32.2482     2.9108     5.6141    5.63083     6.8144     0.2473    94.0044      8.108      62223         21  0.000e+00
          0     20.304     20.137   45.82648 -129.74726    16.4061    16.4037   4.118952   4.118438    32.2514    32.2489     2.9120     5.6171    5.63086     6.8144     0.2462    94.0306      8.108      62224         21  0.000e+00
          0     20.275     20.108   45.82648 -129.74726    16.4063    16.4038   4.118998   4.118403    32.2517    32.2485     2.9108     5.6143    5.63083     6.8144     0.2473    94.0044      8.108      62225         21  0.000e+00
          0     20.304     20.137   45.82648 -129.74726    16.4065    16.4040   4.119017   4.118384    32.2517    32.2482     2.9108     5.6142    5.63081     6.8144     0.2462    94.0306      8.108      62226         21  0.000e+00
          0     20.252     20.086   45.82648 -129.74726    16.4063    16.4033   4.118985   4.118357    32.2516    32.2485     2.9108     5.6141    5.63083     6.8144     0.2462    94.0306      8.108      62227         21  0.000e+00
          0     20.304     20.137   45.82648 -129.74726    16.4066    16.4038   4.118978   4.118357    32.2512    32.2481     2.9120     5.6171    5.63081     6.8144     0.2473    94.0044      8.108      62228         21  0.000e+00
          0     20.275     20.108   45.82648 -129.74726    16.4066    16.4040   4.118978   4.118376    32.2513    32.2481     2.9120     5.6172    5.63081     6.8144     0.2473    94.0044      8.108      62229         21  0.000e+00
          0     20.252     20.086   45.82648 -129.74726    16.4064    16.4037   4.118900   4.118411    32.2507    32.2487     2.9108     5.6142    5.63085     6.8144     0.2484    93.9782      8.108      62230         21  0.000e+00
          0     20.305     20.137   45.82648 -129.74726    16.4061    16.4040   4.118874   4.118415    32.2507    32.2484     2.9120     5.6172    5.63088     6.8144     0.2495    93.9519      8.108      62231         21  0.000e+00
          0     20.253     20.086   45.82648 -129.74726    16.4054    16.4044   4.118815   4.118415    32.2508    32.2482     2.9108     5.6140    5.63096     6.8144     0.2495    93.9519      8.108      62232         21  0.000e+00
          0     20.253     20.086   45.82648 -129.74726    16.4030    16.4042   4.118724   4.118442    32.2519    32.2485     2.9120     5.6171    5.63118     6.8144     0.2484    93.9782      8.108      62233         21  0.000e+00
          0     20.223     20.056   45.82648 -129.74726    16.4009    16.4045   4.118587   4.118468    32.2525    32.2485     2.9108     5.6143    5.63140     6.8144     0.2484    93.9782      8.108      62234         21  0.000e+00
          0     20.305     20.137   45.82648 -129.74726    16.4002    16.4045   4.118521   4.118507    32.2525    32.2488     2.9120     5.6174    5.63148     6.8144     0.2484    93.9782      8.108      62235         21  0.000e+00
          0     20.253     20.086   45.82648 -129.74726    16.3993    16.4049   4.118456   4.118510    32.2526    32.2486     2.9108     5.6144    5.63157     6.8144     0.2473    94.0044      8.108      62236         21  0.000e+00
          0     20.305     20.137   45.82648 -129.74726    16.3985    16.4053   4.118450   4.118510    32.2532    32.2482     2.9120     5.6174    5.63164     6.8144     0.2473    94.0044      8.108      62237         21  0.000e+00
          0     20.193     20.027   45.82648 -129.74726    16.3993    16.4055   4.118495   4.118464    32.2529    32.2477     2.9108     5.6142    5.63155     6.8144     0.2473    94.0044      8.108      62238         21  0.000e+00
          0     20.275     20.108   45.82648 -129.74726    16.3997    16.4053   4.118515   4.118518    32.2528    32.2483     2.9120     5.6171    5.63152     6.8144     0.2473    94.0044      8.113      62239         21  0.000e+00
          0     20.193     20.027   45.82648 -129.74726    16.3998    16.4053   4.118515   4.118522    32.2527    32.2483     2.9108     5.6140    5.63150     6.8144     0.2473    94.0044      8.108      62240         21  0.000e+00
          0     20.305     20.137   45.82648 -129.74726    16.3998    16.4053   4.118437   4.118484    32.2520    32.2479     2.9120     5.6170    5.63153     6.8144     0.2462    94.0306      8.108      62241         21  0.000e+00
          0     20.193     20.027   45.82648 -129.74726    16.3997    16.4053   4.118411   4.118499    32.2519    32.2481     2.9108     5.6141    5.63155     6.8144     0.2473    94.0044      8.108      62242         21  0.000e+00
          0     20.253     20.086   45.82648 -129.74726    16.3995    16.4052   4.118384   4.118537    32.2518    32.2485     2.9120     5.6174    5.63157     6.8144     0.2484    93.9782      8.113      62243         21  0.000e+00
          0     20.171     20.005   45.82648 -129.74726    16.3995    16.4052   4.118397   4.118491    32.2520    32.2482     2.9108     5.6142    5.63157     6.9060     0.2484    93.9782      8.103      62244         21  0.000e+00
          0     20.253     20.086   45.82648 -129.74726    16.3993    16.4055   4.118411   4.118530    32.2522    32.2482     2.9120     5.6175    5.63158     6.9365     0.2484    93.9782      8.108      62245         21  0.000e+00
          0     20.193     20.027   45.82648 -129.74726    16.3998    16.4055   4.118489   4.118518    32.2525    32.2481     2.9120     5.6174    5.63151     6.9670     0.2507    93.9257      8.108      62246         21  0.000e+00
          0     20.193     20.027   45.82648 -129.74726    16.4009    16.4057   4.118567   4.118514    32.2523    32.2480     2.9120     5.6173    5.63141     6.9365     0.2507    93.9257      8.108      62247         21  0.000e+00
