TN407/CTD Data/TN-407_CTD-007.ros
* Sea-Bird SBE 9 Data File:
* FileName = C:\data\TN407\TN407_CTD_007hex.hex
* Software Version Seasave V 7.26.7.107
* Temperature SN = 2195
* Conductivity SN = 2903
* Number of Bytes Per Scan = 41
* Number of Voltage Words = 4
* Number of Scans Averaged by the Deck Unit = 1
* NMEA Latitude = 45 50.06 N
* NMEA Longitude = 129 45.50 W
* NMEA UTC (Time) = Aug 28 2022  17:26:38
* NMEA baud rate = 4800
** Cruise: TGT407
** Cast: 007
** Location: Axial Base
** Date: 8-28-2022
** Water Depth: 2604
** Operator: MW
# nquan = 21
# nvalues = 2328                                  
# units = specified
# name 0 = modError: Modulo Error Count
# name 1 = prDM: Pressure, Digiquartz [db]
# name 2 = depSM: Depth [salt water, m]
# name 3 = latitude: Latitude [deg]
# name 4 = longitude: Longitude [deg]
# name 5 = t090C: Temperature [ITS-90, deg C]
# name 6 = t190C: Temperature, 2 [ITS-90, deg C]
# name 7 = c0S/m: Conductivity [S/m]
# name 8 = c1S/m: Conductivity, 2 [S/m]
# name 9 = sal00: Salinity, Practical [PSU]
# name 10 = sal11: Salinity, Practical, 2 [PSU]
# name 11 = sbeox0V: Oxygen raw, SBE 43 [V]
# name 12 = sbeox0ML/L: Oxygen, SBE 43 [ml/l]
# name 13 = oxsolML/L: Oxygen Saturation, Garcia & Gordon [ml/l]
# name 14 = flECO-AFL: Fluorescence, WET Labs ECO-AFL/FL [mg/m^3]
# name 15 = CStarAt0: Beam Attenuation, WET Labs C-Star [1/m]
# name 16 = CStarTr0: Beam Transmission, WET Labs C-Star [%]
# name 17 = ph: pH
# name 18 = scan: Scan Count
# name 19 = nbf: Bottles Fired
# name 20 = flag:  0.000e+00
# interval = seconds: 0.0416667
# start_time = Aug 28 2022 17:26:38 [NMEA time, header]
# bad_flag = -9.990e-29
*END*
[from data line 345]
          0   2434.366   2400.494   45.83446 -129.75840     1.8171     1.8197   3.134257   3.134267    34.6110    34.6083     0.8680     1.6279    7.66624     1.8388     0.0270    99.3285     -4.474      87219          4  0.000e+00
          0   2434.405   2400.532   45.83446 -129.75840     1.8172     1.8197   3.134269   3.134253    34.6110    34.6081     0.8680     1.6271    7.66622     1.8388     0.0270    99.3285     -4.474      87220          4  0.000e+00
          0   2434.366   2400.494   45.83446 -129.75840     1.8171     1.8195   3.134222   3.134267    34.6105    34.6085     0.8680     1.6278    7.66627     1.8388     0.0270    99.3285     -4.468      87221          4  0.000e+00
          0   2434.405   2400.532   45.83446 -129.75840     1.8173     1.8197   3.134210   3.134273    34.6102    34.6084     0.8680     1.6301    7.66625     1.8388     0.0270    99.3285     -4.468      87222          4  0.000e+00
          0   2434.366   2400.494   45.83446 -129.75840     1.8171     1.8197   3.134228   3.134257    34.6106    34.6082     0.8680     1.6308    7.66626     1.8694     0.0270    99.3285     -4.474      87223          4  0.000e+00
          0   2434.405   2400.533   45.83446 -129.75840     1.8172     1.8195   3.134240   3.134250    34.6106    34.6083     0.8680     1.6300    7.66624     1.8388     0.0270    99.3285     -4.479      87224          4  0.000e+00
          0   2434.429   2400.555   45.83446 -129.75840     1.8172     1.8197   3.134234   3.134267    34.6105    34.6083     0.8680     1.6307    7.66625     1.8388     0.0270    99.3285     -4.485      87225          4  0.000e+00
          0   2434.405   2400.533   45.83446 -129.75840     1.8171     1.8196   3.134234   3.134253    34.6107    34.6082     0.8667     1.6243    7.66626     1.8388     0.0270    99.3285     -4.479      87226          4  0.000e+00
          0   2434.429   2400.555   45.83446 -129.75840     1.8172     1.8199   3.134240   3.134250    34.6106    34.6079     0.8680     1.6307    7.66624     1.8388     0.0270    99.3285     -4.468      87227          4  0.000e+00
          0   2434.467   2400.594   45.83446 -129.75840     1.8172     1.8197   3.134257   3.134267    34.6108    34.6083     0.8680     1.6298    7.66623     1.8388     0.0270    99.3285     -4.462      87228          4  0.000e+00
          0   2434.429   2400.556   45.83446 -129.75840     1.8173     1.8195   3.134246   3.134273    34.6106    34.6086     0.8680     1.6305    7.66623     1.8388     0.0270    99.3285     -4.462      87229          4  0.000e+00
          0   2434.406   2400.533   45.83446 -129.75840     1.8171     1.8195   3.134240   3.134273    34.6107    34.6086     0.8680     1.6312    7.66626     1.8694     0.0270    99.3285     -4.468      87230          4  0.000e+00
          0   2434.483   2400.609   45.83446 -129.75840     1.8174     1.8197   3.134275   3.134253    34.6108    34.6081     0.8680     1.6319    7.66620     1.8388     0.0270    99.3285     -4.479      87231          4  0.000e+00
          0   2434.406   2400.533   45.83446 -129.75840     1.8172     1.8197   3.134251   3.134229    34.6108    34.6078     0.8680     1.6310    7.66623     1.8694     0.0270    99.3285     -4.474      87232          4  0.000e+00
          0   2434.483   2400.609   45.83446 -129.75840     1.8172     1.8195   3.134216   3.134267    34.6103    34.6085     0.8680     1.6301    7.66626     1.8694     0.0280    99.3023     -4.462      87233          4  0.000e+00
          0   2434.468   2400.594   45.83446 -129.75840     1.8172     1.8196   3.134228   3.134273    34.6104    34.6084     0.8667     1.6219    7.66625     1.8388     0.0270    99.3285     -4.462      87234          4  0.000e+00
          0   2434.429   2400.556   45.83446 -129.75840     1.8172     1.8197   3.134257   3.134236    34.6108    34.6079     0.8667     1.6210    7.66623     1.8388     0.0270    99.3285     -4.462      87235          4  0.000e+00
          0   2434.468   2400.594   45.83446 -129.75840     1.8173     1.8195   3.134246   3.134260    34.6106    34.6084     0.8680     1.6272    7.66623     1.8694     0.0270    99.3285     -4.462      87236          4  0.000e+00
          0   2434.483   2400.609   45.83446 -129.75840     1.8172     1.8195   3.134240   3.134253    34.6106    34.6083     0.8692     1.6350    7.66624     1.8388     0.0270    99.3285     -4.468      87237          4  0.000e+00
          0   2434.468   2400.594   45.83446 -129.75840     1.8172     1.8195   3.134234   3.134250    34.6105    34.6083     0.8680     1.6300    7.66625     1.8388     0.0270    99.3285     -4.474      87238          4  0.000e+00
          0   2434.483   2400.609   45.83446 -129.75840     1.8171     1.8197   3.134257   3.134267    34.6109    34.6082     0.8680     1.6305    7.66625     1.8694     0.0270    99.3285     -4.468      87239          4  0.000e+00
          0   2434.352   2400.480   45.83446 -129.75840     1.8172     1.8197   3.134269   3.134273    34.6110    34.6084     0.8680     1.6311    7.66622     1.8388     0.0270    99.3285     -4.468      87240          4  0.000e+00
          0   2434.600   2400.723   45.83446 -129.75840     1.8172     1.8197   3.134246   3.134311    34.6106    34.6087     0.8680     1.6301    7.66624     1.8388     0.0270    99.3285     -4.462      87241          4  0.000e+00
          0   2434.484   2400.609   45.83446 -129.75840     1.8171     1.8195   3.134216   3.134267    34.6104    34.6085     0.8667     1.6235    7.66627     1.8694     0.0270    99.3285     -4.462      87242          4  0.000e+00
          0   2434.468   2400.594   45.83446 -129.75840     1.8171     1.8199   3.134228   3.134267    34.6105    34.6081     0.8680     1.6297    7.66626     1.8388     0.0270    99.3285     -4.474      87243          4  0.000e+00
          0   2434.484   2400.609   45.83446 -129.75840     1.8171     1.8197   3.134240   3.134257    34.6107    34.6081     0.8680     1.6302    7.66626     1.8388     0.0270    99.3285     -4.474      87244          4  0.000e+00
          0   2434.522   2400.647   45.83446 -129.75840     1.8172     1.8199   3.134257   3.134250    34.6108    34.6079     0.8680     1.6308    7.66623     1.8388     0.0270    99.3285     -4.474      87245          4  0.000e+00
          0   2434.484   2400.610   45.83446 -129.75840     1.8172     1.8196   3.134246   3.134267    34.6107    34.6083     0.8680     1.6314    7.66624     1.8388     0.0270    99.3285     -4.474      87246          4  0.000e+00
          0   2434.468   2400.594   45.83446 -129.75840     1.8172     1.8197   3.134240   3.134253    34.6106    34.6081     0.8680     1.6319    7.66624     1.8388     0.0270    99.3285     -4.468      87247          4  0.000e+00
          0   2434.484   2400.610   45.83446 -129.75840     1.8171     1.8197   3.134240   3.134287    34.6107    34.6085     0.8667     1.6254    7.66626     1.8388     0.0270    99.3285     -4.468      87248          4  0.000e+00
          0   2434.523   2400.648   45.83446 -129.75840     1.8172     1.8197   3.134257   3.134260    34.6108    34.6081     0.8680     1.6300    7.66623     1.8388     0.0270    99.3285     -4.457      87249          4  0.000e+00
          0   2434.484   2400.610   45.83446 -129.75840     1.8173     1.8199   3.134246   3.134250    34.6106    34.6079     0.8680     1.6306    7.66623     1.8388     0.0270    99.3285     -4.462      87250          4  0.000e+00
          0   2434.523   2400.648   45.83446 -129.75840     1.8171     1.8196   3.134257   3.134267    34.6109    34.6083     0.8680     1.6312    7.66625     1.8388     0.0270    99.3285     -4.474      87251          4  0.000e+00
          0   2434.484   2400.610   45.83446 -129.75840     1.8172     1.8200   3.134263   3.134253    34.6109    34.6078     0.8680     1.6318    7.66623     1.8388     0.0270    99.3285     -4.462      87252          4  0.000e+00
          0   2434.523   2400.648   45.83446 -129.75840     1.8174     1.8197   3.134222   3.134267    34.6102    34.6082     0.8680     1.6307    7.66623     1.8388     0.0270    99.3285     -4.457      87253          4  0.000e+00
          0   2434.484   2400.610   45.83446 -129.75840     1.8174     1.8200   3.134228   3.134294    34.6103    34.6083     0.8667     1.6241    7.66623     1.8388     0.0270    99.3285     -4.462      87254          4  0.000e+00
          0   2434.523   2400.648   45.83446 -129.75840     1.8174     1.8201   3.134257   3.134284    34.6106    34.6080     0.8667     1.6231    7.66621     1.8388     0.0270    99.3285     -4.474      87255          4  0.000e+00
          0   2434.484   2400.610   45.83446 -129.75840     1.8171     1.8199   3.134246   3.134294    34.6108    34.6084     0.8680     1.6294    7.66626     1.8388     0.0280    99.3023     -4.474      87256          4  0.000e+00
          0   2434.469   2400.595   45.83446 -129.75840     1.8171     1.8200   3.134257   3.134300    34.6109    34.6083     0.8680     1.6284    7.66624     1.8388     0.0270    99.3285     -4.468      87257          4  0.000e+00
          0   2434.546   2400.671   45.83446 -129.75840     1.8174     1.8199   3.134263   3.134300    34.6107    34.6085     0.8667     1.6219    7.66621     1.8388     0.0270    99.3285     -4.462      87258          4  0.000e+00
          0   2434.523   2400.648   45.83446 -129.75840     1.8172     1.8198   3.134263   3.134280    34.6109    34.6083     0.8680     1.6265    7.66623     1.8388     0.0280    99.3023     -4.462      87259          4  0.000e+00
          0   2434.484   2400.610   45.83446 -129.75840     1.8176     1.8199   3.134246   3.134273    34.6103    34.6082     0.8680     1.6271    7.66619     1.8388     0.0270    99.3285     -4.468      87260          4  0.000e+00
          0   2434.469   2400.595   45.83446 -129.75840     1.8174     1.8199   3.134240   3.134253    34.6104    34.6079     0.8680     1.6277    7.66622     1.8388     0.0270    99.3285     -4.479      87261          4  0.000e+00
          0   2280.060   2249.143   45.83444 -129.75842     1.8473     1.8500   3.130326   3.130335    34.6046    34.6018     0.8570     1.5427    7.66074     1.8694     0.0270    99.3285     -4.455      93666          5  0.000e+00
          0   2280.060   2249.143   45.83444 -129.75842     1.8473     1.8501   3.130326   3.130345    34.6046    34.6018     0.8582     1.5495    7.66074     1.8999     0.0270    99.3285     -4.467      93667          5  0.000e+00
          0   2280.013   2249.098   45.83444 -129.75842     1.8475     1.8500   3.130326   3.130366    34.6044    34.6022     0.8570     1.5437    7.66072     1.8999     0.0270    99.3285     -4.472      93668          5  0.000e+00
          0   2279.998   2249.083   45.83444 -129.75842     1.8475     1.8500   3.130303   3.130349    34.6041    34.6020     0.8570     1.5435    7.66073     1.8694     0.0270    99.3285     -4.478      93669          5  0.000e+00
          0   2279.998   2249.083   45.83444 -129.75842     1.8473     1.8500   3.130297   3.130329    34.6042    34.6018     0.8570     1.5433    7.66076     1.8694     0.0270    99.3285     -4.478      93670          5  0.000e+00
          0   2279.944   2249.030   45.83444 -129.75842     1.8473     1.8500   3.130315   3.130325    34.6045    34.6018     0.8570     1.5430    7.66075     1.8694     0.0270    99.3285     -4.472      93671          5  0.000e+00
          0   2279.952   2249.037   45.83444 -129.75842     1.8473     1.8498   3.130303   3.130325    34.6043    34.6019     0.8570     1.5428    7.66075     1.8694     0.0259    99.3547     -4.467      93672          5  0.000e+00
          0   2279.998   2249.083   45.83444 -129.75842     1.8473     1.8500   3.130274   3.130318    34.6040    34.6017     0.8570     1.5426    7.66078     1.8999     0.0259    99.3547     -4.461      93673          5  0.000e+00
          0   2279.882   2248.969   45.83444 -129.75842     1.8475     1.8498   3.130285   3.130339    34.6040    34.6021     0.8582     1.5507    7.66074     1.8999     0.0270    99.3285     -4.478      93674          5  0.000e+00
          0   2279.944   2249.030   45.83444 -129.75842     1.8473     1.8500   3.130297   3.130349    34.6043    34.6021     0.8570     1.5450    7.66076     1.8694     0.0270    99.3285     -4.478      93675          5  0.000e+00
          0   2279.952   2249.037   45.83444 -129.75842     1.8473     1.8497   3.130297   3.130342    34.6043    34.6023     0.8570     1.5463    7.66076     1.8694     0.0270    99.3285     -4.478      93676          5  0.000e+00
          0   2279.882   2248.969   45.83444 -129.75842     1.8475     1.8500   3.130274   3.130345    34.6038    34.6020     0.8570     1.5461    7.66075     1.8694     0.0259    99.3547     -4.472      93677          5  0.000e+00
          0   2279.882   2248.969   45.83444 -129.75842     1.8473     1.8497   3.130285   3.130329    34.6042    34.6022     0.8570     1.5459    7.66076     1.8694     0.0259    99.3547     -4.472      93678          5  0.000e+00
          0   2279.944   2249.030   45.83444 -129.75842     1.8475     1.8498   3.130297   3.130342    34.6041    34.6021     0.8570     1.5457    7.66073     1.8694     0.0259    99.3547     -4.472      93679          5  0.000e+00
          0   2279.890   2248.977   45.83446 -129.75842     1.8475     1.8500   3.130303   3.130325    34.6042    34.6018     0.8570     1.5455    7.66073     1.8694     0.0270    99.3285     -4.472      93680          5  0.000e+00
          0   2279.944   2249.030   45.83446 -129.75842     1.8472     1.8498   3.130297   3.130339    34.6044    34.6021     0.8557     1.5399    7.66077     1.8694     0.0270    99.3285     -4.472      93681          5  0.000e+00
          0   2279.882   2248.969   45.83446 -129.75842     1.8477     1.8498   3.130297   3.130329    34.6039    34.6020     0.8570     1.5469    7.66071     1.8388     0.0270    99.3285     -4.472      93682          5  0.000e+00
          0   2279.883   2248.970   45.83446 -129.75842     1.8475     1.8500   3.130297   3.130356    34.6041    34.6022     0.8570     1.5469    7.66073     1.8694     0.0270    99.3285     -4.461      93683          5  0.000e+00
          0   2279.952   2249.038   45.83446 -129.75842     1.8473     1.8501   3.130315   3.130335    34.6045    34.6017     0.8570     1.5469    7.66075     1.8388     0.0259    99.3547     -4.472      93684          5  0.000e+00
          0   2279.883   2248.970   45.83446 -129.75842     1.8473     1.8498   3.130303   3.130325    34.6044    34.6020     0.8570     1.5469    7.66075     1.8388     0.0259    99.3547     -4.478      93685          5  0.000e+00
          0   2279.945   2249.030   45.83446 -129.75842     1.8475     1.8501   3.130274   3.130342    34.6038    34.6018     0.8570     1.5469    7.66075     1.8694     0.0270    99.3285     -4.478      93686          5  0.000e+00
          0   2279.945   2249.030   45.83446 -129.75842     1.8473     1.8501   3.130309   3.130325    34.6044    34.6016     0.8570     1.5469    7.66075     1.8694     0.0270    99.3285     -4.467      93687          5  0.000e+00
          0   2279.890   2248.977   45.83446 -129.75842     1.8477     1.8501   3.130303   3.130359    34.6040    34.6020     0.8570     1.5469    7.66071     1.8388     0.0270    99.3285     -4.467      93688          5  0.000e+00
          0   2279.945   2249.031   45.83446 -129.75842     1.8473     1.8501   3.130338   3.130352    34.6048    34.6019     0.8570     1.5469    7.66073     1.8388     0.0270    99.3285     -4.472      93689          5  0.000e+00
          0   2279.999   2249.084   45.83446 -129.75842     1.8473     1.8503   3.130332   3.130349    34.6047    34.6017     0.8570     1.5469    7.66074     1.8694     0.0270    99.3285     -4.478      93690          5  0.000e+00
