TN407/CTD Data/TN-407_CTD-002.ros
* Sea-Bird SBE 9 Data File:
* FileName = C:\data\TN407\TN407_CTD_002.hex
* Software Version Seasave V 7.26.7.107
* Temperature SN = 2195
* Conductivity SN = 2903
* Number of Bytes Per Scan = 41
* Number of Voltage Words = 4
* Number of Scans Averaged by the Deck Unit = 1
* NMEA Latitude = 44 34.18 N
* NMEA Longitude = 125 08.80 W
* NMEA UTC (Time) = Aug 21 2022  06:35:11
* NMEA baud rate = 4800
** Cruise: TGT407
** Cast: 002
** Location:
** Date: 8-20-2022
** Water Depth: 775
** Operator: JN
# nquan = 21
# nvalues = 2328                                  
# units = specified
# name 0 = modError: Modulo Error Count
# name 1 = prDM: Pressure, Digiquartz [db]
# name 2 = depSM: Depth [salt water, m]
# name 3 = latitude: Latitude [deg]
# name 4 = longitude: Longitude [deg]
# name 5 = t090C: Temperature [ITS-90, deg C]
# name 6 = t190C: Temperature, 2 [ITS-90, deg C]
# name 7 = c0S/m: Conductivity [S/m]
# name 8 = c1S/m: Conductivity, 2 [S/m]
# name 9 = sal00: Salinity, Practical [PSU]
# name 10 = sal11: Salinity, Practical, 2 [PSU]
# name 11 = sbeox0V: Oxygen raw, SBE 43 [V]
# name 12 = sbeox0ML/L: Oxygen, SBE 43 [ml/l]
# name 13 = oxsolML/L: Oxygen Saturation, Garcia & Gordon [ml/l]
# name 14 = flECO-AFL: Fluorescence, WET Labs ECO-AFL/FL [mg/m^3]
# name 15 = CStarAt0: Beam Attenuation, WET Labs C-Star [1/m]
# name 16 = CStarTr0: Beam Transmission, WET Labs C-Star [%]
# name 17 = ph: pH
# name 18 = scan: Scan Count
# name 19 = nbf: Bottles Fired
# name 20 = flag:  0.000e+00
# interval = seconds: 0.0416667
# start_time = Aug 21 2022 06:35:11 [NMEA time, header]
# bad_flag = -9.990e-29
*END*
[from data line 1794]
          0     50.274     49.862   44.56962 -125.14662     8.6554     8.6553   3.475684   3.475598    32.7995    32.7986     2.1187     4.4747    6.59728     3.6703     0.0694    98.2794      7.851     101990         19  0.000e+00
          0     50.326     49.914   44.56962 -125.14662     8.6550     8.6552   3.475696   3.475619    32.7999    32.7989     2.1199     4.4789    6.59732     3.6703     0.0694    98.2794      7.856     101991         19  0.000e+00
          0     50.267     49.855   44.56962 -125.14662     8.6550     8.6551   3.475703   3.475647    32.8000    32.7994     2.1187     4.4753    6.59732     3.6703     0.0705    98.2532      7.856     101992         19  0.000e+00
          0     50.274     49.862   44.56962 -125.14662     8.6550     8.6551   3.475660   3.475633    32.7996    32.7992     2.1199     4.4794    6.59733     3.6703     0.0694    98.2794      7.856     101993         19  0.000e+00
          0     50.326     49.914   44.56962 -125.14662     8.6548     8.6549   3.475684   3.475626    32.8000    32.7992     2.1199     4.4796    6.59735     3.6703     0.0694    98.2794      7.856     101994         19  0.000e+00
          0     50.274     49.862   44.56962 -125.14662     8.6548     8.6549   3.475660   3.475626    32.7997    32.7993     2.1187     4.4765    6.59735     3.6703     0.0684    98.3056      7.856     101995         19  0.000e+00
          0     50.326     49.914   44.56962 -125.14662     8.6547     8.6549   3.475660   3.475605    32.7998    32.7990     2.1187     4.4768    6.59737     3.6703     0.0673    98.3319      7.856     101996         19  0.000e+00
          0     50.274     49.862   44.56962 -125.14662     8.6547     8.6551   3.475696   3.475619    32.8002    32.7991     2.1187     4.4766    6.59735     3.6703     0.0684    98.3056      7.856     101997         19  0.000e+00
          0     50.326     49.914   44.56962 -125.14662     8.6548     8.6545   3.475727   3.475647    32.8004    32.7999     2.1187     4.4769    6.59732     3.6703     0.0673    98.3319      7.856     101998         19  0.000e+00
          0     50.326     49.914   44.56962 -125.14662     8.6547     8.6546   3.475715   3.475612    32.8004    32.7994     2.1187     4.4767    6.59734     3.6703     0.0684    98.3056      7.856     101999         19  0.000e+00
          0     50.334     49.921   44.56962 -125.14662     8.6545     8.6546   3.475703   3.475619    32.8004    32.7995     2.1187     4.4766    6.59737     3.7009     0.0684    98.3056      7.856     102000         19  0.000e+00
          0     50.326     49.914   44.56962 -125.14662     8.6548     8.6546   3.475703   3.475647    32.8001    32.7998     2.1187     4.4764    6.59733     3.7009     0.0694    98.2794      7.856     102001         19  0.000e+00
          0     50.334     49.921   44.56962 -125.14662     8.6546     8.6546   3.475703   3.475633    32.8003    32.7996     2.1187     4.4768    6.59736     3.7009     0.0684    98.3056      7.856     102002         19  0.000e+00
          0     50.326     49.914   44.56962 -125.14662     8.6547     8.6547   3.475684   3.475647    32.8001    32.7996     2.1187     4.4766    6.59736     3.7009     0.0694    98.2794      7.856     102003         19  0.000e+00
          0     50.326     49.914   44.56962 -125.14662     8.6547     8.6546   3.475715   3.475633    32.8004    32.7996     2.1187     4.4770    6.59734     3.7009     0.0694    98.2794      7.856     102004         19  0.000e+00
          0     50.334     49.921   44.56962 -125.14662     8.6547     8.6549   3.475715   3.475626    32.8004    32.7992     2.1199     4.4807    6.59735     3.7009     0.0694    98.2794      7.856     102005         19  0.000e+00
          0     50.379     49.965   44.56962 -125.14662     8.6547     8.6548   3.475703   3.475584    32.8003    32.7989     2.1187     4.4776    6.59735     3.7009     0.0684    98.3056      7.856     102006         19  0.000e+00
          0     50.334     49.921   44.56962 -125.14662     8.6545     8.6547   3.475703   3.475633    32.8004    32.7995     2.1187     4.4775    6.59737     3.7009     0.0684    98.3056      7.856     102007         19  0.000e+00
          0     50.327     49.914   44.56962 -125.14662     8.6547     8.6547   3.475727   3.475633    32.8005    32.7995     2.1187     4.4774    6.59734     3.7009     0.0684    98.3056      7.856     102008         19  0.000e+00
          0     50.334     49.921   44.56962 -125.14662     8.6542     8.6549   3.475715   3.475626    32.8008    32.7992     2.1187     4.4773    6.59740     3.7009     0.0684    98.3056      7.862     102009         19  0.000e+00
          0     50.379     49.966   44.56962 -125.14662     8.6542     8.6547   3.475709   3.475605    32.8008    32.7992     2.1187     4.4772    6.59740     3.7009     0.0694    98.2794      7.856     102010         19  0.000e+00
          0     50.327     49.914   44.56962 -125.14662     8.6543     8.6549   3.475727   3.475619    32.8009    32.7992     2.1187     4.4771    6.59738     3.7009     0.0684    98.3056      7.856     102011         19  0.000e+00
          0     50.386     49.973   44.56962 -125.14662     8.6542     8.6551   3.475715   3.475626    32.8008    32.7991     2.1187     4.4770    6.59740     3.7009     0.0684    98.3056      7.856     102012         19  0.000e+00
          0     50.379     49.966   44.56962 -125.14662     8.6537     8.6551   3.475727   3.475647    32.8014    32.7993     2.1187     4.4770    6.59744     3.7009     0.0673    98.3319      7.856     102013         19  0.000e+00
          0     50.334     49.921   44.56962 -125.14662     8.6539     8.6554   3.475733   3.475633    32.8013    32.7989     2.1187     4.4768    6.59742     3.7009     0.0673    98.3319      7.856     102014         19  0.000e+00
          0     50.379     49.966   44.56962 -125.14662     8.6541     8.6552   3.475733   3.475605    32.8012    32.7987     2.1187     4.4767    6.59740     3.7009     0.0673    98.3319      7.856     102015         19  0.000e+00
          0     50.379     49.966   44.56962 -125.14662     8.6536     8.6556   3.475715   3.475598    32.8014    32.7983     2.1187     4.4766    6.59746     3.7314     0.0684    98.3056      7.856     102016         19  0.000e+00
          0     50.386     49.973   44.56962 -125.14662     8.6541     8.6556   3.475703   3.475598    32.8008    32.7983     2.1187     4.4765    6.59742     3.7009     0.0694    98.2794      7.856     102017         19  0.000e+00
          0     50.379     49.966   44.56962 -125.14662     8.6539     8.6554   3.475751   3.475619    32.8015    32.7987     2.1187     4.4764    6.59741     3.7009     0.0694    98.2794      7.856     102018         19  0.000e+00
          0     50.386     49.973   44.56962 -125.14662     8.6540     8.6554   3.475764   3.475605    32.8015    32.7985     2.1187     4.4758    6.59740     3.7009     0.0694    98.2794      7.856     102019         19  0.000e+00
          0     50.379     49.966   44.56962 -125.14662     8.6539     8.6553   3.475745   3.475619    32.8014    32.7988     2.1187     4.4757    6.59742     3.7009     0.0694    98.2794      7.856     102020         19  0.000e+00
          0     50.386     49.973   44.56962 -125.14662     8.6539     8.6554   3.475733   3.475605    32.8013    32.7985     2.1187     4.4756    6.59742     3.7009     0.0694    98.2794      7.856     102021         19  0.000e+00
          0     50.379     49.966   44.56962 -125.14662     8.6536     8.6552   3.475715   3.475640    32.8014    32.7991     2.1187     4.4755    6.59746     3.7009     0.0705    98.2532      7.856     102022         19  0.000e+00
          0     50.379     49.966   44.56962 -125.14662     8.6536     8.6553   3.475745   3.475633    32.8017    32.7990     2.1187     4.4758    6.59745     3.7619     0.0705    98.2532      7.856     102023         19  0.000e+00
          0     50.386     49.973   44.56962 -125.14662     8.6539     8.6552   3.475721   3.475626    32.8012    32.7990     2.1187     4.4757    6.59743     3.7619     0.0716    98.2270      7.856     102024         19  0.000e+00
          0     50.379     49.966   44.56962 -125.14662     8.6541     8.6553   3.475703   3.475626    32.8008    32.7989     2.1187     4.4756    6.59742     3.7619     0.0737    98.1745      7.856     102025         19  0.000e+00
          0     50.446     50.032   44.56962 -125.14662     8.6539     8.6552   3.475703   3.475605    32.8009    32.7987     2.1187     4.4755    6.59744     3.7619     0.0726    98.2007      7.856     102026         19  0.000e+00
          0     50.379     49.966   44.56962 -125.14662     8.6541     8.6553   3.475727   3.475577    32.8011    32.7984     2.1187     4.4754    6.59741     3.7619     0.0726    98.2007      7.856     102027         19  0.000e+00
          0     50.438     50.025   44.56962 -125.14662     8.6540     8.6552   3.475684   3.475612    32.8007    32.7988     2.1187     4.4753    6.59743     3.7619     0.0716    98.2270      7.856     102028         19  0.000e+00
          0     50.386     49.973   44.56962 -125.14662     8.6541     8.6553   3.475739   3.475626    32.8012    32.7989     2.1187     4.4752    6.59740     3.7619     0.0705    98.2532      7.856     102029         19  0.000e+00
          0     50.379     49.966   44.56962 -125.14662     8.6541     8.6551   3.475715   3.475626    32.8010    32.7991     2.1175     4.4712    6.59741     3.7619     0.0705    98.2532      7.856     102030         19  0.000e+00
          0     50.446     50.032   44.56962 -125.14662     8.6542     8.6547   3.475727   3.475648    32.8009    32.7996     2.1187     4.4746    6.59739     3.7619     0.0694    98.2794      7.856     102031         19  0.000e+00
          0     50.379     49.966   44.56962 -125.14662     8.6541     8.6549   3.475709   3.475633    32.8009    32.7993     2.1187     4.4745    6.59742     3.7619     0.0694    98.2794      7.856     102032         19  0.000e+00
          0     50.446     50.032   44.56962 -125.14662     8.6539     8.6549   3.475703   3.475626    32.8009    32.7992     2.1187     4.4744    6.59744     3.7619     0.0684    98.3056      7.856     102033         19  0.000e+00
          0     50.438     50.025   44.56962 -125.14662     8.6539     8.6553   3.475727   3.475626    32.8012    32.7989     2.1175     4.4705    6.59743     3.7619     0.0684    98.3056      7.851     102034         19  0.000e+00
          0     50.379     49.966   44.56962 -125.14662     8.6537     8.6554   3.475733   3.475626    32.8014    32.7988     2.1187     4.4742    6.59744     3.7619     0.0673    98.3319      7.856     102035         19  0.000e+00
          0     50.446     50.032   44.56962 -125.14662     8.6540     8.6554   3.475733   3.475626    32.8012    32.7987     2.1187     4.4742    6.59741     3.7619     0.0684    98.3056      7.856     102036         19  0.000e+00
          0     50.439     50.025   44.56962 -125.14662     8.6537     8.6559   3.475757   3.475605    32.8017    32.7981     2.1199     4.4780    6.59743     3.7619     0.0684    98.3056      7.856     102037         19  0.000e+00
          0     50.386     49.973   44.56962 -125.14662     8.6534     8.6559   3.475739   3.475598    32.8018    32.7980     2.1187     4.4750    6.59748     3.7619     0.0684    98.3056      7.856     102038         19  0.000e+00
          0     50.226     49.814   44.56964 -125.14662     8.6542     8.6564   3.475135   3.475442    32.7948    32.7960     2.1199     4.4845    6.59765     3.8840     0.0673    98.3319      7.862     102454         20  0.000e+00
          0     50.285     49.873   44.56964 -125.14662     8.6542     8.6562   3.475166   3.475506    32.7951    32.7968     2.1211     4.4877    6.59764     3.8840     0.0673    98.3319      7.862     102455         20  0.000e+00
          0     50.226     49.814   44.56964 -125.14662     8.6541     8.6562   3.475172   3.475520    32.7953    32.7970     2.1199     4.4841    6.59765     3.8840     0.0673    98.3319      7.862     102456         20  0.000e+00
          0     50.278     49.866   44.56964 -125.14662     8.6541     8.6561   3.475196   3.475538    32.7956    32.7972     2.1211     4.4874    6.59764     3.8840     0.0684    98.3056      7.862     102457         20  0.000e+00
          0     50.285     49.873   44.56964 -125.14662     8.6542     8.6561   3.475160   3.475545    32.7950    32.7974     2.1199     4.4838    6.59764     3.8840     0.0673    98.3319      7.862     102458         20  0.000e+00
          0     50.278     49.866   44.56964 -125.14662     8.6542     8.6561   3.475239   3.475524    32.7959    32.7971     2.1199     4.4831    6.59761     3.8840     0.0684    98.3056      7.862     102459         20  0.000e+00
          0     50.285     49.873   44.56964 -125.14662     8.6542     8.6561   3.475227   3.475559    32.7957    32.7975     2.1199     4.4829    6.59761     3.8840     0.0673    98.3319      7.862     102460         20  0.000e+00
          0     50.337     49.925   44.56964 -125.14662     8.6542     8.6563   3.475276   3.475552    32.7962    32.7972     2.1211     4.4865    6.59759     3.8840     0.0673    98.3319      7.862     102461         20  0.000e+00
          0     50.285     49.873   44.56964 -125.14662     8.6546     8.6559   3.475282   3.475545    32.7959    32.7975     2.1211     4.4866    6.59754     3.8230     0.0673    98.3319      7.862     102462         20  0.000e+00
          0     50.337     49.925   44.56964 -125.14662     8.6544     8.6561   3.475270   3.475545    32.7960    32.7974     2.1199     4.4825    6.59758     3.7924     0.0673    98.3319      7.862     102463         20  0.000e+00
          0     50.278     49.866   44.56964 -125.14662     8.6545     8.6559   3.475294   3.475605    32.7962    32.7981     2.1211     4.4860    6.59755     3.7924     0.0673    98.3319      7.862     102464         20  0.000e+00
          0     50.345     49.932   44.56964 -125.14662     8.6544     8.6561   3.475282   3.475545    32.7961    32.7974     2.1199     4.4824    6.59757     3.7924     0.0684    98.3056      7.862     102465         20  0.000e+00
          0     50.337     49.925   44.56964 -125.14662     8.6545     8.6563   3.475270   3.475559    32.7959    32.7973     2.1211     4.4859    6.59756     3.7924     0.0684    98.3056      7.862     102466         20  0.000e+00
          0     50.397     49.984   44.56964 -125.14662     8.6545     8.6562   3.475270   3.475552    32.7959    32.7973     2.1199     4.4822    6.59756     3.7924     0.0684    98.3056      7.856     102467         20  0.000e+00
          0     50.337     49.925   44.56964 -125.14662     8.6545     8.6561   3.475312   3.475545    32.7963    32.7973     2.1211     4.4856    6.59754     3.7924     0.0684    98.3056      7.862     102468         20  0.000e+00
          0     50.390     49.976   44.56964 -125.14662     8.6548     8.6562   3.475379   3.475524    32.7967    32.7970     2.1199     4.4815    6.59748     3.7924     0.0684    98.3056      7.862     102469         20  0.000e+00
          0     50.397     49.984   44.56964 -125.14662     8.6551     8.6564   3.475416   3.475520    32.7969    32.7967     2.1211     4.4849    6.59744     3.7924     0.0684    98.3056      7.862     102470         20  0.000e+00
          0     50.337     49.925   44.56964 -125.14662     8.6552     8.6564   3.475422   3.475520    32.7968    32.7968     2.1199     4.4811    6.59742     3.7924     0.0684    98.3056      7.862     102471         20  0.000e+00
          0     50.397     49.984   44.56964 -125.14662     8.6555     8.6565   3.475422   3.475499    32.7965    32.7964     2.1211     4.4845    6.59739     3.7924     0.0684    98.3056      7.862     102472         20  0.000e+00
