TN407/CTD Data/TN-407_CTD-005.ros
* Sea-Bird SBE 9 Data File:
* FileName = C:\data\TN407\TN407_CTD_005hex.hex
* Software Version Seasave V 7.26.7.107
* Temperature SN = 2195
* Conductivity SN = 2903
* Number of Bytes Per Scan = 41
* Number of Voltage Words = 4
* Number of Scans Averaged by the Deck Unit = 1
* NMEA Latitude = 44 21.87 N
* NMEA Longitude = 124 56.90 W
* NMEA UTC (Time) = Aug 26 2022  13:57:26
* NMEA baud rate = 4800
** Cruise: TGT407
** Cast: 005
** Location: Oregon Offshore
** Date: 8-26-2022
** Water Depth: 585
** Operator: JN
# nquan = 21
# nvalues = 2328                                  
# units = specified
# name 0 = modError: Modulo Error Count
# name 1 = prDM: Pressure, Digiquartz [db]
# name 2 = depSM: Depth [salt water, m]
# name 3 = latitude: Latitude [deg]
# name 4 = longitude: Longitude [deg]
# name 5 = t090C: Temperature [ITS-90, deg C]
# name 6 = t190C: Temperature, 2 [ITS-90, deg C]
# name 7 = c0S/m: Conductivity [S/m]
# name 8 = c1S/m: Conductivity, 2 [S/m]
# name 9 = sal00: Salinity, Practical [PSU]
# name 10 = sal11: Salinity, Practical, 2 [PSU]
# name 11 = sbeox0V: Oxygen raw, SBE 43 [V]
# name 12 = sbeox0ML/L: Oxygen, SBE 43 [ml/l]
# name 13 = oxsolML/L: Oxygen Saturation, Garcia & Gordon [ml/l]
# name 14 = flECO-AFL: Fluorescence, WET Labs ECO-AFL/FL [mg/m^3]
# name 15 = CStarAt0: Beam Attenuation, WET Labs C-Star [1/m]
# name 16 = CStarTr0: Beam Transmission, WET Labs C-Star [%]
# name 17 = ph: pH
# name 18 = scan: Scan Count
# name 19 = nbf: Bottles Fired
# name 20 = flag:  0.000e+00
# interval = seconds: 0.0416667
# start_time = Aug 26 2022 13:57:26 [NMEA time, header]
# bad_flag = -9.990e-29
*END*
[from data line 2138]
          0     10.325     10.242   44.36458 -124.94820    15.5175    15.4958   3.946759   3.944743    31.4524    31.4518     2.9952     5.9369    5.75831     6.2039     0.2084    94.9223      8.171      87006         23  0.000e+00
          0     10.288     10.205   44.36458 -124.94820    15.5178    15.4951   3.946804   3.944795    31.4525    31.4528     2.9964     5.9401    5.75827     6.1429     0.2084    94.9223      8.171      87007         23  0.000e+00
          0     10.325     10.242   44.36458 -124.94820    15.5193    15.4967   3.946939   3.944908    31.4525    31.4526     2.9964     5.9403    5.75809     5.9597     0.2062    94.9748      8.171      87008         23  0.000e+00
          0     10.288     10.205   44.36458 -124.94820    15.5264    15.4981   3.947349   3.944972    31.4505    31.4521     2.9964     5.9398    5.75735     5.9292     0.2062    94.9748      8.165      87009         23  0.000e+00
          0     10.325     10.242   44.36458 -124.94820    15.5316    15.4984   3.947631   3.944908    31.4489    31.4512     2.9952     5.9364    5.75682     5.9292     0.2084    94.9223      8.165      87010         23  0.000e+00
          0     10.236     10.153   44.36458 -124.94820    15.5336    15.4972   3.947875   3.944863    31.4495    31.4518     2.9952     5.9359    5.75657     5.9292     0.2107    94.8699      8.171      87011         23  0.000e+00
          0     10.273     10.190   44.36458 -124.94820    15.5383    15.4963   3.948080   3.944810    31.4475    31.4520     2.9964     5.9387    5.75610     5.9292     0.2107    94.8699      8.171      87012         23  0.000e+00
          0     10.273     10.190   44.36458 -124.94820    15.5415    15.4965   3.948568   3.944818    31.4493    31.4519     2.9964     5.9386    5.75567     5.9292     0.2095    94.8961      8.165      87013         23  0.000e+00
          0     10.236     10.153   44.36458 -124.94820    15.5515    15.4970   3.949042   3.944825    31.4456    31.4516     2.9952     5.9346    5.75467     5.9292     0.2095    94.8961      8.165      87014         23  0.000e+00
          0     10.214     10.131   44.36458 -124.94820    15.5539    15.4974   3.949055   3.944803    31.4437    31.4511     2.9952     5.9345    5.75445     5.9292     0.2140    94.7912      8.171      87015         23  0.000e+00
          0     10.236     10.153   44.36458 -124.94820    15.5543    15.4972   3.948959   3.944818    31.4426    31.4514     2.9964     5.9375    5.75445     5.9292     0.2206    94.6338      8.171      87016         23  0.000e+00
          0     10.214     10.131   44.36458 -124.94820    15.5524    15.4972   3.948510   3.944848    31.4401    31.4517     2.9964     5.9382    5.75475     5.9292     0.2206    94.6338      8.165      87017         23  0.000e+00
          0     10.177     10.095   44.36458 -124.94820    15.5442    15.4972   3.947977   3.944855    31.4420    31.4518     2.9964     5.9394    5.75563     5.9597     0.2173    94.7125      8.165      87018         23  0.000e+00
          0     10.162     10.080   44.36458 -124.94820    15.5381    15.4977   3.947933   3.944878    31.4464    31.4516     2.9964     5.9401    5.75616     5.9292     0.2140    94.7912      8.171      87019         23  0.000e+00
          0     10.177     10.095   44.36458 -124.94820    15.5384    15.4992   3.948279   3.945020    31.4493    31.4516     2.9964     5.9400    5.75603     5.9292     0.2118    94.8437      8.171      87020         23  0.000e+00
          0     10.162     10.080   44.36458 -124.94820    15.5420    15.5004   3.948555   3.945069    31.4488    31.4511     2.9964     5.9399    5.75563     5.9597     0.2107    94.8699      8.171      87021         23  0.000e+00
          0     10.177     10.095   44.36458 -124.94820    15.5425    15.4997   3.948375   3.945092    31.4468    31.4518     2.9976     5.9432    5.75565     5.9292     0.2095    94.8961      8.171      87022         23  0.000e+00
          0     10.162     10.080   44.36458 -124.94820    15.5407    15.5004   3.948221   3.945122    31.4469    31.4515     2.9964     5.9405    5.75585     5.9292     0.2084    94.9223      8.165      87023         23  0.000e+00
          0     10.125     10.043   44.36458 -124.94820    15.5397    15.5021   3.948349   3.945242    31.4489    31.4513     2.9976     5.9438    5.75590     5.9292     0.2073    94.9486      8.171      87024         23  0.000e+00
          0     10.110     10.028   44.36458 -124.94820    15.5450    15.5046   3.949036   3.945531    31.4507    31.4519     2.9976     5.9433    5.75522     5.9292     0.2062    94.9748      8.171      87025         23  0.000e+00
          0     10.110     10.028   44.36458 -124.94820    15.5537    15.5075   3.949716   3.945726    31.4498    31.4513     2.9964     5.9396    5.75426     5.9292     0.2051    95.0010      8.165      87026         23  0.000e+00
          0     10.125     10.043   44.36458 -124.94820    15.5596    15.5091   3.949953   3.945853    31.4472    31.4512     2.9964     5.9390    5.75368     5.9292     0.2051    95.0010      8.171      87027         23  0.000e+00
          0     10.110     10.029   44.36458 -124.94820    15.5630    15.5105   3.950081   3.945951    31.4456    31.4509     2.9976     5.9418    5.75335     5.9292     0.2040    95.0273      8.171      87028         23  0.000e+00
          0     10.125     10.043   44.36458 -124.94820    15.5655    15.5158   3.950274   3.946090    31.4453    31.4479     2.9964     5.9385    5.75307     5.9292     0.2040    95.0273      8.165      87029         23  0.000e+00
          0     10.051      9.970   44.36458 -124.94820    15.5700    15.5191   3.950441   3.946262    31.4432    31.4468     2.9964     5.9380    5.75263     5.9292     0.2040    95.0273      8.171      87030         23  0.000e+00
          0     10.073      9.992   44.36458 -124.94820    15.5727    15.5198   3.950466   3.946330    31.4413    31.4468     2.9976     5.9408    5.75239     5.9597     0.2051    95.0010      8.171      87031         23  0.000e+00
          0     10.110     10.029   44.36458 -124.94820    15.5759    15.5188   3.950357   3.946247    31.4378    31.4469     2.9976     5.9405    5.75215     5.9597     0.2051    95.0010      8.171      87032         23  0.000e+00
          0     10.073      9.992   44.36458 -124.94820    15.5737    15.5169   3.950113   3.946172    31.4374    31.4478     2.9976     5.9409    5.75241     5.9597     0.2051    95.0010      8.171      87033         23  0.000e+00
          0     10.051      9.970   44.36458 -124.94820    15.5670    15.5154   3.950024   3.946067    31.4419    31.4480     2.9976     5.9416    5.75302     5.9597     0.2062    94.9748      8.165      87034         23  0.000e+00
          0     10.073      9.992   44.36458 -124.94820    15.5636    15.5134   3.950056   3.945947    31.4449    31.4485     2.9988     5.9452    5.75330     5.9597     0.2062    94.9748      8.171      87035         23  0.000e+00
          0     10.051      9.970   44.36458 -124.94820    15.5608    15.5099   3.950158   3.945756    31.4481    31.4496     2.9988     5.9461    5.75351     5.9597     0.2051    95.0010      8.171      87036         23  0.000e+00
          0     10.014      9.933   44.36458 -124.94820    15.5613    15.5081   3.950133   3.945636    31.4475    31.4500     2.9976     5.9431    5.75348     5.9597     0.2051    95.0010      8.171      87037         23  0.000e+00
          0     10.051      9.970   44.36458 -124.94820    15.5631    15.5067   3.950139   3.945501    31.4461    31.4499     2.9976     5.9430    5.75332     5.9597     0.2051    95.0010      8.171      87038         23  0.000e+00
          0     10.051      9.970   44.36458 -124.94820    15.5647    15.5056   3.950178   3.945392    31.4452    31.4498     2.9988     5.9460    5.75317     5.9597     0.2051    95.0010      8.171      87039         23  0.000e+00
          0     10.073      9.992   44.36458 -124.94820    15.5663    15.5046   3.950203   3.945414    31.4441    31.4509     2.9988     5.9461    5.75302     5.9597     0.2051    95.0010      8.171      87040         23  0.000e+00
          0      9.999      9.918   44.36458 -124.94820    15.5674    15.5042   3.950165   3.945478    31.4429    31.4518     2.9976     5.9430    5.75294     5.9597     0.2051    95.0010      8.165      87041         23  0.000e+00
          0     10.073      9.992   44.36458 -124.94820    15.5674    15.5034   3.950126   3.945471    31.4426    31.4523     2.9976     5.9430    5.75296     5.9597     0.2040    95.0273      8.171      87042         23  0.000e+00
          0      9.999      9.918   44.36458 -124.94820    15.5683    15.5045   3.950088   3.945508    31.4415    31.4518     2.9988     5.9462    5.75288     5.9597     0.2040    95.0273      8.171      87043         23  0.000e+00
          0     10.074      9.992   44.36458 -124.94820    15.5685    15.5055   3.950081   3.945703    31.4412    31.4527     2.9988     5.9463    5.75287     5.9902     0.2040    95.0273      8.171      87044         23  0.000e+00
          0      9.999      9.918   44.36458 -124.94820    15.5678    15.5061   3.950030   3.945970    31.4414    31.4546     2.9988     5.9464    5.75295     5.9597     0.2051    95.0010      8.171      87045         23  0.000e+00
          0     10.074      9.992   44.36458 -124.94820    15.5657    15.5077   3.949959   3.946311    31.4424    31.4563     2.9988     5.9471    5.75315     5.9597     0.2062    94.9748      8.171      87046         23  0.000e+00
          0      9.947      9.867   44.36458 -124.94820    15.5640    15.5099   3.949812   3.946649    31.4425    31.4576     2.9988     5.9475    5.75334     5.9597     0.2051    95.0010      8.171      87047         23  0.000e+00
          0     10.126     10.044   44.36458 -124.94820    15.5627    15.5132   3.949696   3.947028    31.4425    31.4583     3.0000     5.9513    5.75350     5.9597     0.2062    94.9748      8.171      87048         23  0.000e+00
          0     10.051      9.970   44.36458 -124.94820    15.5590    15.5271   3.949414   3.947535    31.4430    31.4517     3.0000     5.9519    5.75390     5.9597     0.2051    95.0010      8.171      87049         23  0.000e+00
          0     10.014      9.933   44.36458 -124.94820    15.5549    15.5345   3.949196   3.948192    31.4443    31.4517     2.9988     5.9493    5.75432     5.9597     0.2051    95.0010      8.171      87050         23  0.000e+00
          0     10.051      9.970   44.36458 -124.94820    15.5522    15.5462   3.949119   3.948777    31.4457    31.4475     2.9988     5.9496    5.75457     5.9902     0.2051    95.0010      8.171      87051         23  0.000e+00
          0     10.074      9.992   44.36458 -124.94820    15.5499    15.5575   3.949042   3.949164    31.4469    31.4419     3.0000     5.9532    5.75480     5.9597     0.2040    95.0273      8.171      87052         23  0.000e+00
          0      9.999      9.919   44.36458 -124.94820    15.5476    15.5615   3.948786   3.949520    31.4465    31.4419     3.0000     5.9538    5.75508     5.9597     0.2040    95.0273      8.171      87053         23  0.000e+00
          0     10.051      9.970   44.36458 -124.94820    15.5440    15.5619   3.948324   3.949791    31.4452    31.4440     3.0013     5.9576    5.75553     6.1123     0.2029    95.0535      8.171      87054         23  0.000e+00
          0     10.074      9.992   44.36458 -124.94820    15.5386    15.5647   3.947920   3.949975    31.4459    31.4433     3.0000     5.9553    5.75612     6.1734     0.2029    95.0535      8.171      87055         23  0.000e+00
          0     10.052      9.970   44.36458 -124.94820    15.5343    15.5706   3.947798   3.950098    31.4483    31.4397     2.9988     5.9528    5.75654     6.2039     0.2051    95.0010      8.171      87056         23  0.000e+00
          0     10.074      9.992   44.36458 -124.94820    15.5336    15.5741   3.948196   3.950215    31.4524    31.4380     2.9988     5.9527    5.75647     6.1734     0.2051    95.0010      8.171      87057         23  0.000e+00
          0     10.111     10.029   44.36458 -124.94820    15.5392    15.5741   3.948645   3.950087    31.4518    31.4369     2.9988     5.9520    5.75584     6.1734     0.2062    94.9748      8.171      87058         23  0.000e+00
          0     10.074      9.992   44.36458 -124.94820    15.5427    15.5673   3.948683   3.949554    31.4495    31.4376     2.9988     5.9513    5.75553     6.1734     0.2084    94.9223      8.171      87059         23  0.000e+00
          0     10.052      9.970   44.36458 -124.94820    15.5423    15.5577   3.948548   3.949010    31.4485    31.4404     3.0000     5.9542    5.75560     6.1734     0.2095    94.8961      8.171      87060         23  0.000e+00
          0     10.126     10.044   44.36458 -124.94820    15.5417    15.5477   3.948433   3.948450    31.4480    31.4434     3.0000     5.9544    5.75570     6.1734     0.2095    94.8961      8.171      87061         23  0.000e+00
          0     10.111     10.029   44.36458 -124.94820    15.5410    15.5438   3.948375   3.947914    31.4481    31.4417     3.0000     5.9546    5.75578     6.1734     0.2073    94.9486      8.171      87062         23  0.000e+00
          0     10.074      9.993   44.36458 -124.94820    15.5406    15.5352   3.948394   3.947354    31.4486    31.4437     3.0000     5.9544    5.75580     6.1734     0.2062    94.9748      8.171      87063         23  0.000e+00
          0     10.163     10.081   44.36458 -124.94820    15.5401    15.5274   3.948369   3.946942    31.4487    31.4462     3.0000     5.9542    5.75585     6.1734     0.2062    94.9748      8.171      87064         23  0.000e+00
          0     10.074      9.993   44.36458 -124.94820    15.5407    15.5242   3.948394   3.946784    31.4485    31.4473     3.0000     5.9540    5.75580     6.2039     0.2062    94.9748      8.171      87065         23  0.000e+00
          0     10.163     10.081   44.36458 -124.94820    15.5410    15.5232   3.948407   3.946739    31.4483    31.4477     2.9988     5.9508    5.75577     6.1734     0.2051    95.0010      8.171      87066         23  0.000e+00
          0     10.111     10.030   44.36458 -124.94820    15.5403    15.5225   3.948221   3.946664    31.4472    31.4476     3.0000     5.9537    5.75588     6.1734     0.2051    95.0010      8.171      87067         23  0.000e+00
          0     10.178     10.096   44.36458 -124.94820    15.5377    15.5219   3.948048   3.946619    31.4477    31.4477     3.0000     5.9539    5.75616     6.1734     0.2062    94.9748      8.171      87068         23  0.000e+00
          0     10.163     10.081   44.36458 -124.94820    15.5354    15.5210   3.947990   3.946611    31.4491    31.4483     3.0000     5.9540    5.75638     6.1734     0.2051    95.0010      8.171      87069         23  0.000e+00
          0     10.126     10.044   44.36458 -124.94820    15.5358    15.5206   3.948247   3.946634    31.4511    31.4489     2.9988     5.9505    5.75627     6.1734     0.2040    95.0273      8.171      87070         23  0.000e+00
          0     10.215     10.133   44.36458 -124.94820    15.5423    15.5201   3.948850   3.946619    31.4512    31.4491     3.0000     5.9527    5.75551     6.1734     0.2040    95.0273      8.171      87071         23  0.000e+00
          0     10.178     10.096   44.36458 -124.94820    15.5504    15.5200   3.949446   3.946611    31.4501    31.4491     2.9988     5.9483    5.75463     6.1734     0.2040    95.0273      8.171      87072         23  0.000e+00
          0     10.163     10.081   44.36458 -124.94820    15.5541    15.5222   3.949934   3.946701    31.4514    31.4482     2.9988     5.9476    5.75416     6.1734     0.2073    94.9486      8.171      87073         23  0.000e+00
