TN407/CTD Data/TN-407_CTD-001.ros
* Sea-Bird SBE 9 Data File:
* FileName = C:\data\TN407\TN407_CTD_001.hex
* Software Version Seasave V 7.26.7.107
* Temperature SN = 2195
* Conductivity SN = 2903
* Number of Bytes Per Scan = 41
* Number of Voltage Words = 4
* Number of Scans Averaged by the Deck Unit = 1
* NMEA Latitude = 45 49.59 N
* NMEA Longitude = 129 44.84 W
* NMEA UTC (Time) = Aug 12 2022  19:38:50
* NMEA baud rate = 4800
** Cruise: TGT407
** Cast: 001
** Location:
** Date: 8-12-2022
** Water Depth:
** Operator: JN
# nquan = 21
# nvalues = 2328                                  
# units = specified
# name 0 = modError: Modulo Error Count
# name 1 = prDM: Pressure, Digiquartz [db]
# name 2 = depSM: Depth [salt water, m]
# name 3 = latitude: Latitude [deg]
# name 4 = longitude: Longitude [deg]
# name 5 = t090C: Temperature [ITS-90, deg C]
# name 6 = t190C: Temperature, 2 [ITS-90, deg C]
# name 7 = c0S/m: Conductivity [S/m]
# name 8 = c1S/m: Conductivity, 2 [S/m]
# name 9 = sal00: Salinity, Practical [PSU]
# name 10 = sal11: Salinity, Practical, 2 [PSU]
# name 11 = sbeox0V: Oxygen raw, SBE 43 [V]
# name 12 = sbeox0ML/L: Oxygen, SBE 43 [ml/l]
# name 13 = oxsolML/L: Oxygen Saturation, Garcia & Gordon [ml/l]
# name 14 = flECO-AFL: Fluorescence, WET Labs ECO-AFL/FL [mg/m^3]
# name 15 = CStarAt0: Beam Attenuation, WET Labs C-Star [1/m]
# name 16 = CStarTr0: Beam Transmission, WET Labs C-Star [%]
# name 17 = ph: pH
# name 18 = scan: Scan Count
# name 19 = nbf: Bottles Fired
# name 20 = flag:  0.000e+00
# interval = seconds: 0.0416667
# start_time = Aug 12 2022 19:38:50 [NMEA time, header]
# bad_flag = -9.990e-29
*END*
[from data line 621]
          0    161.499    160.114   45.82648 -129.74728     7.3868     7.3932   3.451582   3.451621    33.6948    33.6890     1.8196     3.7943    6.74931     1.8388     0.0386    99.0400      7.710      29755          7  0.000e+00
          0    161.552    160.165   45.82648 -129.74728     7.3868     7.3938   3.451582   3.451642    33.6948    33.6886     1.8184     3.7907    6.74931     1.8083     0.0375    99.0662      7.710      29756          7  0.000e+00
          0    161.552    160.165   45.82648 -129.74728     7.3868     7.3937   3.451582   3.451649    33.6948    33.6887     1.8171     3.7871    6.74931     1.8083     0.0386    99.0400      7.710      29757          7  0.000e+00
          0    161.500    160.114   45.82648 -129.74728     7.3868     7.3939   3.451582   3.451628    33.6948    33.6883     1.8171     3.7869    6.74931     1.7778     0.0386    99.0400      7.716      29758          7  0.000e+00
          0    161.552    160.165   45.82648 -129.74728     7.3869     7.3937   3.451582   3.451642    33.6946    33.6887     1.8184     3.7909    6.74929     1.7473     0.0386    99.0400      7.710      29759          7  0.000e+00
          0    161.515    160.129   45.82648 -129.74728     7.3869     7.3935   3.451600   3.451664    33.6948    33.6892     1.8184     3.7908    6.74928     1.7778     0.0386    99.0400      7.710      29760          7  0.000e+00
          0    161.611    160.225   45.82648 -129.74728     7.3869     7.3932   3.451612   3.451674    33.6949    33.6895     1.8171     3.7872    6.74928     1.7473     0.0375    99.0662      7.710      29761          7  0.000e+00
          0    161.440    160.055   45.82648 -129.74728     7.3872     7.3923   3.451588   3.451657    33.6944    33.6902     1.8159     3.7830    6.74925     1.7778     0.0375    99.0662      7.716      29762          7  0.000e+00
          0    161.552    160.166   45.82648 -129.74728     7.3871     7.3920   3.451648   3.451628    33.6952    33.6902     1.8171     3.7860    6.74924     1.7473     0.0375    99.0662      7.710      29763          7  0.000e+00
          0    161.552    160.166   45.82648 -129.74728     7.3871     7.3915   3.451600   3.451642    33.6947    33.6909     1.8171     3.7865    6.74926     1.7778     0.0375    99.0662      7.716      29764          7  0.000e+00
          0    161.552    160.166   45.82648 -129.74728     7.3872     7.3917   3.451600   3.451628    33.6945    33.6905     1.8171     3.7860    6.74925     1.7473     0.0375    99.0662      7.710      29765          7  0.000e+00
          0    161.552    160.166   45.82648 -129.74728     7.3871     7.3916   3.451630   3.451642    33.6950    33.6908     1.8171     3.7855    6.74925     1.7778     0.0386    99.0400      7.716      29766          7  0.000e+00
          0    161.612    160.225   45.82648 -129.74728     7.3874     7.3913   3.451618   3.451671    33.6945    33.6913     1.8172     3.7855    6.74922     1.7473     0.0375    99.0662      7.716      29767          7  0.000e+00
          0    161.440    160.055   45.82648 -129.74728     7.3871     7.3911   3.451612   3.451635    33.6949    33.6912     1.8172     3.7850    6.74926     1.7473     0.0386    99.0400      7.710      29768          7  0.000e+00
          0    161.626    160.240   45.82648 -129.74728     7.3871     7.3909   3.451630   3.451621    33.6950    33.6911     1.8172     3.7851    6.74925     1.7778     0.0375    99.0662      7.716      29769          7  0.000e+00
          0    161.500    160.114   45.82648 -129.74728     7.3872     7.3910   3.451661   3.451635    33.6952    33.6913     1.8184     3.7890    6.74922     1.7473     0.0386    99.0400      7.710      29770          7  0.000e+00
          0    161.552    160.166   45.82648 -129.74728     7.3874     7.3919   3.451624   3.451607    33.6946    33.6901     1.8172     3.7856    6.74922     1.7778     0.0386    99.0400      7.716      29771          7  0.000e+00
          0    161.552    160.166   45.82648 -129.74728     7.3876     7.3918   3.451630   3.451657    33.6945    33.6907     1.8172     3.7856    6.74920     1.7473     0.0386    99.0400      7.716      29772          7  0.000e+00
          0    161.612    160.225   45.82648 -129.74728     7.3874     7.3917   3.451618   3.451635    33.6945    33.6905     1.8172     3.7852    6.74922     1.7778     0.0386    99.0400      7.710      29773          7  0.000e+00
          0    161.552    160.166   45.82648 -129.74728     7.3872     7.3914   3.451655   3.451642    33.6951    33.6909     1.8172     3.7848    6.74922     1.7473     0.0386    99.0400      7.716      29774          7  0.000e+00
          0    161.552    160.166   45.82648 -129.74728     7.3874     7.3915   3.451600   3.451628    33.6944    33.6907     1.8172     3.7849    6.74923     1.7473     0.0375    99.0662      7.710      29775          7  0.000e+00
          0    161.612    160.225   45.82648 -129.74728     7.3872     7.3914   3.451600   3.451642    33.6945    33.6909     1.8172     3.7850    6.74925     1.7778     0.0386    99.0400      7.716      29776          7  0.000e+00
          0    161.552    160.166   45.82648 -129.74728     7.3874     7.3913   3.451630   3.451628    33.6947    33.6908     1.8172     3.7846    6.74921     1.7473     0.0375    99.0662      7.710      29777          7  0.000e+00
          0    161.612    160.225   45.82648 -129.74728     7.3874     7.3914   3.451618   3.451642    33.6945    33.6909     1.8172     3.7852    6.74922     1.7778     0.0375    99.0662      7.710      29778          7  0.000e+00
          0    161.575    160.188   45.82648 -129.74728     7.3874     7.3916   3.451588   3.451650    33.6942    33.6909     1.8184     3.7894    6.74923     1.7473     0.0365    99.0925      7.716      29779          7  0.000e+00
          0    161.612    160.225   45.82648 -129.74728     7.3874     7.3916   3.451624   3.451642    33.6946    33.6907     1.8184     3.7895    6.74922     1.7473     0.0365    99.0925      7.710      29780          7  0.000e+00
          0    161.552    160.166   45.82648 -129.74728     7.3871     7.3919   3.451618   3.451667    33.6949    33.6907     1.8172     3.7861    6.74925     1.7778     0.0375    99.0662      7.716      29781          7  0.000e+00
          0    161.612    160.225   45.82648 -129.74728     7.3876     7.3920   3.451630   3.451657    33.6945    33.6905     1.8172     3.7858    6.74920     1.8083     0.0375    99.0662      7.710      29782          7  0.000e+00
          0    161.612    160.225   45.82648 -129.74728     7.3876     7.3919   3.451642   3.451650    33.6946    33.6905     1.8172     3.7860    6.74919     1.8388     0.0386    99.0400      7.710      29783          7  0.000e+00
          0    161.612    160.225   45.82648 -129.74728     7.3874     7.3914   3.451642   3.451671    33.6948    33.6912     1.8172     3.7857    6.74921     1.8388     0.0375    99.0662      7.716      29784          7  0.000e+00
          0    161.552    160.166   45.82648 -129.74728     7.3874     7.3915   3.451661   3.451657    33.6950    33.6910     1.8172     3.7853    6.74920     1.8083     0.0375    99.0662      7.710      29785          7  0.000e+00
          0    161.664    160.277   45.82648 -129.74728     7.3874     7.3914   3.451648   3.451650    33.6948    33.6909     1.8172     3.7860    6.74921     1.8388     0.0375    99.0662      7.716      29786          7  0.000e+00
          0    161.612    160.225   45.82648 -129.74728     7.3872     7.3918   3.451618   3.451650    33.6947    33.6906     1.8172     3.7862    6.74924     1.8083     0.0375    99.0662      7.710      29787          7  0.000e+00
          0    161.612    160.225   45.82648 -129.74728     7.3871     7.3917   3.451612   3.451628    33.6948    33.6905     1.8172     3.7865    6.74926     1.8388     0.0375    99.0662      7.710      29788          7  0.000e+00
          0    161.627    160.240   45.82648 -129.74728     7.3869     7.3917   3.451630   3.451664    33.6951    33.6908     1.8172     3.7868    6.74927     1.8083     0.0375    99.0662      7.716      29789          7  0.000e+00
          0    161.612    160.225   45.82648 -129.74728     7.3869     7.3913   3.451642   3.451671    33.6953    33.6913     1.8172     3.7865    6.74926     1.8388     0.0396    99.0138      7.710      29790          7  0.000e+00
          0    161.612    160.225   45.82648 -129.74728     7.3871     7.3916   3.451618   3.451653    33.6948    33.6909     1.8184     3.7903    6.74926     1.8388     0.0407    98.9875      7.716      29791          7  0.000e+00
          0    161.612    160.225   45.82648 -129.74728     7.3869     7.3921   3.451612   3.451671    33.6949    33.6905     1.8184     3.7911    6.74928     1.8083     0.0407    98.9875      7.716      29792          7  0.000e+00
          0    161.664    160.277   45.82648 -129.74728     7.3866     7.3922   3.451588   3.451657    33.6949    33.6903     1.8172     3.7879    6.74932     1.8083     0.0396    99.0138      7.710      29793          7  0.000e+00
          0    161.612    160.225   45.82648 -129.74728     7.3868     7.3920   3.451624   3.451671    33.6952    33.6906     1.8172     3.7876    6.74929     1.8388     0.0396    99.0138      7.716      29794          7  0.000e+00
          0    161.664    160.277   45.82648 -129.74728     7.3868     7.3921   3.451618   3.451695    33.6951    33.6908     1.8172     3.7874    6.74929     1.8083     0.0386    99.0400      7.710      29795          7  0.000e+00
          0    161.612    160.225   45.82648 -129.74728     7.3866     7.3922   3.451612   3.451660    33.6952    33.6903     1.8184     3.7917    6.74931     1.8388     0.0386    99.0400      7.710      29796          7  0.000e+00
          0    161.664    160.277   45.82648 -129.74728     7.3868     7.3921   3.451588   3.451688    33.6948    33.6907     1.8184     3.7925    6.74931     1.8388     0.0386    99.0400      7.716      29797          7  0.000e+00
          0    161.612    160.225   45.82648 -129.74728     7.3866     7.3922   3.451600   3.451724    33.6951    33.6910     1.8172     3.7887    6.74932     1.8083     0.0375    99.0662      7.710      29798          7  0.000e+00
          0    161.687    160.299   45.82648 -129.74728     7.3869     7.3920   3.451612   3.451710    33.6949    33.6910     1.8184     3.7925    6.74928     1.8388     0.0375    99.0662      7.716      29799          7  0.000e+00
          0    161.612    160.226   45.82648 -129.74728     7.3871     7.3923   3.451612   3.451699    33.6948    33.6906     1.8184     3.7927    6.74926     1.8083     0.0386    99.0400      7.710      29800          7  0.000e+00
          0    161.665    160.277   45.82648 -129.74728     7.3877     7.3920   3.451655   3.451681    33.6946    33.6907     1.8172     3.7889    6.74917     1.8388     0.0396    99.0138      7.710      29801          7  0.000e+00
          0    161.665    160.277   45.82648 -129.74728     7.3887     7.3920   3.451648   3.451695    33.6936    33.6908     1.8172     3.7885    6.74907     1.8388     0.0396    99.0138      7.716      29802          7  0.000e+00
          0    161.665    160.277   45.82648 -129.74728     7.3887     7.3921   3.451642   3.451681    33.6935    33.6906     1.8184     3.7923    6.74906     1.8083     0.0396    99.0138      7.710      29803          7  0.000e+00
          0    161.665    160.277   45.82648 -129.74728     7.3889     7.3922   3.451661   3.451695    33.6935    33.6907     1.8184     3.7935    6.74904     1.8388     0.0386    99.0400      7.716      29804          7  0.000e+00
          0    161.665    160.277   45.82648 -129.74728     7.3889     7.3921   3.451673   3.451702    33.6937    33.6908     1.8172     3.7902    6.74903     1.8388     0.0375    99.0662      7.710      29805          7  0.000e+00
          0    161.613    160.226   45.82648 -129.74728     7.3889     7.3920   3.451691   3.451681    33.6939    33.6907     1.8172     3.7899    6.74902     1.8694     0.0375    99.0662      7.710      29806          7  0.000e+00
          0    161.665    160.277   45.82648 -129.74728     7.3889     7.3928   3.451679   3.451734    33.6937    33.6905     1.8184     3.7937    6.74902     1.8694     0.0375    99.0662      7.716      29807          7  0.000e+00
          0    161.665    160.277   45.82648 -129.74728     7.3889     7.3931   3.451691   3.451695    33.6938    33.6898     1.8172     3.7904    6.74902     1.8388     0.0365    99.0925      7.710      29808          7  0.000e+00
          0    161.687    160.300   45.82648 -129.74728     7.3887     7.3930   3.451703   3.451717    33.6941    33.6901     1.8172     3.7907    6.74903     1.8694     0.0375    99.0662      7.716      29809          7  0.000e+00
          0    161.665    160.277   45.82646 -129.74728     7.3889     7.3927   3.451679   3.451685    33.6937    33.6900     1.8184     3.7945    6.74903     1.8388     0.0365    99.0925      7.716      29810          7  0.000e+00
          0    161.665    160.278   45.82646 -129.74728     7.3890     7.3927   3.451673   3.451692    33.6935    33.6902     1.8172     3.7902    6.74901     1.8694     0.0375    99.0662      7.710      29811          7  0.000e+00
          0    161.665    160.278   45.82646 -129.74728     7.3888     7.3925   3.451691   3.451702    33.6939    33.6904     1.8184     3.7939    6.74903     1.8694     0.0365    99.0925      7.716      29812          7  0.000e+00
          0    161.618    160.231   45.82648 -129.74728     7.3937     7.3954   3.451892   3.451755    33.6914    33.6882     1.8233     3.8096    6.74839     1.7778     0.0386    99.0400      7.716      29999          8  0.000e+00
          0    161.558    160.172   45.82648 -129.74728     7.3937     7.3953   3.451861   3.451734    33.6911    33.6882     1.8233     3.8093    6.74841     1.7473     0.0386    99.0400      7.716      30000          8  0.000e+00
          0    161.558    160.172   45.82648 -129.74728     7.3932     7.3953   3.451855   3.451748    33.6915    33.6882     1.8233     3.8091    6.74846     1.7473     0.0386    99.0400      7.710      30001          8  0.000e+00
          0    161.558    160.172   45.82648 -129.74728     7.3923     7.3953   3.451855   3.451734    33.6924    33.6882     1.8233     3.8089    6.74856     1.7778     0.0396    99.0138      7.716      30002          8  0.000e+00
          0    161.558    160.172   45.82648 -129.74728     7.3916     7.3953   3.451807   3.451709    33.6925    33.6879     1.8233     3.8091    6.74866     1.7473     0.0396    99.0138      7.716      30003          8  0.000e+00
          0    161.558    160.172   45.82648 -129.74728     7.3914     7.3953   3.451813   3.451741    33.6927    33.6882     1.8233     3.8088    6.74868     1.7473     0.0386    99.0400      7.710      30004          8  0.000e+00
          0    161.581    160.194   45.82648 -129.74728     7.3918     7.3953   3.451825   3.451713    33.6926    33.6879     1.8233     3.8085    6.74864     1.7778     0.0386    99.0400      7.716      30005          8  0.000e+00
          0    161.558    160.172   45.82648 -129.74728     7.3924     7.3951   3.451825   3.451717    33.6919    33.6882     1.8233     3.8086    6.74856     1.7473     0.0386    99.0400      7.710      30006          8  0.000e+00
          0    161.558    160.172   45.82648 -129.74728     7.3929     7.3951   3.451843   3.451706    33.6917    33.6881     1.8233     3.8082    6.74851     1.7473     0.0375    99.0662      7.710      30007          8  0.000e+00
          0    161.558    160.172   45.82648 -129.74728     7.3933     7.3953   3.451855   3.451724    33.6913    33.6880     1.8233     3.8078    6.74845     1.7778     0.0375    99.0662      7.716      30008          8  0.000e+00
