TN407/CTD Data/TN-407_CTD-003.ros
* Sea-Bird SBE 9 Data File:
* FileName = C:\data\TN407\TN407_CTD_003.hex
* Software Version Seasave V 7.26.7.107
* Temperature SN = 2195
* Conductivity SN = 2903
* Number of Bytes Per Scan = 41
* Number of Voltage Words = 4
* Number of Scans Averaged by the Deck Unit = 1
* NMEA Latitude = 44 30.91 N
* NMEA Longitude = 125 23.74 W
* NMEA UTC (Time) = Aug 21 2022  17:54:01
* NMEA baud rate = 4800
** Cruise: TGT407
** Cast: 003
** Location: Slope Base
** Date: 8-21-2022
** Water Depth: 2909
** Operator: JN
# nquan = 21
# nvalues = 2231                                  
# units = specified
# name 0 = modError: Modulo Error Count
# name 1 = prDM: Pressure, Digiquartz [db]
# name 2 = depSM: Depth [salt water, m]
# name 3 = latitude: Latitude [deg]
# name 4 = longitude: Longitude [deg]
# name 5 = t090C: Temperature [ITS-90, deg C]
# name 6 = t190C: Temperature, 2 [ITS-90, deg C]
# name 7 = c0S/m: Conductivity [S/m]
# name 8 = c1S/m: Conductivity, 2 [S/m]
# name 9 = sal00: Salinity, Practical [PSU]
# name 10 = sal11: Salinity, Practical, 2 [PSU]
# name 11 = sbeox0V: Oxygen raw, SBE 43 [V]
# name 12 = sbeox0ML/L: Oxygen, SBE 43 [ml/l]
# name 13 = oxsolML/L: Oxygen Saturation, Garcia & Gordon [ml/l]
# name 14 = flECO-AFL: Fluorescence, WET Labs ECO-AFL/FL [mg/m^3]
# name 15 = CStarAt0: Beam Attenuation, WET Labs C-Star [1/m]
# name 16 = CStarTr0: Beam Transmission, WET Labs C-Star [%]
# name 17 = ph: pH
# name 18 = scan: Scan Count
# name 19 = nbf: Bottles Fired
# name 20 = flag:  0.000e+00
# interval = seconds: 0.0416667
# start_time = Aug 21 2022 17:54:01 [NMEA time, header]
# bad_flag = -9.990e-29
*END*
[from data line 1449]
          0    253.003    250.807   44.51484 -125.39620     6.9022     6.9031   3.439862   3.439712    33.9973    33.9948     1.0778     1.6860    6.81102     1.8694     0.0598    98.5155     -4.276     199727         15  0.000e+00
          0    253.085    250.889   44.51484 -125.39620     6.9023     6.9030   3.439820   3.439737    33.9967    33.9951     1.0778     1.6856    6.81103     1.8388     0.0598    98.5155     -4.271     199728         15  0.000e+00
          0    253.056    250.859   44.51484 -125.39620     6.9022     6.9031   3.439832   3.439761    33.9969    33.9953     1.0790     1.6893    6.81104     1.8694     0.0609    98.4892     -4.265     199729         15  0.000e+00
          0    253.056    250.859   44.51484 -125.39620     6.9019     6.9035   3.439808   3.439754    33.9970    33.9948     1.0790     1.6894    6.81109     1.8694     0.0609    98.4892     -4.271     199730         15  0.000e+00
          0    253.056    250.859   44.51484 -125.39620     6.9019     6.9035   3.439808   3.439761    33.9970    33.9949     1.0790     1.6895    6.81109     1.8694     0.0598    98.5155     -4.276     199731         15  0.000e+00
          0    253.085    250.889   44.51484 -125.39620     6.9017     6.9040   3.439777   3.439775    33.9969    33.9946     1.0790     1.6896    6.81113     1.8694     0.0588    98.5417     -4.271     199732         15  0.000e+00
          0    252.453    250.262   44.51484 -125.39620     6.9049     6.9061   3.440069   3.440008    33.9972    33.9953     1.0790     1.6901    6.81061     1.8694     0.0566    98.5941     -4.271     199866         16  0.000e+00
          0    252.453    250.262   44.51484 -125.39620     6.9042     6.9060   3.440002   3.440001    33.9971    33.9953     1.0790     1.6899    6.81071     1.8694     0.0556    98.6204     -4.265     199867         16  0.000e+00
          0    252.483    250.292   44.51484 -125.39620     6.9038     6.9060   3.439965   3.439994    33.9971    33.9953     1.0790     1.6897    6.81078     1.8694     0.0566    98.5941     -4.265     199868         16  0.000e+00
          0    252.453    250.262   44.51484 -125.39620     6.9040     6.9062   3.439978   3.439972    33.9971    33.9949     1.0790     1.6895    6.81076     1.8694     0.0577    98.5679     -4.271     199869         16  0.000e+00
          0    252.453    250.262   44.51484 -125.39620     6.9041     6.9055   3.439990   3.439891    33.9971    33.9947     1.0790     1.6899    6.81073     1.8694     0.0577    98.5679     -4.271     199870         16  0.000e+00
          0    252.513    250.321   44.51484 -125.39620     6.9041     6.9052   3.439941   3.439881    33.9966    33.9948     1.0803     1.6938    6.81076     1.8694     0.0566    98.5941     -4.276     199871         16  0.000e+00
          0    252.483    250.292   44.51484 -125.39620     6.9041     6.9051   3.439965   3.439884    33.9968    33.9949     1.0803     1.6947    6.81074     1.8694     0.0556    98.6204     -4.276     199872         16  0.000e+00
          0    252.453    250.262   44.51484 -125.39620     6.9041     6.9051   3.440014   3.439874    33.9973    33.9948     1.0803     1.6950    6.81072     1.8694     0.0556    98.6204     -4.271     199873         16  0.000e+00
          0    252.513    250.322   44.51484 -125.39620     6.9044     6.9051   3.440014   3.439860    33.9970    33.9947     1.0803     1.6953    6.81069     1.8694     0.0545    98.6466     -4.271     199874         16  0.000e+00
          0    252.513    250.322   44.51484 -125.39620     6.9045     6.9050   3.440044   3.439860    33.9973    33.9948     1.0803     1.6956    6.81067     1.8694     0.0545    98.6466     -4.271     199875         16  0.000e+00
          0    252.513    250.322   44.51484 -125.39620     6.9045     6.9049   3.440069   3.439867    33.9976    33.9949     1.0803     1.6958    6.81066     1.8694     0.0545    98.6466     -4.282     199876         16  0.000e+00
          0    252.483    250.292   44.51484 -125.39620     6.9045     6.9050   3.440038   3.439881    33.9973    33.9950     1.0790     1.6924    6.81067     1.8694     0.0545    98.6466     -4.276     199877         16  0.000e+00
          0    252.513    250.322   44.51484 -125.39620     6.9041     6.9048   3.440038   3.439884    33.9976    33.9953     1.0790     1.6927    6.81071     1.8694     0.0556    98.6204     -4.271     199878         16  0.000e+00
          0    252.565    250.373   44.51484 -125.39620     6.9045     6.9048   3.440026   3.439895    33.9971    33.9953     1.0790     1.6925    6.81068     1.8694     0.0556    98.6204     -4.265     199879         16  0.000e+00
          0    252.513    250.322   44.51484 -125.39620     6.9046     6.9049   3.440038   3.439909    33.9971    33.9954     1.0803     1.6964    6.81065     1.8694     0.0556    98.6204     -4.265     199880         16  0.000e+00
          0    252.536    250.344   44.51484 -125.39620     6.9044     6.9050   3.440026   3.439870    33.9972    33.9949     1.0803     1.6966    6.81069     1.8999     0.0556    98.6204     -4.271     199881         16  0.000e+00
          0    252.565    250.373   44.51484 -125.39620     6.9045     6.9052   3.440063   3.439927    33.9975    33.9952     1.0803     1.6969    6.81066     1.8999     0.0556    98.6204     -4.271     199882         16  0.000e+00
          0    252.565    250.373   44.51484 -125.39620     6.9049     6.9053   3.440057   3.439920    33.9970    33.9951     1.0790     1.6929    6.81062     1.8999     0.0556    98.6204     -4.271     199883         16  0.000e+00
          0    252.618    250.425   44.51484 -125.39620     6.9051     6.9052   3.440111   3.439920    33.9974    33.9951     1.0790     1.6927    6.81057     1.8999     0.0556    98.6204     -4.265     199884         16  0.000e+00
          0    252.536    250.344   44.51484 -125.39620     6.9051     6.9056   3.440099   3.439891    33.9973    33.9945     1.0790     1.6923    6.81058     1.8694     0.0556    98.6204     -4.265     199885         16  0.000e+00
          0    252.618    250.425   44.51484 -125.39620     6.9051     6.9054   3.440075   3.439927    33.9970    33.9951     1.0790     1.6926    6.81059     1.8694     0.0556    98.6204     -4.265     199886         16  0.000e+00
          0    252.618    250.425   44.51484 -125.39620     6.9049     6.9053   3.440105   3.439888    33.9975    33.9947     1.0790     1.6923    6.81059     1.8388     0.0556    98.6204     -4.271     199887         16  0.000e+00
          0    252.618    250.425   44.51484 -125.39620     6.9049     6.9051   3.440081   3.439881    33.9973    33.9948     1.0790     1.6920    6.81061     1.8694     0.0556    98.6204     -4.265     199888         16  0.000e+00
          0    252.648    250.455   44.51484 -125.39620     6.9049     6.9048   3.440081   3.439884    33.9972    33.9951     1.0790     1.6918    6.81061     1.8388     0.0556    98.6204     -4.265     199889         16  0.000e+00
          0    252.618    250.425   44.51484 -125.39620     6.9047     6.9049   3.440051   3.439874    33.9971    33.9950     1.0790     1.6915    6.81064     1.8388     0.0556    98.6204     -4.254     199890         16  0.000e+00
          0    252.678    250.484   44.51484 -125.39620     6.9047     6.9048   3.440051   3.439881    33.9970    33.9951     1.0790     1.6912    6.81064     1.8388     0.0556    98.6204     -4.254     199891         16  0.000e+00
          0    252.678    250.485   44.51484 -125.39620     6.9046     6.9051   3.440020   3.439927    33.9969    33.9953     1.0790     1.6910    6.81067     1.8388     0.0545    98.6466     -4.276     199892         16  0.000e+00
          0    252.700    250.507   44.51484 -125.39620     6.9045     6.9055   3.440020   3.439969    33.9970    33.9954     1.0790     1.6907    6.81069     1.8388     0.0545    98.6466     -4.282     199893         16  0.000e+00
          0    252.678    250.485   44.51484 -125.39620     6.9045     6.9057   3.440014   3.439969    33.9969    33.9952     1.0790     1.6904    6.81069     1.8388     0.0545    98.6466     -4.271     199894         16  0.000e+00
          0    252.730    250.536   44.51484 -125.39620     6.9040     6.9056   3.439996   3.439944    33.9972    33.9950     1.0790     1.6902    6.81075     1.8388     0.0545    98.6466     -4.265     199895         16  0.000e+00
          0    252.730    250.536   44.51484 -125.39620     6.9039     6.9057   3.439941   3.439948    33.9966    33.9949     1.0790     1.6899    6.81079     1.8388     0.0545    98.6466     -4.271     199896         16  0.000e+00
          0    252.760    250.566   44.51484 -125.39620     6.9040     6.9055   3.439953   3.439941    33.9967    33.9951     1.0790     1.6896    6.81077     1.8388     0.0545    98.6466     -4.265     199897         16  0.000e+00
          0    252.790    250.596   44.51484 -125.39620     6.9037     6.9057   3.439929   3.439927    33.9967    33.9946     1.0790     1.6894    6.81082     1.8694     0.0556    98.6204     -4.271     199898         16  0.000e+00
          0    252.730    250.536   44.51484 -125.39620     6.9036     6.9055   3.439905   3.439955    33.9965    33.9953     1.0790     1.6891    6.81084     1.8694     0.0556    98.6204     -4.282     199899         16  0.000e+00
          0    252.790    250.596   44.51484 -125.39620     6.9033     6.9055   3.439893   3.439944    33.9966    33.9950     1.0790     1.6889    6.81088     1.8388     0.0556    98.6204     -4.276     199900         16  0.000e+00
          0    252.842    250.647   44.51484 -125.39620     6.9037     6.9053   3.439923   3.439888    33.9966    33.9946     1.0790     1.6891    6.81083     1.8694     0.0556    98.6204     -4.265     199901         16  0.000e+00
          0    252.812    250.618   44.51484 -125.39620     6.9035     6.9051   3.439923   3.439860    33.9968    33.9945     1.0790     1.6894    6.81084     1.8694     0.0556    98.6204     -4.265     199902         16  0.000e+00
          0    252.842    250.647   44.51484 -125.39620     6.9034     6.9046   3.439905   3.439818    33.9966    33.9945     1.0790     1.6892    6.81086     1.8694     0.0566    98.5941     -4.271     199903         16  0.000e+00
          0    252.842    250.647   44.51484 -125.39620     6.9032     6.9045   3.439941   3.439835    33.9973    33.9949     1.0790     1.6895    6.81087     1.8388     0.0556    98.6204     -4.276     199904         16  0.000e+00
          0    252.842    250.647   44.51484 -125.39620     6.9035     6.9044   3.439893   3.439835    33.9964    33.9949     1.0790     1.6898    6.81086     1.8694     0.0556    98.6204     -4.276     199905         16  0.000e+00
          0    252.864    250.670   44.51484 -125.39620     6.9033     6.9042   3.439929   3.439853    33.9970    33.9953     1.0790     1.6896    6.81086     1.8694     0.0556    98.6204     -4.271     199906         16  0.000e+00
          0    252.894    250.699   44.51484 -125.39620     6.9031     6.9044   3.439917   3.439828    33.9971    33.9948     1.0790     1.6894    6.81089     1.8694     0.0566    98.5941     -4.265     199907         16  0.000e+00
          0    252.894    250.699   44.51484 -125.39620     6.9030     6.9042   3.439917   3.439807    33.9972    33.9948     1.0790     1.6892    6.81090     1.8388     0.0556    98.6204     -4.271     199908         16  0.000e+00
          0    252.954    250.758   44.51484 -125.39620     6.9030     6.9041   3.439887   3.439786    33.9968    33.9946     1.0790     1.6890    6.81092     1.8388     0.0556    98.6204     -4.282     199909         16  0.000e+00
          0    252.924    250.729   44.51484 -125.39620     6.9030     6.9040   3.439887   3.439768    33.9969    33.9946     1.0778     1.6847    6.81092     1.8388     0.0556    98.6204     -4.271     199910         16  0.000e+00
          0    252.954    250.758   44.51484 -125.39620     6.9029     6.9035   3.439875   3.439775    33.9968    33.9951     1.0790     1.6882    6.81094     1.8083     0.0545    98.6466     -4.260     199911         16  0.000e+00
          0    252.954    250.758   44.51484 -125.39620     6.9027     6.9032   3.439838   3.439715    33.9966    33.9947     1.0790     1.6880    6.81098     1.8083     0.0545    98.6466     -4.271     199912         16  0.000e+00
          0    252.954    250.758   44.51484 -125.39620     6.9024     6.9031   3.439814   3.439726    33.9966    33.9949     1.0790     1.6879    6.81103     1.8083     0.0545    98.6466     -4.282     199913         16  0.000e+00
          0    253.059    250.862   44.51484 -125.39620     6.9022     6.9028   3.439802   3.439687    33.9967    33.9947     1.0790     1.6877    6.81106     1.8083     0.0566    98.5941     -4.282     199914         16  0.000e+00
          0    252.977    250.781   44.51484 -125.39620     6.9019     6.9028   3.439820   3.439712    33.9972    33.9950     1.0790     1.6875    6.81108     1.8083     0.0588    98.5417     -4.271     199915         16  0.000e+00
          0    253.006    250.810   44.51484 -125.39620     6.9017     6.9027   3.439796   3.439715    33.9970    33.9952     1.0790     1.6874    6.81111     1.8388     0.0609    98.4892     -4.271     199916         16  0.000e+00
          0    253.006    250.810   44.51484 -125.39620     6.9017     6.9028   3.439771   3.439701    33.9968    33.9949     1.0790     1.6872    6.81113     1.8388     0.0598    98.5155     -4.271     199917         16  0.000e+00
          0    253.059    250.862   44.51484 -125.39620     6.9014     6.9027   3.439777   3.439687    33.9971    33.9949     1.0790     1.6871    6.81116     1.8083     0.0588    98.5417     -4.271     199918         16  0.000e+00
          0    253.089    250.892   44.51484 -125.39620     6.9014     6.9025   3.439771   3.439694    33.9971    33.9951     1.0790     1.6869    6.81116     1.8083     0.0566    98.5941     -4.271     199919         16  0.000e+00
          0    253.059    250.862   44.51484 -125.39620     6.9014     6.9026   3.439777   3.439677    33.9971    33.9949     1.0790     1.6873    6.81116     1.8388     0.0566    98.5941     -4.276     199920         16  0.000e+00
          0    253.059    250.862   44.51484 -125.39620     6.9014     6.9023   3.439747   3.439663    33.9969    33.9950     1.0790     1.6877    6.81118     1.8083     0.0566    98.5941     -4.282     199921         16  0.000e+00
          0    253.118    250.921   44.51484 -125.39620     6.9013     6.9022   3.439771   3.439670    33.9972    33.9951     1.0790     1.6881    6.81118     1.8083     0.0556    98.6204     -4.276     199922         16  0.000e+00
          0    253.089    250.892   44.51484 -125.39620     6.9014     6.9025   3.439723   3.439673    33.9965    33.9949     1.0790     1.6885    6.81118     1.8083     0.0556    98.6204     -4.271     199923         16  0.000e+00
          0    253.119    250.921   44.51484 -125.39620     6.9014     6.9021   3.439711   3.439663    33.9964    33.9952     1.0790     1.6889    6.81120     1.8083     0.0556    98.6204     -4.271     199924         16  0.000e+00
          0    253.119    250.921   44.51484 -125.39620     6.9011     6.9021   3.439705   3.439606    33.9966    33.9946     1.0790     1.6894    6.81123     1.8083     0.0556    98.6204     -4.271     199925         16  0.000e+00
          0    253.119    250.921   44.51484 -125.39620     6.9008     6.9017   3.439686   3.439610    33.9967    33.9950     1.0790     1.6894    6.81127     1.8388     0.0556    98.6204     -4.276     199926         16  0.000e+00
          0    253.171    250.973   44.51484 -125.39620     6.9009     6.9016   3.439698   3.439606    33.9967    33.9950     1.0790     1.6894    6.81125     1.8083     0.0556    98.6204     -4.271     199927         16  0.000e+00
