TN407/CTD Data/TN-407_CTD-006.ros
* Sea-Bird SBE 9 Data File:
* FileName = C:\data\TN407\TN407_CTD_006hex.hex
* Software Version Seasave V 7.26.7.107
* Temperature SN = 2195
* Conductivity SN = 2903
* Number of Bytes Per Scan = 41
* Number of Voltage Words = 4
* Number of Scans Averaged by the Deck Unit = 1
* NMEA Latitude = 44 31.45 N
* NMEA Longitude = 125 22.52 W
* NMEA UTC (Time) = Aug 27 2022  07:31:33
* NMEA baud rate = 4800
** Cruise: TGT407
** Cast: 006
** Location: Oregon Offshore
** Date: 8-27-2022
** Water Depth: 2906
** Operator: JN
# nquan = 21
# nvalues = 2231                                  
# units = specified
# name 0 = modError: Modulo Error Count
# name 1 = prDM: Pressure, Digiquartz [db]
# name 2 = depSM: Depth [salt water, m]
# name 3 = latitude: Latitude [deg]
# name 4 = longitude: Longitude [deg]
# name 5 = t090C: Temperature [ITS-90, deg C]
# name 6 = t190C: Temperature, 2 [ITS-90, deg C]
# name 7 = c0S/m: Conductivity [S/m]
# name 8 = c1S/m: Conductivity, 2 [S/m]
# name 9 = sal00: Salinity, Practical [PSU]
# name 10 = sal11: Salinity, Practical, 2 [PSU]
# name 11 = sbeox0V: Oxygen raw, SBE 43 [V]
# name 12 = sbeox0ML/L: Oxygen, SBE 43 [ml/l]
# name 13 = oxsolML/L: Oxygen Saturation, Garcia & Gordon [ml/l]
# name 14 = flECO-AFL: Fluorescence, WET Labs ECO-AFL/FL [mg/m^3]
# name 15 = CStarAt0: Beam Attenuation, WET Labs C-Star [1/m]
# name 16 = CStarTr0: Beam Transmission, WET Labs C-Star [%]
# name 17 = ph: pH
# name 18 = scan: Scan Count
# name 19 = nbf: Bottles Fired
# name 20 = flag:  0.000e+00
# interval = seconds: 0.0416667
# start_time = Aug 27 2022 07:31:33 [NMEA time, header]
# bad_flag = -9.990e-29
*END*
[from data line 138]
          0   2938.167   2894.255   44.52422 -125.37534     1.7234     1.7265   3.147541   3.147583    34.6378    34.6349     0.8886     1.8433    7.68297     1.9304     0.0534    98.6728     -4.477      88486          2  0.000e+00
          0   2938.167   2894.255   44.52422 -125.37534     1.7236     1.7262   3.147571   3.147569    34.6379    34.6351     0.8886     1.8429    7.68292     1.8999     0.0534    98.6728     -4.477      88487          2  0.000e+00
          0   2938.230   2894.316   44.52422 -125.37534     1.7234     1.7267   3.147559   3.147600    34.6379    34.6349     0.8886     1.8425    7.68296     1.9304     0.0545    98.6466     -4.477      88488          2  0.000e+00
          0   2938.230   2894.316   44.52422 -125.37534     1.7235     1.7262   3.147547   3.147590    34.6377    34.6353     0.8886     1.8420    7.68296     1.9304     0.0545    98.6466     -4.472      88489          2  0.000e+00
          0   2938.285   2894.370   44.52422 -125.37534     1.7237     1.7264   3.147529   3.147603    34.6372    34.6353     0.8886     1.8413    7.68294     1.9304     0.0534    98.6728     -4.472      88490          2  0.000e+00
          0   2938.254   2894.339   44.52422 -125.37534     1.7234     1.7267   3.147541   3.147590    34.6377    34.6348     0.8886     1.8426    7.68298     1.9304     0.0534    98.6728     -4.472      88491          2  0.000e+00
          0   2938.285   2894.370   44.52422 -125.37534     1.7236     1.7265   3.147571   3.147603    34.6378    34.6352     0.8886     1.8438    7.68293     1.9304     0.0534    98.6728     -4.477      88492          2  0.000e+00
          0   2938.348   2894.431   44.52422 -125.37534     1.7234     1.7264   3.147553   3.147573    34.6378    34.6349     0.8886     1.8450    7.68296     1.8999     0.0534    98.6728     -4.472      88493          2  0.000e+00
          0   2938.410   2894.492   44.52422 -125.37534     1.7235     1.7264   3.147547   3.147580    34.6376    34.6349     0.8886     1.8462    7.68296     1.8999     0.0534    98.6728     -4.477      88494          2  0.000e+00
          0   2938.410   2894.492   44.52422 -125.37534     1.7233     1.7265   3.147571   3.147583    34.6381    34.6348     0.8886     1.8475    7.68298     1.8999     0.0534    98.6728     -4.477      88495          2  0.000e+00
          0   2938.410   2894.493   44.52422 -125.37534     1.7235     1.7264   3.147535   3.147569    34.6375    34.6348     0.8886     1.8487    7.68297     1.9304     0.0545    98.6466     -4.477      88496          2  0.000e+00
          0   2938.528   2894.607   44.52422 -125.37534     1.7234     1.7265   3.147541   3.147576    34.6375    34.6347     0.8886     1.8499    7.68298     1.8999     0.0534    98.6728     -4.472      88497          2  0.000e+00
          0   2938.465   2894.546   44.52422 -125.37534     1.7234     1.7262   3.147547   3.147569    34.6376    34.6349     0.8886     1.8492    7.68297     1.8999     0.0534    98.6728     -4.472      88498          2  0.000e+00
          0   2938.528   2894.607   44.52422 -125.37534     1.7235     1.7264   3.147547   3.147576    34.6375    34.6348     0.8886     1.8485    7.68296     1.9304     0.0534    98.6728     -4.477      88499          2  0.000e+00
          0   2938.528   2894.608   44.52422 -125.37534     1.7234     1.7264   3.147547   3.147586    34.6376    34.6350     0.8886     1.8495    7.68297     1.8999     0.0534    98.6728     -4.477      88500          2  0.000e+00
          0   2938.590   2894.669   44.52422 -125.37534     1.7234     1.7262   3.147547   3.147570    34.6376    34.6349     0.8886     1.8506    7.68298     1.9304     0.0534    98.6728     -4.477      88501          2  0.000e+00
          0   2938.653   2894.730   44.52422 -125.37534     1.7234     1.7265   3.147571   3.147576    34.6378    34.6346     0.8886     1.8517    7.68296     1.9304     0.0534    98.6728     -4.472      88502          2  0.000e+00
          0   2938.653   2894.730   44.52422 -125.37534     1.7234     1.7261   3.147553   3.147603    34.6376    34.6354     0.8886     1.8528    7.68297     1.8999     0.0534    98.6728     -4.466      88503          2  0.000e+00
          0   2938.653   2894.730   44.52422 -125.37534     1.7235     1.7262   3.147547   3.147607    34.6375    34.6353     0.8886     1.8538    7.68297     1.9304     0.0534    98.6728     -4.477      88504          2  0.000e+00
          0   2938.708   2894.784   44.52422 -125.37534     1.7233     1.7262   3.147571   3.147593    34.6380    34.6351     0.8886     1.8549    7.68298     1.9304     0.0534    98.6728     -4.466      88505          2  0.000e+00
          0   2938.771   2894.845   44.52422 -125.37534     1.7237     1.7262   3.147559   3.147566    34.6374    34.6348     0.8873     1.8481    7.68294     1.8999     0.0545    98.6466     -4.466      88506          2  0.000e+00
          0   2938.771   2894.845   44.52422 -125.37534     1.7234     1.7264   3.147571   3.147580    34.6378    34.6348     0.8873     1.8474    7.68296     1.8694     0.0545    98.6466     -4.477      88507          2  0.000e+00
          0   2938.771   2894.845   44.52422 -125.37534     1.7234     1.7264   3.147577   3.147600    34.6379    34.6350     0.8898     1.8607    7.68297     1.8694     0.0545    98.6466     -4.483      88508          2  0.000e+00
          0   2938.833   2894.906   44.52422 -125.37534     1.7234     1.7264   3.147577   3.147610    34.6378    34.6351     0.8886     1.8538    7.68296     1.8694     0.0566    98.5941     -4.477      88509          2  0.000e+00
          0   2938.833   2894.906   44.52422 -125.37534     1.7233     1.7265   3.147594   3.147607    34.6382    34.6349     0.8886     1.8548    7.68297     1.8694     0.0566    98.5941     -4.472      88510          2  0.000e+00
          0   2938.888   2894.960   44.52422 -125.37534     1.7234     1.7265   3.147565   3.147610    34.6377    34.6349     0.8886     1.8539    7.68298     1.8694     0.0566    98.5941     -4.472      88511          2  0.000e+00
          0   2938.888   2894.960   44.52422 -125.37534     1.7236     1.7264   3.147547   3.147614    34.6373    34.6351     0.8886     1.8548    7.68296     1.8694     0.0556    98.6204     -4.477      88512          2  0.000e+00
          0   2938.951   2895.021   44.52422 -125.37534     1.7235     1.7262   3.147547   3.147607    34.6374    34.6352     0.8886     1.8557    7.68297     1.8694     0.0556    98.6204     -4.477      88513          2  0.000e+00
          0   2938.951   2895.021   44.52422 -125.37534     1.7233     1.7265   3.147588   3.147610    34.6381    34.6349     0.8886     1.8547    7.68298     1.8694     0.0545    98.6466     -4.477      88514          2  0.000e+00
          0   2938.951   2895.022   44.52422 -125.37534     1.7234     1.7265   3.147588   3.147627    34.6379    34.6351     0.8886     1.8537    7.68296     1.8694     0.0545    98.6466     -4.483      88515          2  0.000e+00
          0   2939.014   2895.083   44.52422 -125.37534     1.7237     1.7263   3.147577   3.147583    34.6375    34.6348     0.8886     1.8525    7.68293     1.8999     0.0545    98.6466     -4.483      88516          2  0.000e+00
          0   2939.068   2895.136   44.52422 -125.37534     1.7236     1.7262   3.147577   3.147617    34.6375    34.6352     0.8886     1.8513    7.68294     1.8694     0.0534    98.6728     -4.483      88517          2  0.000e+00
          0   2939.014   2895.083   44.52422 -125.37534     1.7234     1.7264   3.147553   3.147634    34.6375    34.6353     0.8886     1.8519    7.68299     1.8999     0.0545    98.6466     -4.477      88518          2  0.000e+00
          0   2939.131   2895.198   44.52422 -125.37534     1.7233     1.7262   3.147571   3.147597    34.6378    34.6350     0.8886     1.8507    7.68300     1.8694     0.0545    98.6466     -4.466      88519          2  0.000e+00
          0   2939.100   2895.167   44.52422 -125.37534     1.7234     1.7262   3.147600   3.147624    34.6380    34.6353     0.8886     1.8493    7.68295     1.8694     0.0545    98.6466     -4.460      88520          2  0.000e+00
          0   2939.131   2895.198   44.52422 -125.37534     1.7234     1.7262   3.147588   3.147634    34.6379    34.6354     0.8886     1.8498    7.68297     1.8999     0.0545    98.6466     -4.472      88521          2  0.000e+00
          0   2939.131   2895.198   44.52422 -125.37534     1.7234     1.7262   3.147577   3.147617    34.6377    34.6352     0.8873     1.8423    7.68297     1.8999     0.0545    98.6466     -4.477      88522          2  0.000e+00
          0   2939.194   2895.259   44.52422 -125.37534     1.7234     1.7264   3.147577   3.147590    34.6377    34.6347     0.8873     1.8411    7.68298     1.8999     0.0534    98.6728     -4.483      88523          2  0.000e+00
          0   2939.194   2895.259   44.52422 -125.37534     1.7234     1.7262   3.147577   3.147604    34.6377    34.6350     0.8873     1.8380    7.68297     1.8694     0.0534    98.6728     -4.483      88524          2  0.000e+00
          0   2939.194   2895.259   44.52422 -125.37534     1.7234     1.7264   3.147559   3.147593    34.6374    34.6347     0.8886     1.8427    7.68298     1.8694     0.0534    98.6728     -4.483      88525          2  0.000e+00
          0   2939.249   2895.313   44.52422 -125.37534     1.7234     1.7262   3.147612   3.147583    34.6381    34.6347     0.8886     1.8433    7.68296     1.8694     0.0534    98.6728     -4.483      88526          2  0.000e+00
          0   2939.249   2895.313   44.52422 -125.37534     1.7236     1.7264   3.147571   3.147624    34.6374    34.6351     0.8886     1.8438    7.68295     1.8694     0.0534    98.6728     -4.483      88527          2  0.000e+00
          0   2939.312   2895.374   44.52422 -125.37536     1.7235     1.7264   3.147571   3.147634    34.6375    34.6352     0.8886     1.8444    7.68297     1.8694     0.0534    98.6728     -4.477      88528          2  0.000e+00
          0   2939.249   2895.313   44.52422 -125.37536     1.7236     1.7264   3.147577   3.147617    34.6375    34.6350     0.8886     1.8449    7.68295     1.8694     0.0524    98.6990     -4.466      88529          2  0.000e+00
          0   2939.312   2895.374   44.52422 -125.37536     1.7234     1.7264   3.147553   3.147644    34.6373    34.6353     0.8886     1.8435    7.68299     1.8694     0.0524    98.6990     -4.472      88530          2  0.000e+00
          0   2939.312   2895.374   44.52422 -125.37536     1.7234     1.7262   3.147594   3.147607    34.6379    34.6350     0.8886     1.8421    7.68297     1.9304     0.0534    98.6728     -4.483      88531          2  0.000e+00
          0   2939.374   2895.436   44.52422 -125.37536     1.7234     1.7262   3.147559   3.147600    34.6374    34.6349     0.8873     1.8346    7.68298     1.9304     0.0524    98.6990     -4.489      88532          2  0.000e+00
          0   2939.312   2895.374   44.52422 -125.37536     1.7234     1.7261   3.147594   3.147593    34.6379    34.6350     0.8873     1.8332    7.68297     1.9304     0.0534    98.6728     -4.472      88533          2  0.000e+00
          0   2939.374   2895.436   44.52422 -125.37536     1.7236     1.7262   3.147583   3.147600    34.6375    34.6349     0.8873     1.8300    7.68295     1.9304     0.0534    98.6728     -4.460      88534          2  0.000e+00
          0   2939.374   2895.436   44.52422 -125.37536     1.7233     1.7262   3.147577   3.147627    34.6378    34.6352     0.8873     1.8288    7.68300     1.9304     0.0534    98.6728     -4.472      88535          2  0.000e+00
          0   2939.374   2895.436   44.52422 -125.37536     1.7235     1.7262   3.147600   3.147617    34.6378    34.6351     0.8873     1.8275    7.68295     1.9304     0.0534    98.6728     -4.483      88536          2  0.000e+00
          0   2939.375   2895.436   44.52422 -125.37536     1.7234     1.7261   3.147606   3.147627    34.6379    34.6354     0.8873     1.8264    7.68295     1.8999     0.0524    98.6990     -4.477      88537          2  0.000e+00
          0   2939.429   2895.489   44.52422 -125.37536     1.7234     1.7262   3.147565   3.147617    34.6375    34.6351     0.8873     1.8254    7.68299     1.9304     0.0524    98.6990     -4.472      88538          2  0.000e+00
          0   2939.375   2895.436   44.52422 -125.37536     1.7234     1.7262   3.147612   3.147644    34.6380    34.6354     0.8873     1.8243    7.68295     1.9304     0.0524    98.6990     -4.472      88539          2  0.000e+00
          0   2939.375   2895.436   44.52422 -125.37536     1.7236     1.7261   3.147618   3.147607    34.6379    34.6351     0.8873     1.8234    7.68292     1.8999     0.0524    98.6990     -4.477      88540          2  0.000e+00
          0   2939.398   2895.459   44.52422 -125.37536     1.7237     1.7264   3.147606   3.147600    34.6377    34.6347     0.8873     1.8226    7.68292     1.9304     0.0534    98.6728     -4.483      88541          2  0.000e+00
          0   2790.499   2749.732   44.52426 -125.37536     1.7171     1.7197   3.141236   3.141271    34.6353    34.6330     0.9065     1.8901    7.68432     1.8694     0.0354    99.1187     -4.478      94502          3  0.000e+00
          0   2790.453   2749.686   44.52426 -125.37536     1.7172     1.7197   3.141230   3.141271    34.6352    34.6330     0.9065     1.8903    7.68432     1.8999     0.0365    99.0925     -4.466      94503          3  0.000e+00
          0   2790.570   2749.801   44.52426 -125.37536     1.7171     1.7199   3.141236   3.141271    34.6353    34.6328     0.9065     1.8905    7.68432     1.8694     0.0365    99.0925     -4.472      94504          3  0.000e+00
          0   2790.515   2749.747   44.52426 -125.37536     1.7173     1.7197   3.141230   3.141271    34.6351    34.6330     0.9065     1.8907    7.68430     1.8694     0.0365    99.0925     -4.478      94505          3  0.000e+00
          0   2790.453   2749.686   44.52426 -125.37536     1.7172     1.7195   3.141213   3.141251    34.6350    34.6329     0.9065     1.8910    7.68433     1.8694     0.0365    99.0925     -4.478      94506          3  0.000e+00
          0   2790.515   2749.747   44.52426 -125.37536     1.7171     1.7197   3.141248   3.141265    34.6355    34.6329     0.9065     1.8912    7.68432     1.8694     0.0365    99.0925     -4.472      94507          3  0.000e+00
          0   2790.390   2749.625   44.52426 -125.37536     1.7170     1.7199   3.141260   3.141251    34.6358    34.6326     0.9065     1.8914    7.68432     1.8694     0.0365    99.0925     -4.466      94508          3  0.000e+00
          0   2790.453   2749.686   44.52426 -125.37536     1.7171     1.7197   3.141242   3.141265    34.6354    34.6329     0.9065     1.8916    7.68432     1.8694     0.0365    99.0925     -4.483      94509          3  0.000e+00
          0   2790.391   2749.625   44.52426 -125.37536     1.7172     1.7199   3.141213   3.141251    34.6350    34.6326     0.9065     1.8918    7.68433     1.8694     0.0354    99.1187     -4.478      94510          3  0.000e+00
          0   2790.453   2749.686   44.52426 -125.37536     1.7171     1.7195   3.141224   3.141248    34.6352    34.6329     0.9065     1.8920    7.68433     1.8694     0.0354    99.1187     -4.466      94511          3  0.000e+00
          0   2790.391   2749.625   44.52426 -125.37536     1.7171     1.7195   3.141213   3.141248    34.6351    34.6329     0.9065     1.8922    7.68434     1.8694     0.0354    99.1187     -4.466      94512          3  0.000e+00
          0   2790.336   2749.572   44.52426 -125.37536     1.7170     1.7197   3.141224   3.141248    34.6354    34.6328     0.9065     1.8924    7.68434     1.8999     0.0354    99.1187     -4.466      94513          3  0.000e+00
