TN407/CTD Data/TN-407_CTD-001.ros
* Sea-Bird SBE 9 Data File:
* FileName = C:\data\TN407\TN407_CTD_001.hex
* Software Version Seasave V 7.26.7.107
* Temperature SN = 2195
* Conductivity SN = 2903
* Number of Bytes Per Scan = 41
* Number of Voltage Words = 4
* Number of Scans Averaged by the Deck Unit = 1
* NMEA Latitude = 45 49.59 N
* NMEA Longitude = 129 44.84 W
* NMEA UTC (Time) = Aug 12 2022  19:38:50
* NMEA baud rate = 4800
** Cruise: TGT407
** Cast: 001
** Location:
** Date: 8-12-2022
** Water Depth:
** Operator: JN
# nquan = 21
# nvalues = 2328                                  
# units = specified
# name 0 = modError: Modulo Error Count
# name 1 = prDM: Pressure, Digiquartz [db]
# name 2 = depSM: Depth [salt water, m]
# name 3 = latitude: Latitude [deg]
# name 4 = longitude: Longitude [deg]
# name 5 = t090C: Temperature [ITS-90, deg C]
# name 6 = t190C: Temperature, 2 [ITS-90, deg C]
# name 7 = c0S/m: Conductivity [S/m]
# name 8 = c1S/m: Conductivity, 2 [S/m]
# name 9 = sal00: Salinity, Practical [PSU]
# name 10 = sal11: Salinity, Practical, 2 [PSU]
# name 11 = sbeox0V: Oxygen raw, SBE 43 [V]
# name 12 = sbeox0ML/L: Oxygen, SBE 43 [ml/l]
# name 13 = oxsolML/L: Oxygen Saturation, Garcia & Gordon [ml/l]
# name 14 = flECO-AFL: Fluorescence, WET Labs ECO-AFL/FL [mg/m^3]
# name 15 = CStarAt0: Beam Attenuation, WET Labs C-Star [1/m]
# name 16 = CStarTr0: Beam Transmission, WET Labs C-Star [%]
# name 17 = ph: pH
# name 18 = scan: Scan Count
# name 19 = nbf: Bottles Fired
# name 20 = flag:  0.000e+00
# interval = seconds: 0.0416667
# start_time = Aug 12 2022 19:38:50 [NMEA time, header]
# bad_flag = -9.990e-29
*END*
[from data line 690]
          0    161.618    160.231   45.82648 -129.74728     7.3937     7.3954   3.451843   3.451695    33.6909    33.6876     1.8245     3.8121    6.74842     1.7473     0.0375    99.0662      7.710      30010          8  0.000e+00
          0    161.558    160.172   45.82648 -129.74728     7.3937     7.3953   3.451837   3.451702    33.6908    33.6878     1.8233     3.8081    6.74841     1.7778     0.0386    99.0400      7.716      30011          8  0.000e+00
          0    161.558    160.172   45.82648 -129.74728     7.3937     7.3956   3.451873   3.451681    33.6912    33.6873     1.8245     3.8121    6.74840     1.7778     0.0386    99.0400      7.716      30012          8  0.000e+00
          0    161.618    160.231   45.82648 -129.74728     7.3935     7.3953   3.451861   3.451717    33.6912    33.6879     1.8245     3.8122    6.74843     1.8083     0.0386    99.0400      7.710      30013          8  0.000e+00
          0    161.581    160.194   45.82648 -129.74728     7.3933     7.3952   3.451880   3.451709    33.6916    33.6880     1.8233     3.8086    6.74844     1.8083     0.0386    99.0400      7.710      30014          8  0.000e+00
          0    161.558    160.172   45.82648 -129.74728     7.3933     7.3954   3.451861   3.451724    33.6914    33.6879     1.8233     3.8086    6.74844     1.8388     0.0386    99.0400      7.716      30015          8  0.000e+00
          0    161.618    160.231   45.82648 -129.74728     7.3934     7.3956   3.451855   3.451745    33.6913    33.6880     1.8245     3.8121    6.74844     1.8083     0.0386    99.0400      7.710      30016          8  0.000e+00
          0    161.558    160.172   45.82648 -129.74728     7.3930     7.3954   3.451855   3.451752    33.6917    33.6882     1.8233     3.8085    6.74848     1.8388     0.0386    99.0400      7.716      30017          8  0.000e+00
          0    161.618    160.231   45.82648 -129.74728     7.3935     7.3956   3.451855   3.451734    33.6912    33.6879     1.8245     3.8119    6.74843     1.8388     0.0386    99.0400      7.716      30018          8  0.000e+00
          0    161.559    160.172   45.82648 -129.74728     7.3935     7.3956   3.451855   3.451769    33.6912    33.6883     1.8245     3.8118    6.74843     1.8083     0.0386    99.0400      7.710      30019          8  0.000e+00
          0    161.618    160.231   45.82648 -129.74728     7.3937     7.3949   3.451831   3.451784    33.6907    33.6890     1.8245     3.8121    6.74842     1.8388     0.0386    99.0400      7.710      30020          8  0.000e+00
          0    161.618    160.231   45.82648 -129.74728     7.3937     7.3949   3.451825   3.451762    33.6907    33.6888     1.8245     3.8130    6.74843     1.8388     0.0407    98.9875      7.716      30021          8  0.000e+00
          0    161.618    160.231   45.82648 -129.74728     7.3933     7.3951   3.451849   3.451815    33.6913    33.6892     1.8245     3.8128    6.74845     1.8083     0.0460    98.8564      7.710      30022          8  0.000e+00
          0    161.618    160.231   45.82648 -129.74728     7.3924     7.3949   3.451831   3.451773    33.6920    33.6889     1.8233     3.8091    6.74857     1.8388     0.0481    98.8040      7.710      30023          8  0.000e+00
          0    161.581    160.194   45.82648 -129.74728     7.3919     7.3952   3.451843   3.451798    33.6926    33.6889     1.8245     3.8130    6.74861     1.8388     0.0471    98.8302      7.716      30024          8  0.000e+00
          0    161.670    160.283   45.82648 -129.74728     7.3920     7.3951   3.451855   3.451791    33.6926    33.6889     1.8245     3.8128    6.74860     1.8083     0.0449    98.8826      7.710      30025          8  0.000e+00
          0    161.618    160.231   45.82648 -129.74728     7.3918     7.3946   3.451782   3.451805    33.6921    33.6896     1.8233     3.8090    6.74866     1.8388     0.0428    98.9351      7.710      30026          8  0.000e+00
          0    161.618    160.231   45.82648 -129.74728     7.3921     7.3946   3.451831   3.451805    33.6923    33.6896     1.8245     3.8132    6.74860     1.8388     0.0418    98.9613      7.716      30027          8  0.000e+00
          0    161.618    160.232   45.82648 -129.74728     7.3919     7.3946   3.451837   3.451808    33.6925    33.6896     1.8245     3.8129    6.74862     1.8083     0.0407    98.9875      7.710      30028          8  0.000e+00
          0    161.618    160.232   45.82648 -129.74728     7.3916     7.3949   3.451800   3.451791    33.6924    33.6892     1.8233     3.8091    6.74867     1.8388     0.0407    98.9875      7.710      30029          8  0.000e+00
          0    161.671    160.283   45.82648 -129.74728     7.3917     7.3949   3.451794   3.451784    33.6923    33.6890     1.8245     3.8129    6.74867     1.8388     0.0396    99.0138      7.716      30030          8  0.000e+00
          0    161.618    160.232   45.82648 -129.74728     7.3916     7.3951   3.451813   3.451805    33.6926    33.6891     1.8245     3.8130    6.74866     1.8388     0.0386    99.0400      7.716      30031          8  0.000e+00
          0    161.671    160.283   45.82648 -129.74728     7.3916     7.3953   3.451843   3.451812    33.6929    33.6889     1.8257     3.8172    6.74865     1.8083     0.0375    99.0662      7.710      30032          8  0.000e+00
          0    161.671    160.283   45.82648 -129.74728     7.3918     7.3956   3.451831   3.451830    33.6926    33.6889     1.8245     3.8142    6.74864     1.8388     0.0375    99.0662      7.710      30033          8  0.000e+00
          0    161.633    160.246   45.82648 -129.74728     7.3919     7.3954   3.451825   3.451815    33.6924    33.6889     1.8233     3.8103    6.74862     1.8388     0.0375    99.0662      7.716      30034          8  0.000e+00
          0    161.671    160.283   45.82648 -129.74728     7.3917     7.3956   3.451825   3.451812    33.6926    33.6887     1.8245     3.8140    6.74865     1.8083     0.0375    99.0662      7.716      30035          8  0.000e+00
          0    161.671    160.283   45.82648 -129.74728     7.3916     7.3954   3.451825   3.451791    33.6927    33.6886     1.8245     3.8140    6.74866     1.8083     0.0375    99.0662      7.710      30036          8  0.000e+00
          0    161.671    160.283   45.82648 -129.74728     7.3921     7.3953   3.451873   3.451819    33.6927    33.6890     1.8233     3.8100    6.74858     1.8388     0.0375    99.0662      7.710      30037          8  0.000e+00
          0    161.671    160.283   45.82648 -129.74728     7.3922     7.3956   3.451837   3.451815    33.6922    33.6887     1.8245     3.8136    6.74858     1.8388     0.0386    99.0400      7.716      30038          8  0.000e+00
          0    161.671    160.284   45.82648 -129.74728     7.3923     7.3954   3.451843   3.451830    33.6922    33.6890     1.8245     3.8137    6.74857     1.8083     0.0375    99.0662      7.710      30039          8  0.000e+00
          0    161.671    160.284   45.82648 -129.74728     7.3924     7.3953   3.451855   3.451858    33.6922    33.6894     1.8245     3.8137    6.74855     1.8083     0.0386    99.0400      7.716      30040          8  0.000e+00
          0    161.723    160.335   45.82648 -129.74728     7.3926     7.3953   3.451880   3.451801    33.6923    33.6888     1.8257     3.8177    6.74853     1.8388     0.0375    99.0662      7.716      30041          8  0.000e+00
          0    161.671    160.284   45.82648 -129.74728     7.3927     7.3956   3.451861   3.451822    33.6920    33.6888     1.8257     3.8181    6.74852     1.8083     0.0375    99.0662      7.710      30042          8  0.000e+00
          0    161.723    160.335   45.82648 -129.74728     7.3932     7.3953   3.451855   3.451837    33.6914    33.6892     1.8245     3.8145    6.74847     1.8388     0.0386    99.0400      7.716      30043          8  0.000e+00
          0    161.693    160.306   45.82648 -129.74728     7.3932     7.3954   3.451880   3.451837    33.6917    33.6891     1.8257     3.8184    6.74845     1.8388     0.0375    99.0662      7.710      30044          8  0.000e+00
          0    161.671    160.284   45.82648 -129.74728     7.3932     7.3956   3.451861   3.451858    33.6915    33.6892     1.8245     3.8147    6.74846     1.8083     0.0375    99.0662      7.710      30045          8  0.000e+00
          0    161.783    160.394   45.82648 -129.74728     7.3930     7.3957   3.451904   3.451822    33.6921    33.6886     1.8245     3.8146    6.74846     1.8388     0.0375    99.0662      7.716      30046          8  0.000e+00
          0    161.723    160.335   45.82648 -129.74728     7.3932     7.3957   3.451898   3.451830    33.6919    33.6887     1.8257     3.8184    6.74845     1.8083     0.0375    99.0662      7.710      30047          8  0.000e+00
          0    161.671    160.284   45.82648 -129.74728     7.3930     7.3953   3.451892   3.451851    33.6920    33.6893     1.8245     3.8146    6.74847     1.8388     0.0386    99.0400      7.716      30048          8  0.000e+00
          0    161.783    160.395   45.82648 -129.74728     7.3928     7.3957   3.451892   3.451822    33.6922    33.6886     1.8257     3.8185    6.74850     1.8083     0.0375    99.0662      7.710      30049          8  0.000e+00
          0    161.671    160.284   45.82648 -129.74728     7.3926     7.3956   3.451861   3.451812    33.6921    33.6887     1.8257     3.8186    6.74853     1.8388     0.0375    99.0662      7.710      30050          8  0.000e+00
          0    161.723    160.336   45.82648 -129.74728     7.3926     7.3957   3.451880   3.451830    33.6923    33.6887     1.8257     3.8188    6.74853     1.8083     0.0375    99.0662      7.716      30051          8  0.000e+00
          0    161.723    160.336   45.82648 -129.74728     7.3922     7.3956   3.451892   3.451837    33.6927    33.6889     1.8245     3.8149    6.74856     1.8388     0.0375    99.0662      7.716      30052          8  0.000e+00
          0    161.783    160.395   45.82648 -129.74728     7.3923     7.3957   3.451861   3.451858    33.6923    33.6890     1.8257     3.8186    6.74857     1.8083     0.0375    99.0662      7.710      30053          8  0.000e+00
          0    161.746    160.358   45.82648 -129.74728     7.3926     7.3957   3.451855   3.451865    33.6920    33.6891     1.8245     3.8146    6.74854     1.8388     0.0375    99.0662      7.710      30054          8  0.000e+00
          0    161.723    160.336   45.82648 -129.74728     7.3924     7.3958   3.451831   3.451865    33.6919    33.6890     1.8257     3.8182    6.74857     1.8388     0.0375    99.0662      7.716      30055          8  0.000e+00
          0    161.783    160.395   45.82648 -129.74728     7.3924     7.3957   3.451843   3.451844    33.6920    33.6888     1.8245     3.8142    6.74856     1.8083     0.0375    99.0662      7.710      30056          8  0.000e+00
          0    161.724    160.336   45.82648 -129.74728     7.3922     7.3957   3.451855   3.451815    33.6924    33.6886     1.8245     3.8137    6.74857     1.8388     0.0375    99.0662      7.716      30057          8  0.000e+00
          0    161.724    160.336   45.82648 -129.74728     7.3923     7.3957   3.451880   3.451851    33.6926    33.6889     1.8257     3.8177    6.74856     1.8083     0.0375    99.0662      7.710      30058          8  0.000e+00
          0    161.783    160.395   45.82648 -129.74728     7.3924     7.3957   3.451910   3.451858    33.6928    33.6890     1.8245     3.8141    6.74853     1.8083     0.0375    99.0662      7.716      30059          8  0.000e+00
          0    161.671    160.284   45.82648 -129.74728     7.3924     7.3956   3.451867   3.451840    33.6924    33.6890     1.8257     3.8175    6.74855     1.7778     0.0375    99.0662      7.716      30060          8  0.000e+00
          0    161.835    160.447   45.82648 -129.74728     7.3926     7.3956   3.451880   3.451837    33.6923    33.6889     1.8257     3.8180    6.74853     1.8083     0.0386    99.0400      7.710      30061          8  0.000e+00
          0    161.724    160.336   45.82648 -129.74728     7.3924     7.3956   3.451892   3.451837    33.6926    33.6889     1.8257     3.8183    6.74854     1.7778     0.0386    99.0400      7.716      30062          8  0.000e+00
          0    161.783    160.395   45.82648 -129.74728     7.3928     7.3956   3.451892   3.451837    33.6922    33.6889     1.8257     3.8182    6.74850     1.8083     0.0386    99.0400      7.710      30063          8  0.000e+00
          0    161.798    160.410   45.82648 -129.74728     7.3924     7.3954   3.451892   3.451815    33.6926    33.6888     1.8269     3.8221    6.74854     1.8083     0.0386    99.0400      7.716      30064          8  0.000e+00
          0    161.724    160.336   45.82648 -129.74728     7.3922     7.3956   3.451892   3.451851    33.6927    33.6891     1.8257     3.8188    6.74856     1.7778     0.0386    99.0400      7.710      30065          8  0.000e+00
          0    161.783    160.395   45.82648 -129.74728     7.3924     7.3956   3.451861   3.451844    33.6922    33.6890     1.8257     3.8185    6.74855     1.8083     0.0396    99.0138      7.716      30066          8  0.000e+00
          0    161.724    160.336   45.82648 -129.74728     7.3923     7.3956   3.451855   3.451837    33.6923    33.6889     1.8269     3.8227    6.74857     1.7778     0.0396    99.0138      7.710      30067          8  0.000e+00
          0    161.783    160.395   45.82648 -129.74728     7.3926     7.3956   3.451855   3.451815    33.6920    33.6887     1.8257     3.8194    6.74854     1.8083     0.0386    99.0400      7.710      30068          8  0.000e+00
          0    161.783    160.395   45.82648 -129.74728     7.3924     7.3956   3.451831   3.451830    33.6919    33.6888     1.8269     3.8235    6.74857     1.7778     0.0386    99.0400      7.716      30069          8  0.000e+00
          0    161.783    160.395   45.82648 -129.74728     7.3926     7.3954   3.451849   3.451812    33.6919    33.6888     1.8257     3.8201    6.74854     1.8083     0.0386    99.0400      7.716      30070          8  0.000e+00
          0    161.724    160.336   45.82648 -129.74728     7.3926     7.3953   3.451880   3.451826    33.6923    33.6890     1.8269     3.8241    6.74853     1.8083     0.0375    99.0662      7.716      30071          8  0.000e+00
          0    161.784    160.395   45.82648 -129.74728     7.3928     7.3956   3.451861   3.451837    33.6919    33.6889     1.8269     3.8242    6.74851     1.7778     0.0375    99.0662      7.710      30072          8  0.000e+00
          0    161.724    160.336   45.82648 -129.74728     7.3926     7.3954   3.451880   3.451794    33.6923    33.6886     1.8257     3.8206    6.74853     1.8083     0.0386    99.0400      7.710      30073          8  0.000e+00
          0    161.798    160.410   45.82648 -129.74728     7.3924     7.3952   3.451837   3.451822    33.6920    33.6891     1.8269     3.8246    6.74857     1.7778     0.0375    99.0662      7.716      30074          8  0.000e+00
          0    161.724    160.336   45.82648 -129.74728     7.3924     7.3953   3.451843   3.451773    33.6921    33.6885     1.8257     3.8205    6.74856     1.7778     0.0375    99.0662      7.710      30075          8  0.000e+00
          0    161.784    160.395   45.82648 -129.74728     7.3926     7.3953   3.451855   3.451777    33.6920    33.6884     1.8269     3.8244    6.74854     1.8083     0.0386    99.0400      7.716      30076          8  0.000e+00
          0    161.724    160.336   45.82648 -129.74728     7.3924     7.3951   3.451855   3.451762    33.6921    33.6886     1.8269     3.8247    6.74855     1.7778     0.0375    99.0662      7.710      30077          8  0.000e+00
