TN407/CTD Data/TN-407_CTD-007.ros
* Sea-Bird SBE 9 Data File:
* FileName = C:\data\TN407\TN407_CTD_007hex.hex
* Software Version Seasave V 7.26.7.107
* Temperature SN = 2195
* Conductivity SN = 2903
* Number of Bytes Per Scan = 41
* Number of Voltage Words = 4
* Number of Scans Averaged by the Deck Unit = 1
* NMEA Latitude = 45 50.06 N
* NMEA Longitude = 129 45.50 W
* NMEA UTC (Time) = Aug 28 2022  17:26:38
* NMEA baud rate = 4800
** Cruise: TGT407
** Cast: 007
** Location: Axial Base
** Date: 8-28-2022
** Water Depth: 2604
** Operator: MW
# nquan = 21
# nvalues = 2328                                  
# units = specified
# name 0 = modError: Modulo Error Count
# name 1 = prDM: Pressure, Digiquartz [db]
# name 2 = depSM: Depth [salt water, m]
# name 3 = latitude: Latitude [deg]
# name 4 = longitude: Longitude [deg]
# name 5 = t090C: Temperature [ITS-90, deg C]
# name 6 = t190C: Temperature, 2 [ITS-90, deg C]
# name 7 = c0S/m: Conductivity [S/m]
# name 8 = c1S/m: Conductivity, 2 [S/m]
# name 9 = sal00: Salinity, Practical [PSU]
# name 10 = sal11: Salinity, Practical, 2 [PSU]
# name 11 = sbeox0V: Oxygen raw, SBE 43 [V]
# name 12 = sbeox0ML/L: Oxygen, SBE 43 [ml/l]
# name 13 = oxsolML/L: Oxygen Saturation, Garcia & Gordon [ml/l]
# name 14 = flECO-AFL: Fluorescence, WET Labs ECO-AFL/FL [mg/m^3]
# name 15 = CStarAt0: Beam Attenuation, WET Labs C-Star [1/m]
# name 16 = CStarTr0: Beam Transmission, WET Labs C-Star [%]
# name 17 = ph: pH
# name 18 = scan: Scan Count
# name 19 = nbf: Bottles Fired
# name 20 = flag:  0.000e+00
# interval = seconds: 0.0416667
# start_time = Aug 28 2022 17:26:38 [NMEA time, header]
# bad_flag = -9.990e-29
*END*
[from data line 1518]
          0    252.590    250.367   45.83446 -129.75840     6.4718     6.4731   3.390099   3.390042    33.8736    33.8718     1.4414     2.7968    6.88461     1.8388     0.0418    98.9613     -4.277     168304         16  0.000e+00
          0    252.560    250.338   45.83446 -129.75840     6.4719     6.4731   3.390117   3.390042    33.8738    33.8718     1.4414     2.7971    6.88459     1.8694     0.0418    98.9613     -4.294     168305         16  0.000e+00
          0    252.590    250.368   45.83446 -129.75840     6.4720     6.4732   3.390063   3.390042    33.8731    33.8716     1.4414     2.7968    6.88461     1.8388     0.0418    98.9613     -4.299     168306         16  0.000e+00
          0    252.590    250.368   45.83446 -129.75840     6.4719     6.4733   3.390069   3.390042    33.8732    33.8715     1.4414     2.7971    6.88462     1.8694     0.0418    98.9613     -4.288     168307         16  0.000e+00
          0    252.643    250.419   45.83446 -129.75840     6.4717     6.4735   3.390081   3.390080    33.8735    33.8718     1.4414     2.7968    6.88463     1.8694     0.0449    98.8826     -4.282     168308         16  0.000e+00
          0    252.590    250.368   45.83446 -129.75840     6.4718     6.4735   3.390051   3.390073    33.8731    33.8717     1.4414     2.7971    6.88463     1.8388     0.0492    98.7777     -4.277     168309         16  0.000e+00
          0    252.613    250.390   45.83446 -129.75840     6.4716     6.4735   3.390045   3.390024    33.8733    33.8712     1.4401     2.7926    6.88467     1.8083     0.0503    98.7515     -4.282     168310         16  0.000e+00
          0    252.643    250.419   45.83446 -129.75840     6.4716     6.4733   3.390057   3.390035    33.8734    33.8714     1.4414     2.7965    6.88466     1.8083     0.0481    98.8040     -4.277     168311         16  0.000e+00
          0    252.643    250.419   45.83446 -129.75840     6.4717     6.4735   3.390075   3.390042    33.8734    33.8714     1.4414     2.7962    6.88464     1.8388     0.0471    98.8302     -4.271     168312         16  0.000e+00
          0    252.643    250.419   45.83446 -129.75840     6.4717     6.4736   3.390081   3.390042    33.8735    33.8712     1.4401     2.7922    6.88463     1.8083     0.0449    98.8826     -4.282     168313         16  0.000e+00
          0    252.673    250.449   45.83446 -129.75840     6.4718     6.4735   3.390123   3.390080    33.8739    33.8718     1.4414     2.7956    6.88460     1.8388     0.0449    98.8826     -4.282     168314         16  0.000e+00
          0    252.643    250.419   45.83446 -129.75840     6.4722     6.4737   3.390141   3.390094    33.8737    33.8717     1.4401     2.7916    6.88455     1.8083     0.0439    98.9089     -4.282     168315         16  0.000e+00
          0    252.695    250.471   45.83446 -129.75840     6.4723     6.4736   3.390196   3.390073    33.8742    33.8716     1.4414     2.7955    6.88451     1.8083     0.0428    98.9351     -4.277     168316         16  0.000e+00
          0    252.643    250.420   45.83446 -129.75840     6.4722     6.4735   3.390160   3.390066    33.8739    33.8716     1.4401     2.7915    6.88454     1.8388     0.0439    98.9089     -4.277     168317         16  0.000e+00
          0    252.695    250.471   45.83446 -129.75840     6.4724     6.4736   3.390160   3.390066    33.8737    33.8715     1.4414     2.7949    6.88452     1.8083     0.0428    98.9351     -4.282     168318         16  0.000e+00
          0    252.725    250.501   45.83446 -129.75840     6.4723     6.4736   3.390172   3.390059    33.8739    33.8714     1.4414     2.7952    6.88452     1.8388     0.0428    98.9351     -4.282     168319         16  0.000e+00
          0    252.695    250.471   45.83446 -129.75840     6.4724     6.4735   3.390147   3.390063    33.8736    33.8716     1.4414     2.7954    6.88453     1.8083     0.0428    98.9351     -4.282     168320         16  0.000e+00
          0    252.755    250.531   45.83446 -129.75840     6.4722     6.4735   3.390141   3.390045    33.8737    33.8714     1.4414     2.7957    6.88455     1.8388     0.0428    98.9351     -4.282     168321         16  0.000e+00
          0    252.755    250.531   45.83446 -129.75840     6.4719     6.4735   3.390123   3.390098    33.8738    33.8719     1.4401     2.7917    6.88459     1.8083     0.0418    98.9613     -4.282     168322         16  0.000e+00
          0    252.725    250.501   45.83446 -129.75840     6.4720     6.4735   3.390111   3.390077    33.8735    33.8717     1.4414     2.7956    6.88459     1.8388     0.0418    98.9613     -4.277     168323         16  0.000e+00
          0    252.755    250.531   45.83446 -129.75840     6.4721     6.4737   3.390129   3.390087    33.8737    33.8715     1.4414     2.7959    6.88457     1.8083     0.0418    98.9613     -4.282     168324         16  0.000e+00
          0    252.755    250.531   45.83446 -129.75840     6.4724     6.4733   3.390117   3.390094    33.8732    33.8720     1.4414     2.7962    6.88454     1.8388     0.0418    98.9613     -4.277     168325         16  0.000e+00
          0    252.755    250.531   45.83446 -129.75840     6.4718     6.4736   3.390111   3.390112    33.8737    33.8720     1.4401     2.7917    6.88461     1.8388     0.0428    98.9351     -4.277     168326         16  0.000e+00
          0    252.807    250.582   45.83446 -129.75840     6.4724     6.4736   3.390111   3.390140    33.8731    33.8722     1.4414     2.7956    6.88455     1.8083     0.0428    98.9351     -4.282     168327         16  0.000e+00
          0    252.777    250.553   45.83446 -129.75840     6.4723     6.4736   3.390141   3.390126    33.8735    33.8721     1.4401     2.7911    6.88454     1.8083     0.0428    98.9351     -4.277     168328         16  0.000e+00
          0    252.755    250.531   45.83446 -129.75840     6.4721     6.4736   3.390141   3.390098    33.8738    33.8718     1.4401     2.7909    6.88457     1.8083     0.0418    98.9613     -4.277     168329         16  0.000e+00
          0    252.807    250.582   45.83446 -129.75840     6.4721     6.4740   3.390160   3.390133    33.8740    33.8718     1.4414     2.7949    6.88456     1.8083     0.0418    98.9613     -4.277     168330         16  0.000e+00
          0    252.807    250.582   45.83446 -129.75840     6.4720     6.4735   3.390123   3.390105    33.8736    33.8720     1.4401     2.7910    6.88458     1.8083     0.0418    98.9613     -4.288     168331         16  0.000e+00
          0    252.807    250.583   45.83446 -129.75840     6.4719     6.4740   3.390111   3.390133    33.8736    33.8718     1.4414     2.7944    6.88460     1.8388     0.0418    98.9613     -4.271     168332         16  0.000e+00
          0    252.777    250.553   45.83446 -129.75840     6.4720     6.4736   3.390087   3.390147    33.8732    33.8723     1.4401     2.7905    6.88460     1.8694     0.0418    98.9613     -4.266     168333         16  0.000e+00
          0    252.807    250.583   45.83446 -129.75840     6.4721     6.4736   3.390111   3.390126    33.8734    33.8721     1.4414     2.7944    6.88458     1.8694     0.0418    98.9613     -4.271     168334         16  0.000e+00
          0    252.807    250.583   45.83446 -129.75840     6.4721     6.4737   3.390111   3.390140    33.8734    33.8721     1.4401     2.7906    6.88458     1.8999     0.0418    98.9613     -4.277     168335         16  0.000e+00
          0    252.867    250.642   45.83446 -129.75840     6.4718     6.4736   3.390111   3.390126    33.8736    33.8721     1.4401     2.7904    6.88461     1.8694     0.0418    98.9613     -4.277     168336         16  0.000e+00
          0    252.778    250.553   45.83446 -129.75840     6.4719     6.4736   3.390129   3.390098    33.8738    33.8718     1.4414     2.7938    6.88459     1.8999     0.0418    98.9613     -4.271     168337         16  0.000e+00
          0    100.935    100.084   45.83448 -129.75842     7.8720     7.8710   3.382145   3.382122    32.5148    32.5155     2.6082     6.0018    6.72700     2.2357     0.0460    98.8564     -4.221     175067         17  0.000e+00
          0    100.905    100.054   45.83448 -129.75842     7.8722     7.8723   3.382114   3.382119    32.5144    32.5143     2.6070     5.9977    6.72700     2.2662     0.0460    98.8564     -4.215     175068         17  0.000e+00
          0    100.935    100.084   45.83448 -129.75842     7.8718     7.8728   3.382127   3.382126    32.5148    32.5139     2.6082     6.0012    6.72703     2.2967     0.0460    98.8564     -4.215     175069         17  0.000e+00
          0    100.905    100.054   45.83448 -129.75842     7.8719     7.8730   3.382114   3.382168    32.5146    32.5142     2.6070     5.9976    6.72703     2.2967     0.0460    98.8564     -4.221     175070         17  0.000e+00
          0    100.883    100.032   45.83448 -129.75842     7.8720     7.8733   3.382151   3.382129    32.5149    32.5135     2.6082     6.0014    6.72700     2.2967     0.0460    98.8564     -4.221     175071         17  0.000e+00
          0    100.905    100.054   45.83448 -129.75842     7.8716     7.8730   3.382120   3.382126    32.5150    32.5138     2.6082     6.0019    6.72706     2.2662     0.0449    98.8826     -4.221     175072         17  0.000e+00
          0    100.883    100.032   45.83448 -129.75842     7.8719     7.8728   3.382127   3.382108    32.5148    32.5137     2.6082     6.0022    6.72703     2.2662     0.0449    98.8826     -4.221     175073         17  0.000e+00
          0    100.965    100.113   45.83448 -129.75842     7.8719     7.8730   3.382114   3.382150    32.5146    32.5140     2.6082     6.0022    6.72703     2.2662     0.0460    98.8564     -4.215     175074         17  0.000e+00
          0    100.883    100.032   45.83448 -129.75842     7.8718     7.8735   3.382127   3.382136    32.5148    32.5134     2.6082     6.0020    6.72703     2.2967     0.0460    98.8564     -4.215     175075         17  0.000e+00
          0    100.905    100.054   45.83448 -129.75842     7.8719     7.8735   3.382114   3.382129    32.5146    32.5133     2.6082     6.0023    6.72703     2.2967     0.0460    98.8564     -4.210     175076         17  0.000e+00
          0    100.883    100.032   45.83448 -129.75842     7.8717     7.8735   3.382114   3.382136    32.5148    32.5134     2.6082     6.0027    6.72705     2.2662     0.0460    98.8564     -4.215     175077         17  0.000e+00
          0    100.905    100.054   45.83448 -129.75842     7.8716     7.8739   3.382108   3.382129    32.5149    32.5129     2.6094     6.0070    6.72707     2.2662     0.0460    98.8564     -4.226     175078         17  0.000e+00
          0    100.801     99.951   45.83448 -129.75842     7.8713     7.8739   3.382108   3.382150    32.5152    32.5132     2.6094     6.0077    6.72710     2.2662     0.0460    98.8564     -4.232     175079         17  0.000e+00
          0    100.987    100.135   45.83448 -129.75842     7.8713     7.8733   3.382108   3.382136    32.5151    32.5135     2.6082     6.0042    6.72711     2.2662     0.0460    98.8564     -4.226     175080         17  0.000e+00
          0    100.853    100.003   45.83448 -129.75842     7.8711     7.8720   3.382127   3.382119    32.5155    32.5146     2.6082     6.0039    6.72711     2.2662     0.0460    98.8564     -4.215     175081         17  0.000e+00
          0    100.883    100.032   45.83448 -129.75842     7.8708     7.8715   3.382090   3.382105    32.5154    32.5149     2.6082     6.0038    6.72716     2.2662     0.0460    98.8564     -4.226     175082         17  0.000e+00
          0    100.905    100.054   45.83448 -129.75842     7.8709     7.8720   3.382120   3.382122    32.5156    32.5146     2.6082     6.0040    6.72713     2.2967     0.0460    98.8564     -4.232     175083         17  0.000e+00
          0    100.883    100.032   45.83448 -129.75842     7.8708     7.8725   3.382090   3.382157    32.5154    32.5146     2.6082     6.0043    6.72717     2.2967     0.0460    98.8564     -4.232     175084         17  0.000e+00
          0    100.853    100.003   45.83448 -129.75842     7.8707     7.8731   3.382096   3.382119    32.5156    32.5136     2.6082     6.0045    6.72717     2.2967     0.0460    98.8564     -4.232     175085         17  0.000e+00
          0    100.883    100.032   45.83448 -129.75842     7.8704     7.8733   3.382084   3.382122    32.5157    32.5134     2.6094     6.0083    6.72721     2.2967     0.0460    98.8564     -4.221     175086         17  0.000e+00
          0    100.853    100.003   45.83448 -129.75842     7.8698     7.8736   3.382054   3.382136    32.5160    32.5133     2.6094     6.0086    6.72729     2.2662     0.0460    98.8564     -4.215     175087         17  0.000e+00
          0    100.883    100.032   45.83448 -129.75842     7.8693     7.8738   3.382090   3.382150    32.5169    32.5133     2.6082     6.0048    6.72734     2.2662     0.0471    98.8302     -4.215     175088         17  0.000e+00
          0    100.853    100.003   45.83448 -129.75842     7.8688     7.8739   3.382036   3.382157    32.5167    32.5132     2.6082     6.0050    6.72741     2.2967     0.0481    98.8040     -4.221     175089         17  0.000e+00
          0    100.824     99.973   45.83448 -129.75842     7.8687     7.8741   3.382060   3.382143    32.5171    32.5129     2.6082     6.0052    6.72741     2.2662     0.0471    98.8302     -4.221     175090         17  0.000e+00
          0    100.853    100.003   45.83448 -129.75842     7.8687     7.8739   3.382054   3.382129    32.5170    32.5129     2.6094     6.0093    6.72741     2.2967     0.0471    98.8302     -4.221     175091         17  0.000e+00
          0    100.824     99.973   45.83448 -129.75842     7.8688     7.8738   3.382048   3.382150    32.5168    32.5133     2.6094     6.0098    6.72740     2.2967     0.0471    98.8302     -4.221     175092         17  0.000e+00
          0    100.853    100.003   45.83448 -129.75842     7.8685     7.8742   3.382048   3.382143    32.5171    32.5128     2.6094     6.0105    6.72744     2.2662     0.0460    98.8564     -4.221     175093         17  0.000e+00
          0    100.853    100.003   45.83448 -129.75842     7.8684     7.8746   3.382066   3.382129    32.5174    32.5123     2.6094     6.0106    6.72744     2.2662     0.0460    98.8564     -4.215     175094         17  0.000e+00
          0    100.824     99.973   45.83448 -129.75842     7.8680     7.8746   3.382078   3.382168    32.5179    32.5128     2.6082     6.0067    6.72748     2.2662     0.0460    98.8564     -4.221     175095         17  0.000e+00
          0    100.853    100.003   45.83448 -129.75842     7.8685     7.8744   3.382054   3.382150    32.5172    32.5127     2.6094     6.0101    6.72744     2.2662     0.0460    98.8564     -4.232     175096         17  0.000e+00
          0    100.771     99.921   45.83448 -129.75842     7.8684     7.8741   3.382024   3.382150    32.5170    32.5130     2.6094     6.0101    6.72746     2.2967     0.0460    98.8564     -4.226     175097         17  0.000e+00
          0    100.853    100.003   45.83448 -129.75842     7.8690     7.8746   3.382060   3.382175    32.5168    32.5128     2.6094     6.0105    6.72738     2.2967     0.0460    98.8564     -4.221     175098         17  0.000e+00
          0    100.771     99.921   45.83448 -129.75842     7.8695     7.8749   3.382078   3.382150    32.5166    32.5123     2.6094     6.0108    6.72732     2.2967     0.0460    98.8564     -4.221     175099         17  0.000e+00
          0    100.853    100.003   45.83448 -129.75842     7.8701     7.8746   3.382084   3.382129    32.5160    32.5123     2.6094     6.0111    6.72724     2.2662     0.0460    98.8564     -4.221     175100         17  0.000e+00
