TN407/CTD Data/TN-407_CTD-003.ros
* Sea-Bird SBE 9 Data File:
* FileName = C:\data\TN407\TN407_CTD_003.hex
* Software Version Seasave V 7.26.7.107
* Temperature SN = 2195
* Conductivity SN = 2903
* Number of Bytes Per Scan = 41
* Number of Voltage Words = 4
* Number of Scans Averaged by the Deck Unit = 1
* NMEA Latitude = 44 30.91 N
* NMEA Longitude = 125 23.74 W
* NMEA UTC (Time) = Aug 21 2022  17:54:01
* NMEA baud rate = 4800
** Cruise: TGT407
** Cast: 003
** Location: Slope Base
** Date: 8-21-2022
** Water Depth: 2909
** Operator: JN
# nquan = 21
# nvalues = 2231                                  
# units = specified
# name 0 = modError: Modulo Error Count
# name 1 = prDM: Pressure, Digiquartz [db]
# name 2 = depSM: Depth [salt water, m]
# name 3 = latitude: Latitude [deg]
# name 4 = longitude: Longitude [deg]
# name 5 = t090C: Temperature [ITS-90, deg C]
# name 6 = t190C: Temperature, 2 [ITS-90, deg C]
# name 7 = c0S/m: Conductivity [S/m]
# name 8 = c1S/m: Conductivity, 2 [S/m]
# name 9 = sal00: Salinity, Practical [PSU]
# name 10 = sal11: Salinity, Practical, 2 [PSU]
# name 11 = sbeox0V: Oxygen raw, SBE 43 [V]
# name 12 = sbeox0ML/L: Oxygen, SBE 43 [ml/l]
# name 13 = oxsolML/L: Oxygen Saturation, Garcia & Gordon [ml/l]
# name 14 = flECO-AFL: Fluorescence, WET Labs ECO-AFL/FL [mg/m^3]
# name 15 = CStarAt0: Beam Attenuation, WET Labs C-Star [1/m]
# name 16 = CStarTr0: Beam Transmission, WET Labs C-Star [%]
# name 17 = ph: pH
# name 18 = scan: Scan Count
# name 19 = nbf: Bottles Fired
# name 20 = flag:  0.000e+00
# interval = seconds: 0.0416667
# start_time = Aug 21 2022 17:54:01 [NMEA time, header]
# bad_flag = -9.990e-29
*END*
[from data line 897]
          0   1537.885   1519.863   44.51486 -125.39620     2.6013     2.6033   3.158992   3.158990    34.5189    34.5168     0.6863     0.6996    7.52198     1.8694     0.0365    99.0925     -4.441     148349         10  0.000e+00
          0   1537.839   1519.818   44.51486 -125.39620     2.6014     2.6032   3.159027   3.159024    34.5192    34.5174     0.6850     0.6945    7.52194     1.8694     0.0354    99.1187     -4.447     148350         10  0.000e+00
          0   1537.885   1519.863   44.51486 -125.39620     2.6014     2.6033   3.159021   3.159017    34.5191    34.5171     0.6863     0.7002    7.52195     1.8694     0.0365    99.0925     -4.458     148351         10  0.000e+00
          0   1537.885   1519.863   44.51486 -125.39620     2.6013     2.6035   3.158992   3.159010    34.5190    34.5169     0.6850     0.6951    7.52199     1.8694     0.0354    99.1187     -4.464     148352         10  0.000e+00
          0   1537.839   1519.818   44.51486 -125.39620     2.6013     2.6032   3.159004   3.158990    34.5191    34.5170     0.6863     0.7009    7.52198     1.9304     0.0354    99.1187     -4.452     148353         10  0.000e+00
          0   1537.885   1519.863   44.51486 -125.39620     2.6016     2.6032   3.159015   3.159017    34.5189    34.5172     0.6850     0.6947    7.52193     1.9304     0.0365    99.0925     -4.447     148354         10  0.000e+00
          0   1537.893   1519.871   44.51486 -125.39620     2.6013     2.6033   3.159015   3.159013    34.5192    34.5171     0.6863     0.7005    7.52197     1.8999     0.0365    99.0925     -4.452     148355         10  0.000e+00
          0   1537.885   1519.864   44.51486 -125.39620     2.6013     2.6033   3.158992   3.159010    34.5190    34.5170     0.6863     0.7002    7.52199     1.9304     0.0365    99.0925     -4.447     148356         10  0.000e+00
          0   1537.954   1519.931   44.51486 -125.39620     2.6014     2.6035   3.158986   3.159030    34.5187    34.5171     0.6850     0.6952    7.52197     1.9304     0.0365    99.0925     -4.447     148357         10  0.000e+00
          0   1537.885   1519.864   44.51486 -125.39620     2.6011     2.6033   3.159004   3.159037    34.5193    34.5173     0.6863     0.7009    7.52200     1.8999     0.0365    99.0925     -4.452     148358         10  0.000e+00
          0   1537.893   1519.871   44.51486 -125.39620     2.6013     2.6032   3.159015   3.159017    34.5192    34.5173     0.6863     0.7007    7.52197     1.9304     0.0365    99.0925     -4.458     148359         10  0.000e+00
          0   1537.947   1519.924   44.51486 -125.39620     2.6013     2.6035   3.159033   3.159010    34.5194    34.5168     0.6850     0.6945    7.52196     1.8999     0.0365    99.0925     -4.458     148360         10  0.000e+00
          0   1537.954   1519.931   44.51486 -125.39620     2.6011     2.6033   3.159021   3.159010    34.5195    34.5170     0.6863     0.7002    7.52199     1.8999     0.0354    99.1187     -4.447     148361         10  0.000e+00
          0   1537.947   1519.924   44.51486 -125.39620     2.6016     2.6033   3.159015   3.158990    34.5189    34.5167     0.6850     0.6940    7.52194     1.9304     0.0365    99.0925     -4.441     148362         10  0.000e+00
          0   1537.893   1519.871   44.51486 -125.39620     2.6015     2.6033   3.159015   3.159017    34.5190    34.5171     0.6850     0.6938    7.52194     1.8999     0.0375    99.0662     -4.447     148363         10  0.000e+00
          0   1537.947   1519.924   44.51486 -125.39620     2.6013     2.6035   3.159033   3.159013    34.5194    34.5169     0.6863     0.6995    7.52196     1.9304     0.0386    99.0400     -4.447     148364         10  0.000e+00
          0   1537.954   1519.932   44.51486 -125.39620     2.6014     2.6032   3.159045   3.159010    34.5194    34.5171     0.6850     0.6934    7.52193     1.9304     0.0386    99.0400     -4.441     148365         10  0.000e+00
          0   1537.947   1519.924   44.51486 -125.39620     2.6014     2.6032   3.159021   3.159010    34.5191    34.5171     0.6863     0.6991    7.52195     1.8999     0.0375    99.0662     -4.447     148366         10  0.000e+00
          0   1537.954   1519.932   44.51486 -125.39620     2.6014     2.6035   3.159015   3.159010    34.5190    34.5168     0.6863     0.7000    7.52195     1.9304     0.0375    99.0662     -4.447     148367         10  0.000e+00
          0   1538.000   1519.977   44.51486 -125.39620     2.6011     2.6032   3.159015   3.158990    34.5194    34.5169     0.6850     0.6950    7.52200     1.9304     0.0365    99.0925     -4.441     148368         10  0.000e+00
          0   1537.954   1519.932   44.51486 -125.39620     2.6016     2.6035   3.159015   3.158986    34.5189    34.5165     0.6850     0.6949    7.52194     1.8999     0.0365    99.0925     -4.452     148369         10  0.000e+00
          0   1537.947   1519.924   44.51486 -125.39620     2.6013     2.6033   3.159015   3.159003    34.5192    34.5169     0.6863     0.6996    7.52197     1.8999     0.0365    99.0925     -4.464     148370         10  0.000e+00
          0   1538.008   1519.984   44.51486 -125.39620     2.6016     2.6035   3.159033   3.159010    34.5191    34.5168     0.6863     0.7016    7.52193     1.9304     0.0375    99.0662     -4.458     148371         10  0.000e+00
          0   1537.947   1519.924   44.51486 -125.39620     2.6016     2.6030   3.159045   3.159007    34.5193    34.5173     0.6850     0.6967    7.52192     1.9304     0.0375    99.0662     -4.458     148372         10  0.000e+00
          0   1537.955   1519.932   44.51486 -125.39620     2.6014     2.6032   3.159062   3.159007    34.5196    34.5171     0.6850     0.6955    7.52192     1.9304     0.0375    99.0662     -4.458     148373         10  0.000e+00
          0   1538.000   1519.977   44.51486 -125.39620     2.6016     2.6033   3.159051   3.159030    34.5193    34.5172     0.6850     0.6955    7.52191     1.8999     0.0365    99.0925     -4.452     148374         10  0.000e+00
          0   1537.894   1519.872   44.51486 -125.39620     2.6016     2.6032   3.159045   3.158996    34.5193    34.5170     0.6863     0.7003    7.52192     1.8999     0.0365    99.0925     -4.441     148375         10  0.000e+00
          0   1538.001   1519.977   44.51486 -125.39620     2.6017     2.6032   3.159021   3.159003    34.5188    34.5170     0.6863     0.7013    7.52191     1.9304     0.0365    99.0925     -4.447     148376         10  0.000e+00
          0   1537.955   1519.932   44.51486 -125.39620     2.6017     2.6034   3.159033   3.159030    34.5190    34.5171     0.6850     0.6964    7.52191     1.9304     0.0365    99.0925     -4.458     148377         10  0.000e+00
          0   1537.947   1519.924   44.51486 -125.39620     2.6016     2.6032   3.159045   3.159017    34.5193    34.5172     0.6863     0.7012    7.52192     1.9304     0.0365    99.0925     -4.458     148378         10  0.000e+00
          0   1537.955   1519.932   44.51486 -125.39620     2.6016     2.6032   3.159021   3.159030    34.5190    34.5174     0.6863     0.7011    7.52193     1.9304     0.0365    99.0925     -4.452     148379         10  0.000e+00
          0   1537.947   1519.925   44.51486 -125.39620     2.6017     2.6033   3.159015   3.158980    34.5187    34.5166     0.6863     0.7021    7.52191     1.9304     0.0365    99.0925     -4.447     148380         10  0.000e+00
          0   1538.008   1519.985   44.51486 -125.39620     2.6016     2.6032   3.159015   3.159013    34.5189    34.5172     0.6850     0.6961    7.52194     1.9304     0.0365    99.0925     -4.441     148381         10  0.000e+00
          0   1537.947   1519.925   44.51486 -125.39620     2.6016     2.6033   3.159015   3.159051    34.5189    34.5175     0.6850     0.6960    7.52194     1.9304     0.0365    99.0925     -4.441     148382         10  0.000e+00
          0   1537.955   1519.932   44.51486 -125.39620     2.6017     2.6032   3.159033   3.159003    34.5189    34.5171     0.6850     0.6959    7.52190     1.8999     0.0354    99.1187     -4.441     148383         10  0.000e+00
          0   1537.947   1519.925   44.51486 -125.39620     2.6016     2.6033   3.159086   3.159003    34.5198    34.5169     0.6863     0.7018    7.52189     1.9304     0.0354    99.1187     -4.447     148384         10  0.000e+00
          0   1537.955   1519.932   44.51486 -125.39620     2.6014     2.6033   3.159056   3.159010    34.5195    34.5170     0.6863     0.7029    7.52192     1.9304     0.0365    99.0925     -4.447     148385         10  0.000e+00
          0   1537.947   1519.925   44.51486 -125.39620     2.6016     2.6033   3.159021   3.159010    34.5190    34.5170     0.6863     0.7040    7.52193     1.9304     0.0365    99.0925     -4.447     148386         10  0.000e+00
          0   1537.955   1519.932   44.51486 -125.39620     2.6014     2.6035   3.159015   3.159010    34.5190    34.5168     0.6863     0.7039    7.52195     1.8999     0.0365    99.0925     -4.447     148387         10  0.000e+00
          0   1537.947   1519.925   44.51486 -125.39620     2.6014     2.6036   3.159033   3.159010    34.5192    34.5167     0.6863     0.7049    7.52194     1.8999     0.0365    99.0925     -4.452     148388         10  0.000e+00
          0   1537.886   1519.865   44.51486 -125.39620     2.6016     2.6032   3.158998   3.159010    34.5187    34.5171     0.6863     0.7060    7.52194     1.9304     0.0365    99.0925     -4.447     148389         10  0.000e+00
          0   1537.955   1519.932   44.51486 -125.39620     2.6017     2.6035   3.159051   3.159007    34.5191    34.5168     0.6850     0.7000    7.52189     1.9304     0.0365    99.0925     -4.447     148390         10  0.000e+00
          0   1537.948   1519.925   44.51486 -125.39620     2.6017     2.6035   3.159027   3.159007    34.5189    34.5168     0.6850     0.6999    7.52191     1.8999     0.0365    99.0925     -4.447     148391         10  0.000e+00
          0   1537.894   1519.872   44.51486 -125.39620     2.6014     2.6035   3.159015   3.159010    34.5191    34.5169     0.6863     0.7047    7.52195     1.8999     0.0365    99.0925     -4.447     148392         10  0.000e+00
          0   1537.948   1519.925   44.51486 -125.39620     2.6016     2.6035   3.159033   3.159010    34.5191    34.5168     0.6863     0.7046    7.52192     1.9304     0.0365    99.0925     -4.447     148393         10  0.000e+00
          0   1537.894   1519.872   44.51486 -125.39620     2.6014     2.6036   3.159021   3.159010    34.5191    34.5167     0.6863     0.7045    7.52195     1.9304     0.0365    99.0925     -4.447     148394         10  0.000e+00
          0   1537.887   1519.865   44.51486 -125.39620     2.6014     2.6033   3.159015   3.159010    34.5191    34.5170     0.6850     0.6984    7.52195     1.9304     0.0375    99.0662     -4.452     148395         10  0.000e+00
          0   1537.894   1519.872   44.51486 -125.39620     2.6016     2.6035   3.159033   3.159030    34.5191    34.5171     0.6850     0.6972    7.52192     1.8999     0.0365    99.0925     -4.452     148396         10  0.000e+00
          0   1537.887   1519.865   44.51486 -125.39620     2.6014     2.6035   3.159021   3.158996    34.5191    34.5167     0.6863     0.7029    7.52195     1.8999     0.0365    99.0925     -4.447     148397         10  0.000e+00
          0   1537.894   1519.872   44.51486 -125.39620     2.6013     2.6032   3.159033   3.159003    34.5194    34.5171     0.6850     0.6980    7.52196     1.9304     0.0365    99.0925     -4.452     148398         10  0.000e+00
          0   1537.887   1519.865   44.51486 -125.39620     2.6014     2.6035   3.158998   3.159007    34.5188    34.5168     0.6863     0.7027    7.52196     1.9304     0.0365    99.0925     -4.458     148399         10  0.000e+00
          0   1537.841   1519.820   44.51486 -125.39620     2.6017     2.6032   3.159004   3.159007    34.5186    34.5171     0.6863     0.7036    7.52192     1.9304     0.0365    99.0925     -4.447     148400         10  0.000e+00
          0   1537.887   1519.865   44.51486 -125.39620     2.6014     2.6033   3.159033   3.159010    34.5193    34.5170     0.6863     0.7034    7.52194     1.9609     0.0365    99.0925     -4.441     148401         10  0.000e+00
          0   1537.894   1519.873   44.51486 -125.39620     2.6013     2.6035   3.159021   3.159010    34.5193    34.5169     0.6850     0.6984    7.52197     1.9304     0.0365    99.0925     -4.447     148402         10  0.000e+00
          0   1537.833   1519.812   44.51486 -125.39620     2.6013     2.6032   3.158992   3.159010    34.5190    34.5172     0.6875     0.7090    7.52198     1.9304     0.0354    99.1187     -4.452     148403         10  0.000e+00
          0   1537.841   1519.820   44.51486 -125.39620     2.6014     2.6036   3.159004   3.159010    34.5189    34.5167     0.6863     0.7050    7.52195     1.9609     0.0354    99.1187     -4.452     148404         10  0.000e+00
          0   1537.887   1519.865   44.51486 -125.39620     2.6015     2.6035   3.159015   3.159030    34.5190    34.5171     0.6850     0.6999    7.52194     1.9304     0.0365    99.0925     -4.447     148405         10  0.000e+00
          0   1537.841   1519.820   44.51486 -125.39620     2.6014     2.6036   3.159033   3.159017    34.5193    34.5168     0.6850     0.6986    7.52194     1.9304     0.0354    99.1187     -4.447     148406         10  0.000e+00
          0   1537.834   1519.813   44.51486 -125.39620     2.6014     2.6036   3.158998   3.159030    34.5189    34.5170     0.6850     0.6984    7.52196     1.9304     0.0354    99.1187     -4.447     148407         10  0.000e+00
          0   1537.780   1519.760   44.51486 -125.39620     2.6014     2.6036   3.159003   3.159030    34.5190    34.5170     0.6863     0.7042    7.52195     1.9304     0.0354    99.1187     -4.447     148408         10  0.000e+00
          0   1537.834   1519.813   44.51486 -125.39620     2.6014     2.6035   3.158992   3.159051    34.5188    34.5174     0.6850     0.6981    7.52196     1.9609     0.0365    99.0925     -4.452     148409         10  0.000e+00
          0   1537.841   1519.820   44.51486 -125.39620     2.6013     2.6038   3.159004   3.159020    34.5191    34.5167     0.6850     0.6980    7.52198     1.9304     0.0354    99.1187     -4.458     148410         10  0.000e+00
          0   1537.834   1519.813   44.51486 -125.39620     2.6013     2.6036   3.158992   3.159047    34.5190    34.5172     0.6863     0.7027    7.52198     1.9304     0.0365    99.0925     -4.447     148411         10  0.000e+00
          0   1537.780   1519.760   44.51486 -125.39620     2.6014     2.6035   3.159027   3.159020    34.5193    34.5170     0.6863     0.7025    7.52194     1.9609     0.0365    99.0925     -4.441     148412         10  0.000e+00
          0   1537.773   1519.753   44.51486 -125.39620     2.6016     2.6036   3.159021   3.159030    34.5191    34.5170     0.6850     0.6975    7.52193     1.9609     0.0365    99.0925     -4.435     148413         10  0.000e+00
          0   1537.841   1519.820   44.51486 -125.39620     2.6016     2.6036   3.159033   3.159017    34.5192    34.5168     0.6850     0.6963    7.52192     1.9304     0.0365    99.0925     -4.441     148414         10  0.000e+00
          0   1537.773   1519.753   44.51486 -125.39620     2.6014     2.6036   3.159045   3.159030    34.5195    34.5170     0.6863     0.7020    7.52193     1.9304     0.0365    99.0925     -4.435     148415         10  0.000e+00
          0   1537.780   1519.760   44.51486 -125.39620     2.6014     2.6036   3.159021   3.159037    34.5192    34.5171     0.6863     0.7030    7.52194     1.9609     0.0354    99.1187     -4.435     148416         10  0.000e+00
