TN407/CTD Data/TN-407_CTD-006.ros
* Sea-Bird SBE 9 Data File:
* FileName = C:\data\TN407\TN407_CTD_006hex.hex
* Software Version Seasave V 7.26.7.107
* Temperature SN = 2195
* Conductivity SN = 2903
* Number of Bytes Per Scan = 41
* Number of Voltage Words = 4
* Number of Scans Averaged by the Deck Unit = 1
* NMEA Latitude = 44 31.45 N
* NMEA Longitude = 125 22.52 W
* NMEA UTC (Time) = Aug 27 2022  07:31:33
* NMEA baud rate = 4800
** Cruise: TGT407
** Cast: 006
** Location: Oregon Offshore
** Date: 8-27-2022
** Water Depth: 2906
** Operator: JN
# nquan = 21
# nvalues = 2231                                  
# units = specified
# name 0 = modError: Modulo Error Count
# name 1 = prDM: Pressure, Digiquartz [db]
# name 2 = depSM: Depth [salt water, m]
# name 3 = latitude: Latitude [deg]
# name 4 = longitude: Longitude [deg]
# name 5 = t090C: Temperature [ITS-90, deg C]
# name 6 = t190C: Temperature, 2 [ITS-90, deg C]
# name 7 = c0S/m: Conductivity [S/m]
# name 8 = c1S/m: Conductivity, 2 [S/m]
# name 9 = sal00: Salinity, Practical [PSU]
# name 10 = sal11: Salinity, Practical, 2 [PSU]
# name 11 = sbeox0V: Oxygen raw, SBE 43 [V]
# name 12 = sbeox0ML/L: Oxygen, SBE 43 [ml/l]
# name 13 = oxsolML/L: Oxygen Saturation, Garcia & Gordon [ml/l]
# name 14 = flECO-AFL: Fluorescence, WET Labs ECO-AFL/FL [mg/m^3]
# name 15 = CStarAt0: Beam Attenuation, WET Labs C-Star [1/m]
# name 16 = CStarTr0: Beam Transmission, WET Labs C-Star [%]
# name 17 = ph: pH
# name 18 = scan: Scan Count
# name 19 = nbf: Bottles Fired
# name 20 = flag:  0.000e+00
# interval = seconds: 0.0416667
# start_time = Aug 27 2022 07:31:33 [NMEA time, header]
# bad_flag = -9.990e-29
*END*
[from data line 1932]
          0     49.750     49.342   44.52424 -125.37534     9.0359     9.0356   3.549372   3.549254    33.2150    33.2141     1.9986     4.0960    6.52411     2.7851     0.0641    98.4105     -4.174     194445         20  0.000e+00
          0     49.690     49.283   44.52424 -125.37534     9.0358     9.0357   3.549366   3.549240    33.2152    33.2139     1.9986     4.0964    6.52413     2.7546     0.0641    98.4105     -4.185     194446         20  0.000e+00
          0     49.757     49.349   44.52424 -125.37534     9.0358     9.0359   3.549366   3.549279    33.2151    33.2141     1.9974     4.0930    6.52413     2.7546     0.0641    98.4105     -4.180     194447         20  0.000e+00
          0     49.750     49.342   44.52424 -125.37534     9.0359     9.0357   3.549391   3.549294    33.2152    33.2145     1.9986     4.0967    6.52411     2.7546     0.0641    98.4105     -4.163     194448         20  0.000e+00
          0     49.802     49.394   44.52424 -125.37534     9.0359     9.0355   3.549354   3.549272    33.2148    33.2144     1.9986     4.0966    6.52412     2.7241     0.0641    98.4105     -4.174     194449         20  0.000e+00
          0     49.757     49.349   44.52424 -125.37534     9.0360     9.0353   3.549360   3.549308    33.2149    33.2149     1.9986     4.0969    6.52411     2.7241     0.0630    98.4368     -4.191     194450         20  0.000e+00
          0     49.802     49.394   44.52424 -125.37534     9.0354     9.0351   3.549366   3.549301    33.2154    33.2150     1.9986     4.0968    6.52417     2.7546     0.0641    98.4105     -4.180     194451         20  0.000e+00
          0     49.802     49.394   44.52424 -125.37534     9.0351     9.0351   3.549391   3.549333    33.2160    33.2154     1.9986     4.0966    6.52419     2.7241     0.0652    98.3843     -4.174     194452         20  0.000e+00
          0     30.071     29.826   44.52424 -125.37534    10.7645    10.7559   3.679609   3.678637    32.9641    32.9623     2.5174     5.2923    6.29276     6.2650     0.1470    96.3911     -4.106     198260         21  0.000e+00
          0     30.071     29.826   44.52424 -125.37534    10.7645    10.7567   3.679627   3.678703    32.9643    32.9622     2.5174     5.2920    6.29276     6.2650     0.1449    96.4435     -4.106     198261         21  0.000e+00
          0     30.123     29.877   44.52424 -125.37534    10.7647    10.7569   3.679590   3.678699    32.9638    32.9619     2.5187     5.2954    6.29276     6.2650     0.1427    96.4960     -4.112     198262         21  0.000e+00
          0     30.071     29.826   44.52424 -125.37534    10.7645    10.7575   3.679546   3.678757    32.9635    32.9619     2.5187     5.2952    6.29279     6.2650     0.1416    96.5222     -4.106     198263         21  0.000e+00
          0     30.071     29.826   44.52424 -125.37534    10.7642    10.7579   3.679540   3.678735    32.9637    32.9614     2.5174     5.2917    6.29282     6.2650     0.1405    96.5484     -4.101     198264         21  0.000e+00
          0     30.100     29.855   44.52424 -125.37534    10.7637    10.7582   3.679515   3.678750    32.9639    32.9613     2.5187     5.2951    6.29288     6.2650     0.1405    96.5484     -4.112     198265         21  0.000e+00
          0     30.071     29.826   44.52424 -125.37534    10.7639    10.7582   3.679484   3.678728    32.9635    32.9611     2.5187     5.2948    6.29288     6.2650     0.1416    96.5222     -4.112     198266         21  0.000e+00
          0     30.123     29.877   44.52424 -125.37534    10.7634    10.7579   3.679428   3.678699    32.9634    32.9610     2.5174     5.2913    6.29295     6.2650     0.1416    96.5222     -4.112     198267         21  0.000e+00
          0     30.071     29.826   44.52424 -125.37534    10.7634    10.7580   3.679434   3.678775    32.9634    32.9617     2.5174     5.2910    6.29295     6.3260     0.1405    96.5484     -4.106     198268         21  0.000e+00
          0     30.123     29.877   44.52424 -125.37534    10.7632    10.7583   3.679422   3.678815    32.9634    32.9618     2.5187     5.2943    6.29297     6.5397     0.1394    96.5747     -4.106     198269         21  0.000e+00
          0     30.071     29.826   44.52424 -125.37534    10.7627    10.7587   3.679384   3.678786    32.9635    32.9612     2.5187     5.2943    6.29303     6.6007     0.1383    96.6009     -4.106     198270         21  0.000e+00
          0     30.123     29.877   44.52424 -125.37534    10.7624    10.7585   3.679403   3.678797    32.9640    32.9614     2.5187     5.2944    6.29306     6.6313     0.1394    96.5747     -4.106     198271         21  0.000e+00
          0     30.123     29.877   44.52424 -125.37534    10.7621    10.7587   3.679415   3.678761    32.9644    32.9609     2.5174     5.2909    6.29308     6.6007     0.1383    96.6009     -4.106     198272         21  0.000e+00
          0     30.071     29.826   44.52424 -125.37534    10.7621    10.7582   3.679390   3.678728    32.9642    32.9611     2.5174     5.2901    6.29309     6.6007     0.1372    96.6271     -4.106     198273         21  0.000e+00
          0     30.123     29.877   44.52424 -125.37534    10.7621    10.7573   3.679353   3.678688    32.9638    32.9614     2.5187     5.2937    6.29311     6.6007     0.1372    96.6271     -4.106     198274         21  0.000e+00
          0     30.123     29.877   44.52424 -125.37534    10.7619    10.7567   3.679347   3.678644    32.9639    32.9615     2.5187     5.2937    6.29313     6.6007     0.1383    96.6009     -4.106     198275         21  0.000e+00
          0     30.100     29.855   44.52424 -125.37534    10.7619    10.7563   3.679347   3.678655    32.9639    32.9620     2.5174     5.2901    6.29313     6.6007     0.1394    96.5747     -4.117     198276         21  0.000e+00
          0     30.123     29.877   44.52424 -125.37534    10.7619    10.7557   3.679297   3.678641    32.9634    32.9624     2.5187     5.2933    6.29315     6.6007     0.1394    96.5747     -4.123     198277         21  0.000e+00
          0     30.123     29.877   44.52424 -125.37534    10.7618    10.7555   3.679328   3.678655    32.9638    32.9627     2.5187     5.2933    6.29315     6.6007     0.1394    96.5747     -4.112     198278         21  0.000e+00
          0     30.123     29.877   44.52424 -125.37534    10.7618    10.7560   3.679347   3.678674    32.9640    32.9625     2.5174     5.2896    6.29314     6.6007     0.1394    96.5747     -4.106     198279         21  0.000e+00
          0     30.123     29.877   44.52424 -125.37536    10.7618    10.7561   3.679322   3.678666    32.9638    32.9623     2.5174     5.2892    6.29315     6.6007     0.1394    96.5747     -4.112     198280         21  0.000e+00
          0     30.123     29.877   44.52424 -125.37536    10.7618    10.7562   3.679291   3.678684    32.9635    32.9624     2.5187     5.2924    6.29317     6.6007     0.1405    96.5484     -4.117     198281         21  0.000e+00
          0     30.175     29.929   44.52424 -125.37536    10.7616    10.7559   3.679285   3.678714    32.9635    32.9630     2.5187     5.2924    6.29319     6.6007     0.1416    96.5222     -4.117     198282         21  0.000e+00
          0     30.123     29.877   44.52424 -125.37536    10.7614    10.7557   3.679284   3.678728    32.9637    32.9633     2.5174     5.2891    6.29320     6.6007     0.1427    96.4960     -4.112     198283         21  0.000e+00
          0     30.123     29.877   44.52424 -125.37536    10.7621    10.7560   3.679303   3.678743    32.9633    32.9632     2.5174     5.2886    6.29313     6.6007     0.1427    96.4960     -4.106     198284         21  0.000e+00
          0     30.123     29.877   44.52424 -125.37536    10.7621    10.7562   3.679334   3.678750    32.9636    32.9631     2.5187     5.2917    6.29311     6.6007     0.1427    96.4960     -4.106     198285         21  0.000e+00
          0     30.100     29.855   44.52424 -125.37536    10.7619    10.7567   3.679322   3.678750    32.9636    32.9626     2.5174     5.2884    6.29314     6.6007     0.1427    96.4960     -4.112     198286         21  0.000e+00
          0     30.175     29.929   44.52424 -125.37536    10.7621    10.7569   3.679316   3.678728    32.9634    32.9622     2.5174     5.2884    6.29312     6.6007     0.1427    96.4960     -4.106     198287         21  0.000e+00
          0     30.123     29.877   44.52424 -125.37536    10.7619    10.7569   3.679316   3.678750    32.9636    32.9625     2.5174     5.2879    6.29314     6.6007     0.1416    96.5222     -4.101     198288         21  0.000e+00
          0     30.123     29.877   44.52424 -125.37536    10.7614    10.7567   3.679291   3.678772    32.9637    32.9629     2.5187     5.2915    6.29320     6.6007     0.1416    96.5222     -4.101     198289         21  0.000e+00
          0     30.123     29.877   44.52424 -125.37536    10.7614    10.7567   3.679284   3.678779    32.9637    32.9629     2.5174     5.2883    6.29320     6.6007     0.1416    96.5222     -4.106     198290         21  0.000e+00
          0     30.123     29.877   44.52424 -125.37536    10.7616    10.7565   3.679303   3.678797    32.9637    32.9632     2.5174     5.2878    6.29318     6.5702     0.1405    96.5484     -4.112     198291         21  0.000e+00
          0     30.123     29.877   44.52424 -125.37536    10.7614    10.7570   3.679334   3.678815    32.9642    32.9630     2.5187     5.2910    6.29318     6.4176     0.1405    96.5484     -4.112     198292         21  0.000e+00
          0     30.123     29.877   44.52424 -125.37536    10.7614    10.7575   3.679322   3.678786    32.9640    32.9622     2.5187     5.2913    6.29318     6.3565     0.1394    96.5747     -4.117     198293         21  0.000e+00
          0     30.123     29.877   44.52424 -125.37536    10.7612    10.7577   3.679334   3.678841    32.9643    32.9626     2.5187     5.2913    6.29320     6.3565     0.1405    96.5484     -4.112     198294         21  0.000e+00
          0     30.175     29.929   44.52424 -125.37536    10.7616    10.7583   3.679347   3.678884    32.9641    32.9625     2.5174     5.2880    6.29316     6.3565     0.1405    96.5484     -4.101     198295         21  0.000e+00
          0     30.071     29.826   44.52424 -125.37536    10.7619    10.7583   3.679372   3.678855    32.9641    32.9622     2.5174     5.2878    6.29312     6.3565     0.1394    96.5747     -4.106     198296         21  0.000e+00
          0     30.152     29.907   44.52424 -125.37536    10.7623    10.7585   3.679353   3.678877    32.9636    32.9622     2.5187     5.2914    6.29309     6.3565     0.1405    96.5484     -4.106     198297         21  0.000e+00
          0     30.123     29.877   44.52424 -125.37536    10.7624    10.7588   3.679372   3.678913    32.9637    32.9623     2.5174     5.2881    6.29307     6.3565     0.1416    96.5222     -4.117     198298         21  0.000e+00
          0     30.071     29.826   44.52424 -125.37536    10.7626    10.7593   3.679403   3.678961    32.9639    32.9624     2.5187     5.2913    6.29304     6.3565     0.1416    96.5222     -4.117     198299         21  0.000e+00
          0     30.123     29.877   44.52424 -125.37536    10.7627    10.7597   3.679459   3.678953    32.9643    32.9620     2.5187     5.2916    6.29300     6.3565     0.1416    96.5222     -4.112     198300         21  0.000e+00
          0     30.123     29.877   44.52424 -125.37536    10.7629    10.7597   3.679478   3.678913    32.9643    32.9616     2.5187     5.2919    6.29298     6.3565     0.1416    96.5222     -4.101     198301         21  0.000e+00
          0     30.071     29.826   44.52424 -125.37536    10.7632    10.7598   3.679478   3.678913    32.9640    32.9615     2.5174     5.2882    6.29295     6.3565     0.1405    96.5484     -4.106     198302         21  0.000e+00
          0     30.123     29.877   44.52424 -125.37536    10.7627    10.7591   3.679478   3.678942    32.9645    32.9623     2.5174     5.2883    6.29300     6.3565     0.1394    96.5747     -4.112     198303         21  0.000e+00
          0     30.011     29.767   44.52424 -125.37536    10.7626    10.7593   3.679453   3.678928    32.9644    32.9621     2.5174     5.2882    6.29302     6.3565     0.1394    96.5747     -4.112     198304         21  0.000e+00
          0     30.175     29.929   44.52424 -125.37536    10.7627    10.7593   3.679465   3.678950    32.9643    32.9622     2.5187     5.2915    6.29300     6.3565     0.1394    96.5747     -4.117     198305         21  0.000e+00
          0     30.071     29.826   44.52424 -125.37536    10.7632    10.7597   3.679553   3.678950    32.9648    32.9619     2.5187     5.2917    6.29292     6.3565     0.1394    96.5747     -4.117     198306         21  0.000e+00
          0     30.011     29.767   44.52424 -125.37536    10.7636    10.7598   3.679553   3.678950    32.9645    32.9619     2.5187     5.2920    6.29288     6.3871     0.1405    96.5484     -4.117     198307         21  0.000e+00
          0     30.100     29.855   44.52424 -125.37536    10.7640    10.7600   3.679565   3.678950    32.9642    32.9616     2.5187     5.2923    6.29283     6.3565     0.1405    96.5484     -4.117     198308         21  0.000e+00
          0     30.123     29.877   44.52424 -125.37536    10.7644    10.7601   3.679596   3.678975    32.9641    32.9618     2.5174     5.2887    6.29279     6.3565     0.1416    96.5222     -4.117     198309         21  0.000e+00
          0     30.011     29.767   44.52424 -125.37536    10.7649    10.7597   3.679652   3.678957    32.9643    32.9620     2.5174     5.2882    6.29271     6.3565     0.1438    96.4697     -4.106     198310         21  0.000e+00
          0     30.071     29.826   44.52424 -125.37536    10.7652    10.7597   3.679696   3.678928    32.9644    32.9617     2.5174     5.2881    6.29266     6.3565     0.1438    96.4697     -4.101     198311         21  0.000e+00
          0     30.011     29.767   44.52424 -125.37536    10.7655    10.7593   3.679709   3.678921    32.9643    32.9620     2.5174     5.2881    6.29263     6.3565     0.1438    96.4697     -4.112     198312         21  0.000e+00
          0     30.071     29.826   44.52424 -125.37536    10.7653    10.7590   3.679727   3.678877    32.9646    32.9618     2.5187     5.2913    6.29264     6.3565     0.1427    96.4960     -4.117     198313         21  0.000e+00
          0     30.011     29.767   44.52424 -125.37536    10.7657    10.7588   3.679758   3.678848    32.9646    32.9617     2.5187     5.2916    6.29259     6.3260     0.1427    96.4960     -4.117     198314         21  0.000e+00
          0     30.071     29.826   44.52424 -125.37536    10.7658    10.7590   3.679790   3.678855    32.9648    32.9616     2.5187     5.2920    6.29256     6.0513     0.1427    96.4960     -4.101     198315         21  0.000e+00
          0     30.011     29.767   44.52424 -125.37536    10.7660    10.7597   3.679852   3.678884    32.9653    32.9613     2.5187     5.2919    6.29252     5.8681     0.1438    96.4697     -4.101     198316         21  0.000e+00
          0     29.959     29.715   44.52424 -125.37536    10.7661    10.7601   3.679839   3.678997    32.9650    32.9620     2.5187     5.2918    6.29251     5.8376     0.1438    96.4697     -4.123     198317         21  0.000e+00
          0     29.989     29.744   44.52424 -125.37536    10.7665    10.7608   3.679858   3.679019    32.9649    32.9616     2.5174     5.2886    6.29247     5.8681     0.1438    96.4697     -4.123     198318         21  0.000e+00
          0     30.011     29.767   44.52424 -125.37536    10.7665    10.7611   3.679815   3.679026    32.9644    32.9614     2.5174     5.2886    6.29249     5.8681     0.1449    96.4435     -4.112     198319         21  0.000e+00
