TN407/CTD Data/TN-407_CTD-005.ros
* Sea-Bird SBE 9 Data File:
* FileName = C:\data\TN407\TN407_CTD_005hex.hex
* Software Version Seasave V 7.26.7.107
* Temperature SN = 2195
* Conductivity SN = 2903
* Number of Bytes Per Scan = 41
* Number of Voltage Words = 4
* Number of Scans Averaged by the Deck Unit = 1
* NMEA Latitude = 44 21.87 N
* NMEA Longitude = 124 56.90 W
* NMEA UTC (Time) = Aug 26 2022  13:57:26
* NMEA baud rate = 4800
** Cruise: TGT407
** Cast: 005
** Location: Oregon Offshore
** Date: 8-26-2022
** Water Depth: 585
** Operator: JN
# nquan = 21
# nvalues = 2328                                  
# units = specified
# name 0 = modError: Modulo Error Count
# name 1 = prDM: Pressure, Digiquartz [db]
# name 2 = depSM: Depth [salt water, m]
# name 3 = latitude: Latitude [deg]
# name 4 = longitude: Longitude [deg]
# name 5 = t090C: Temperature [ITS-90, deg C]
# name 6 = t190C: Temperature, 2 [ITS-90, deg C]
# name 7 = c0S/m: Conductivity [S/m]
# name 8 = c1S/m: Conductivity, 2 [S/m]
# name 9 = sal00: Salinity, Practical [PSU]
# name 10 = sal11: Salinity, Practical, 2 [PSU]
# name 11 = sbeox0V: Oxygen raw, SBE 43 [V]
# name 12 = sbeox0ML/L: Oxygen, SBE 43 [ml/l]
# name 13 = oxsolML/L: Oxygen Saturation, Garcia & Gordon [ml/l]
# name 14 = flECO-AFL: Fluorescence, WET Labs ECO-AFL/FL [mg/m^3]
# name 15 = CStarAt0: Beam Attenuation, WET Labs C-Star [1/m]
# name 16 = CStarTr0: Beam Transmission, WET Labs C-Star [%]
# name 17 = ph: pH
# name 18 = scan: Scan Count
# name 19 = nbf: Bottles Fired
# name 20 = flag:  0.000e+00
# interval = seconds: 0.0416667
# start_time = Aug 26 2022 13:57:26 [NMEA time, header]
# bad_flag = -9.990e-29
*END*
[from data line 690]
          0    403.942    400.296   44.36456 -124.94826     6.0903     6.0931   3.382443   3.382583    34.0939    34.0926     0.7901     0.8688    6.93581     1.9304     0.0609    98.4892      7.574      45538          8  0.000e+00
          0    403.883    400.237   44.36456 -124.94826     6.0902     6.0931   3.382504   3.382590    34.0947    34.0927     0.7901     0.8691    6.93579     1.9304     0.0609    98.4892      7.574      45539          8  0.000e+00
          0    403.942    400.296   44.36456 -124.94826     6.0906     6.0935   3.382480   3.382618    34.0940    34.0927     0.7901     0.8695    6.93576     1.8999     0.0609    98.4892      7.574      45540          8  0.000e+00
          0    403.853    400.207   44.36456 -124.94826     6.0903     6.0934   3.382510   3.382639    34.0947    34.0930     0.7901     0.8698    6.93578     1.8999     0.0609    98.4892      7.574      45541          8  0.000e+00
          0    403.942    400.296   44.36456 -124.94826     6.0906     6.0936   3.382504   3.382583    34.0942    34.0921     0.7901     0.8702    6.93574     1.8999     0.0598    98.5155      7.574      45542          8  0.000e+00
          0    403.830    400.185   44.36456 -124.94826     6.0904     6.0937   3.382498   3.382611    34.0945    34.0924     0.7901     0.8705    6.93578     1.8999     0.0598    98.5155      7.574      45543          8  0.000e+00
          0    403.883    400.237   44.36456 -124.94826     6.0905     6.0939   3.382540   3.382639    34.0948    34.0925     0.7901     0.8703    6.93574     1.8999     0.0609    98.4892      7.574      45544          8  0.000e+00
          0    403.883    400.237   44.36456 -124.94826     6.0908     6.0937   3.382576   3.382621    34.0949    34.0925     0.7901     0.8700    6.93569     1.8999     0.0598    98.5155      7.574      45545          8  0.000e+00
          0    403.883    400.237   44.36456 -124.94826     6.0910     6.0939   3.382564   3.382642    34.0946    34.0925     0.7901     0.8703    6.93567     1.8999     0.0598    98.5155      7.574      45546          8  0.000e+00
          0    403.853    400.207   44.36456 -124.94826     6.0911     6.0943   3.382576   3.382663    34.0946    34.0924     0.7901     0.8706    6.93565     1.8999     0.0588    98.5417      7.574      45547          8  0.000e+00
          0    403.830    400.185   44.36456 -124.94826     6.0911     6.0937   3.382588   3.382628    34.0947    34.0926     0.7889     0.8660    6.93564     1.8999     0.0588    98.5417      7.574      45548          8  0.000e+00
          0    403.883    400.237   44.36456 -124.94826     6.0913     6.0938   3.382606   3.382625    34.0948    34.0925     0.7889     0.8652    6.93561     1.9304     0.0588    98.5417      7.574      45549          8  0.000e+00
          0    403.830    400.185   44.36456 -124.94826     6.0913     6.0938   3.382618   3.382639    34.0949    34.0927     0.7889     0.8649    6.93561     1.9304     0.0588    98.5417      7.574      45550          8  0.000e+00
          0    403.778    400.133   44.36456 -124.94826     6.0911     6.0938   3.382582   3.382642    34.0947    34.0927     0.7889     0.8641    6.93564     1.8999     0.0598    98.5155      7.574      45551          8  0.000e+00
          0    403.883    400.237   44.36456 -124.94826     6.0911     6.0939   3.382558   3.382621    34.0944    34.0923     0.7889     0.8638    6.93566     1.8999     0.0598    98.5155      7.574      45552          8  0.000e+00
          0    403.778    400.133   44.36456 -124.94826     6.0911     6.0939   3.382534   3.382663    34.0942    34.0928     0.7901     0.8680    6.93567     1.8999     0.0609    98.4892      7.574      45553          8  0.000e+00
          0    403.853    400.207   44.36456 -124.94826     6.0910     6.0935   3.382594   3.382632    34.0950    34.0929     0.7913     0.8726    6.93566     1.8694     0.0609    98.4892      7.574      45554          8  0.000e+00
          0    403.778    400.133   44.36456 -124.94826     6.0913     6.0936   3.382618   3.382635    34.0949    34.0928     0.7901     0.8692    6.93561     1.8388     0.0609    98.4892      7.574      45555          8  0.000e+00
          0    403.831    400.185   44.36456 -124.94826     6.0916     6.0937   3.382618   3.382632    34.0946    34.0927     0.7901     0.8695    6.93557     1.8388     0.0620    98.4630      7.574      45556          8  0.000e+00
          0    403.778    400.133   44.36456 -124.94826     6.0917     6.0938   3.382594   3.382639    34.0942    34.0927     0.7901     0.8698    6.93557     1.8388     0.0630    98.4368      7.574      45557          8  0.000e+00
          0    403.778    400.133   44.36456 -124.94826     6.0918     6.0938   3.382606   3.382642    34.0943    34.0927     0.7901     0.8702    6.93556     1.8388     0.0630    98.4368      7.574      45558          8  0.000e+00
          0    403.778    400.133   44.36456 -124.94826     6.0916     6.0938   3.382618   3.382611    34.0946    34.0923     0.7901     0.8705    6.93557     1.8388     0.0620    98.4630      7.574      45559          8  0.000e+00
          0    403.801    400.156   44.36456 -124.94826     6.0917     6.0936   3.382636   3.382611    34.0947    34.0925     0.7901     0.8708    6.93555     1.8388     0.0620    98.4630      7.574      45560          8  0.000e+00
          0    403.778    400.133   44.36456 -124.94826     6.0913     6.0938   3.382576   3.382635    34.0945    34.0926     0.7901     0.8712    6.93563     1.8388     0.0609    98.4892      7.579      45561          8  0.000e+00
          0    403.778    400.133   44.36456 -124.94826     6.0915     6.0938   3.382576   3.382642    34.0943    34.0927     0.7901     0.8715    6.93561     1.8388     0.0609    98.4892      7.579      45562          8  0.000e+00
          0    403.778    400.133   44.36456 -124.94826     6.0913     6.0936   3.382588   3.382649    34.0946    34.0929     0.7901     0.8718    6.93562     1.8388     0.0609    98.4892      7.574      45563          8  0.000e+00
          0    403.719    400.074   44.36456 -124.94826     6.0913     6.0937   3.382606   3.382625    34.0948    34.0926     0.7901     0.8722    6.93561     1.8388     0.0598    98.5155      7.574      45564          8  0.000e+00
          0    403.778    400.134   44.36456 -124.94826     6.0915     6.0938   3.382618   3.382635    34.0948    34.0926     0.7901     0.8725    6.93559     1.8388     0.0598    98.5155      7.574      45565          8  0.000e+00
          0    403.778    400.134   44.36456 -124.94826     6.0913     6.0939   3.382594   3.382632    34.0947    34.0925     0.7901     0.8728    6.93562     1.8388     0.0588    98.5417      7.574      45566          8  0.000e+00
          0    403.689    400.045   44.36456 -124.94826     6.0916     6.0940   3.382606   3.382639    34.0945    34.0925     0.7901     0.8731    6.93557     1.8388     0.0598    98.5155      7.574      45567          8  0.000e+00
          0    403.779    400.134   44.36456 -124.94826     6.0915     6.0938   3.382618   3.382621    34.0948    34.0925     0.7901     0.8735    6.93559     1.8388     0.0598    98.5155      7.574      45568          8  0.000e+00
          0    403.719    400.074   44.36456 -124.94826     6.0915     6.0938   3.382594   3.382642    34.0945    34.0928     0.7901     0.8738    6.93560     1.8388     0.0598    98.5155      7.574      45569          8  0.000e+00
          0    403.719    400.074   44.36456 -124.94826     6.0916     6.0937   3.382630   3.382625    34.0948    34.0926     0.7901     0.8735    6.93556     1.8388     0.0598    98.5155      7.574      45570          8  0.000e+00
          0    403.719    400.074   44.36456 -124.94826     6.0916     6.0934   3.382648   3.382597    34.0950    34.0926     0.7889     0.8695    6.93555     1.8694     0.0598    98.5155      7.574      45571          8  0.000e+00
          0    403.719    400.074   44.36456 -124.94826     6.0917     6.0935   3.382648   3.382611    34.0949    34.0927     0.7889     0.8693    6.93554     1.8694     0.0598    98.5155      7.579      45572          8  0.000e+00
          0    403.749    400.104   44.36456 -124.94826     6.0919     6.0933   3.382648   3.382642    34.0946    34.0932     0.7889     0.8685    6.93551     1.8694     0.0598    98.5155      7.579      45573          8  0.000e+00
          0    403.666    400.023   44.36456 -124.94826     6.0917     6.0930   3.382624   3.382604    34.0946    34.0931     0.7901     0.8720    6.93555     1.8694     0.0588    98.5417      7.579      45574          8  0.000e+00
          0    403.779    400.134   44.36456 -124.94826     6.0919     6.0926   3.382636   3.382569    34.0945    34.0931     0.7901     0.8718    6.93553     1.8388     0.0588    98.5417      7.579      45575          8  0.000e+00
          0    403.666    400.023   44.36456 -124.94826     6.0917     6.0926   3.382624   3.382572    34.0946    34.0931     0.7901     0.8721    6.93555     1.8388     0.0588    98.5417      7.574      45576          8  0.000e+00
          0    403.779    400.134   44.36456 -124.94826     6.0919     6.0925   3.382660   3.382586    34.0948    34.0934     0.7913     0.8767    6.93551     1.8388     0.0588    98.5417      7.574      45577          8  0.000e+00
          0    403.719    400.075   44.36456 -124.94826     6.0917     6.0926   3.382654   3.382548    34.0949    34.0929     0.7901     0.8732    6.93554     1.8388     0.0577    98.5679      7.574      45578          8  0.000e+00
          0    403.667    400.023   44.36456 -124.94826     6.0921     6.0928   3.382648   3.382544    34.0946    34.0926     0.7901     0.8729    6.93550     1.8694     0.0588    98.5417      7.574      45579          8  0.000e+00
          0    403.689    400.045   44.36456 -124.94826     6.0919     6.0931   3.382648   3.382558    34.0947    34.0925     0.7889     0.8688    6.93551     1.8694     0.0598    98.5155      7.579      45580          8  0.000e+00
          0    403.719    400.075   44.36456 -124.94826     6.0919     6.0931   3.382666   3.382565    34.0949    34.0925     0.7901     0.8723    6.93551     1.8694     0.0609    98.4892      7.579      45581          8  0.000e+00
          0    403.719    400.075   44.36456 -124.94826     6.0921     6.0934   3.382666   3.382611    34.0948    34.0928     0.7901     0.8720    6.93549     1.8694     0.0630    98.4368      7.579      45582          8  0.000e+00
          0    403.667    400.023   44.36456 -124.94826     6.0922     6.0932   3.382648   3.382558    34.0944    34.0924     0.7901     0.8716    6.93548     1.8694     0.0641    98.4105      7.579      45583          8  0.000e+00
          0    403.719    400.075   44.36456 -124.94826     6.0921     6.0926   3.382648   3.382576    34.0945    34.0932     0.7901     0.8712    6.93549     1.8694     0.0630    98.4368      7.579      45584          8  0.000e+00
          0    403.719    400.075   44.36456 -124.94826     6.0919     6.0926   3.382624   3.382590    34.0944    34.0933     0.7901     0.8708    6.93553     1.8388     0.0620    98.4630      7.579      45585          8  0.000e+00
          0    403.689    400.045   44.36456 -124.94826     6.0921     6.0924   3.382685   3.382579    34.0950    34.0934     0.7901     0.8710    6.93548     1.8388     0.0620    98.4630      7.574      45586          8  0.000e+00
          0    403.719    400.075   44.36456 -124.94826     6.0921     6.0925   3.382660   3.382544    34.0947    34.0930     0.7889     0.8668    6.93550     1.8388     0.0620    98.4630      7.574      45587          8  0.000e+00
          0    403.719    400.075   44.36456 -124.94826     6.0921     6.0927   3.382648   3.382576    34.0945    34.0931     0.7889     0.8664    6.93549     1.8694     0.0630    98.4368      7.574      45588          8  0.000e+00
          0    403.719    400.075   44.36456 -124.94826     6.0921     6.0930   3.382666   3.382597    34.0948    34.0930     0.7889     0.8661    6.93549     1.8694     0.0620    98.4630      7.579      45589          8  0.000e+00
          0    403.667    400.023   44.36456 -124.94826     6.0921     6.0930   3.382679   3.382572    34.0949    34.0928     0.7901     0.8701    6.93548     1.8694     0.0609    98.4892      7.579      45590          8  0.000e+00
          0    403.719    400.075   44.36456 -124.94826     6.0919     6.0928   3.382654   3.382583    34.0948    34.0930     0.7901     0.8703    6.93552     1.8388     0.0609    98.4892      7.574      45591          8  0.000e+00
          0    403.779    400.134   44.36456 -124.94826     6.0919     6.0928   3.382624   3.382558    34.0944    34.0927     0.7901     0.8706    6.93553     1.8388     0.0609    98.4892      7.574      45592          8  0.000e+00
          0    403.689    400.045   44.36456 -124.94826     6.0917     6.0931   3.382636   3.382579    34.0948    34.0927     0.7901     0.8708    6.93554     1.8388     0.0609    98.4892      7.574      45593          8  0.000e+00
          0    403.719    400.075   44.36456 -124.94826     6.0919     6.0931   3.382648   3.382569    34.0947    34.0927     0.7901     0.8710    6.93552     1.8388     0.0609    98.4892      7.574      45594          8  0.000e+00
          0    403.779    400.134   44.36456 -124.94826     6.0918     6.0930   3.382600   3.382590    34.0942    34.0929     0.7889     0.8670    6.93556     1.8694     0.0609    98.4892      7.574      45595          8  0.000e+00
          0    403.719    400.075   44.36456 -124.94826     6.0916     6.0931   3.382588   3.382611    34.0943    34.0931     0.7889     0.8666    6.93558     1.8694     0.0609    98.4892      7.574      45596          8  0.000e+00
          0    403.719    400.075   44.36456 -124.94826     6.0913     6.0931   3.382588   3.382576    34.0946    34.0927     0.7889     0.8658    6.93562     1.8694     0.0609    98.4892      7.579      45597          8  0.000e+00
          0    403.779    400.135   44.36456 -124.94826     6.0911     6.0931   3.382564   3.382583    34.0945    34.0927     0.7901     0.8692    6.93565     1.8694     0.0620    98.4630      7.579      45598          8  0.000e+00
          0    403.779    400.135   44.36456 -124.94826     6.0911     6.0931   3.382558   3.382558    34.0944    34.0925     0.7889     0.8646    6.93566     1.8694     0.0609    98.4892      7.579      45599          8  0.000e+00
          0    403.750    400.105   44.36456 -124.94826     6.0908     6.0931   3.382534   3.382537    34.0945    34.0922     0.7889     0.8637    6.93571     1.8388     0.0609    98.4892      7.579      45600          8  0.000e+00
          0    403.779    400.135   44.36456 -124.94826     6.0905     6.0930   3.382528   3.382576    34.0947    34.0928     0.7901     0.8671    6.93575     1.8388     0.0598    98.5155      7.579      45601          8  0.000e+00
          0    403.780    400.135   44.36456 -124.94826     6.0905     6.0931   3.382528   3.382579    34.0947    34.0927     0.7901     0.8674    6.93575     1.8694     0.0598    98.5155      7.579      45602          8  0.000e+00
          0    403.780    400.135   44.36456 -124.94826     6.0906     6.0931   3.382546   3.382586    34.0948    34.0927     0.7901     0.8682    6.93572     1.8388     0.0588    98.5417      7.579      45603          8  0.000e+00
          0    403.832    400.187   44.36456 -124.94826     6.0910     6.0926   3.382576   3.382530    34.0948    34.0927     0.7901     0.8685    6.93567     1.8388     0.0598    98.5155      7.579      45604          8  0.000e+00
          0    403.780    400.135   44.36456 -124.94826     6.0915     6.0928   3.382606   3.382520    34.0946    34.0923     0.7901     0.8687    6.93559     1.8388     0.0598    98.5155      7.579      45605          8  0.000e+00
