TN407/CTD Data/TN-407_CTD-002.ros
* Sea-Bird SBE 9 Data File:
* FileName = C:\data\TN407\TN407_CTD_002.hex
* Software Version Seasave V 7.26.7.107
* Temperature SN = 2195
* Conductivity SN = 2903
* Number of Bytes Per Scan = 41
* Number of Voltage Words = 4
* Number of Scans Averaged by the Deck Unit = 1
* NMEA Latitude = 44 34.18 N
* NMEA Longitude = 125 08.80 W
* NMEA UTC (Time) = Aug 21 2022  06:35:11
* NMEA baud rate = 4800
** Cruise: TGT407
** Cast: 002
** Location:
** Date: 8-20-2022
** Water Depth: 775
** Operator: JN
# nquan = 21
# nvalues = 2328                                  
# units = specified
# name 0 = modError: Modulo Error Count
# name 1 = prDM: Pressure, Digiquartz [db]
# name 2 = depSM: Depth [salt water, m]
# name 3 = latitude: Latitude [deg]
# name 4 = longitude: Longitude [deg]
# name 5 = t090C: Temperature [ITS-90, deg C]
# name 6 = t190C: Temperature, 2 [ITS-90, deg C]
# name 7 = c0S/m: Conductivity [S/m]
# name 8 = c1S/m: Conductivity, 2 [S/m]
# name 9 = sal00: Salinity, Practical [PSU]
# name 10 = sal11: Salinity, Practical, 2 [PSU]
# name 11 = sbeox0V: Oxygen raw, SBE 43 [V]
# name 12 = sbeox0ML/L: Oxygen, SBE 43 [ml/l]
# name 13 = oxsolML/L: Oxygen Saturation, Garcia & Gordon [ml/l]
# name 14 = flECO-AFL: Fluorescence, WET Labs ECO-AFL/FL [mg/m^3]
# name 15 = CStarAt0: Beam Attenuation, WET Labs C-Star [1/m]
# name 16 = CStarTr0: Beam Transmission, WET Labs C-Star [%]
# name 17 = ph: pH
# name 18 = scan: Scan Count
# name 19 = nbf: Bottles Fired
# name 20 = flag:  0.000e+00
# interval = seconds: 0.0416667
# start_time = Aug 21 2022 06:35:11 [NMEA time, header]
# bad_flag = -9.990e-29
*END*
[from data line 1035]
          0    403.591    399.940   44.56964 -125.14662     5.8319     5.8345   3.356977   3.357026    34.0671    34.0651     0.8223     0.9768    6.97907     1.8999     0.0609    98.4892      7.557      67785         11  0.000e+00
          0    403.561    399.911   44.56964 -125.14662     5.8319     5.8343   3.356995   3.357026    34.0674    34.0653     0.8211     0.9733    6.97906     1.8694     0.0598    98.5155      7.557      67786         11  0.000e+00
          0    403.531    399.881   44.56964 -125.14662     5.8319     5.8341   3.356989   3.357002    34.0673    34.0652     0.8211     0.9730    6.97907     1.8999     0.0598    98.5155      7.552      67787         11  0.000e+00
          0    403.591    399.940   44.56964 -125.14662     5.8317     5.8343   3.356953   3.356998    34.0670    34.0650     0.8211     0.9728    6.97911     1.8694     0.0598    98.5155      7.552      67788         11  0.000e+00
          0    403.591    399.940   44.56964 -125.14662     5.8319     5.8343   3.356965   3.356995    34.0670    34.0649     0.8223     0.9769    6.97908     1.8694     0.0598    98.5155      7.552      67789         11  0.000e+00
          0    403.591    399.941   44.56964 -125.14662     5.8319     5.8345   3.356959   3.356998    34.0669    34.0648     0.8211     0.9734    6.97908     1.8694     0.0598    98.5155      7.557      67790         11  0.000e+00
          0    403.531    399.881   44.56964 -125.14662     5.8317     5.8343   3.356971   3.357033    34.0673    34.0654     0.8211     0.9731    6.97909     1.8694     0.0598    98.5155      7.557      67791         11  0.000e+00
          0    403.591    399.941   44.56964 -125.14662     5.8317     5.8343   3.356977   3.357033    34.0673    34.0654     0.8211     0.9729    6.97909     1.8694     0.0609    98.4892      7.557      67792         11  0.000e+00
          0    403.561    399.911   44.56964 -125.14662     5.8317     5.8343   3.356977   3.357019    34.0673    34.0652     0.8211     0.9726    6.97909     1.8694     0.0609    98.4892      7.557      67793         11  0.000e+00
          0    403.591    399.941   44.56964 -125.14662     5.8317     5.8346   3.356977   3.357005    34.0673    34.0647     0.8211     0.9723    6.97909     1.8694     0.0620    98.4630      7.557      67794         11  0.000e+00
          0    403.591    399.941   44.56964 -125.14662     5.8317     5.8346   3.356977   3.357033    34.0673    34.0651     0.8211     0.9721    6.97909     1.8999     0.0609    98.4892      7.552      67795         11  0.000e+00
          0    403.644    399.993   44.56964 -125.14662     5.8316     5.8346   3.356953   3.357051    34.0672    34.0652     0.8211     0.9718    6.97913     1.8694     0.0609    98.4892      7.552      67796         11  0.000e+00
          0    403.531    399.881   44.56964 -125.14662     5.8317     5.8346   3.357013   3.357047    34.0677    34.0652     0.8223     0.9759    6.97907     1.8694     0.0598    98.5155      7.552      67797         11  0.000e+00
          0    403.644    399.993   44.56964 -125.14662     5.8317     5.8345   3.356995   3.357012    34.0675    34.0649     0.8223     0.9762    6.97908     1.8694     0.0588    98.5417      7.557      67798         11  0.000e+00
          0    403.591    399.941   44.56964 -125.14662     5.8319     5.8341   3.356977   3.356995    34.0671    34.0651     0.8211     0.9727    6.97907     1.8999     0.0588    98.5417      7.557      67799         11  0.000e+00
          0    403.561    399.911   44.56964 -125.14662     5.8317     5.8346   3.356977   3.356998    34.0673    34.0647     0.8211     0.9724    6.97909     1.8999     0.0588    98.5417      7.557      67800         11  0.000e+00
          0    403.644    399.993   44.56964 -125.14662     5.8319     5.8341   3.357025   3.356995    34.0677    34.0651     0.8211     0.9721    6.97905     1.8999     0.0588    98.5417      7.552      67801         11  0.000e+00
          0    403.591    399.941   44.56964 -125.14662     5.8317     5.8346   3.356989   3.357019    34.0674    34.0649     0.8211     0.9724    6.97909     1.8999     0.0588    98.5417      7.557      67802         11  0.000e+00
          0    403.592    399.941   44.56964 -125.14662     5.8321     5.8345   3.356953   3.357040    34.0667    34.0653     0.8211     0.9728    6.97907     1.8999     0.0588    98.5417      7.557      67803         11  0.000e+00
          0    403.644    399.993   44.56964 -125.14662     5.8317     5.8345   3.356965   3.357012    34.0671    34.0649     0.8223     0.9769    6.97910     1.8694     0.0588    98.5417      7.552      67804         11  0.000e+00
          0    403.532    399.882   44.56964 -125.14662     5.8321     5.8343   3.357001   3.356995    34.0673    34.0649     0.8223     0.9772    6.97904     1.8694     0.0588    98.5417      7.557      67805         11  0.000e+00
          0    403.704    400.052   44.56964 -125.14662     5.8316     5.8343   3.356959   3.356998    34.0672    34.0649     0.8223     0.9775    6.97912     1.8999     0.0588    98.5417      7.557      67806         11  0.000e+00
          0    403.614    399.963   44.56964 -125.14662     5.8317     5.8345   3.356989   3.357023    34.0674    34.0651     0.8211     0.9734    6.97909     1.8999     0.0588    98.5417      7.557      67807         11  0.000e+00
          0    403.644    399.993   44.56964 -125.14662     5.8317     5.8345   3.356989   3.357019    34.0674    34.0650     0.8211     0.9737    6.97909     1.8694     0.0588    98.5417      7.557      67808         11  0.000e+00
          0    403.644    399.993   44.56964 -125.14662     5.8321     5.8345   3.356977   3.357026    34.0670    34.0651     0.8223     0.9778    6.97906     1.8694     0.0577    98.5679      7.552      67809         11  0.000e+00
          0    403.644    399.993   44.56964 -125.14662     5.8317     5.8345   3.356995   3.357002    34.0675    34.0648     0.8211     0.9737    6.97908     1.8694     0.0588    98.5417      7.557      67810         11  0.000e+00
          0    403.644    399.993   44.56964 -125.14662     5.8321     5.8343   3.357007   3.356998    34.0673    34.0649     0.8211     0.9733    6.97904     1.8694     0.0588    98.5417      7.557      67811         11  0.000e+00
          0    403.644    399.993   44.56964 -125.14662     5.8319     5.8343   3.357007   3.356974    34.0675    34.0647     0.8211     0.9730    6.97906     1.8694     0.0588    98.5417      7.557      67812         11  0.000e+00
          0    403.644    399.993   44.56964 -125.14662     5.8321     5.8343   3.357007   3.356991    34.0673    34.0649     0.8211     0.9733    6.97904     1.8999     0.0588    98.5417      7.552      67813         11  0.000e+00
          0    403.674    400.023   44.56964 -125.14662     5.8319     5.8345   3.357025   3.356995    34.0676    34.0647     0.8211     0.9730    6.97905     1.8694     0.0588    98.5417      7.552      67814         11  0.000e+00
          0    403.704    400.052   44.56964 -125.14662     5.8321     5.8343   3.356989   3.356998    34.0671    34.0649     0.8223     0.9771    6.97905     1.8694     0.0598    98.5155      7.552      67815         11  0.000e+00
          0    403.644    399.993   44.56964 -125.14662     5.8317     5.8345   3.357001   3.357012    34.0676    34.0649     0.8223     0.9774    6.97908     1.8694     0.0598    98.5155      7.552      67816         11  0.000e+00
          0    252.048    249.859   44.56962 -125.14662     6.8987     6.9027   3.440239   3.440473    34.0054    34.0040     1.0756     1.6808    6.81121     1.8388     0.0545    98.6466      7.617      76856         12  0.000e+00
          0    252.018    249.830   44.56962 -125.14662     6.8990     6.9028   3.440263   3.440515    34.0054    34.0043     1.0756     1.6807    6.81116     1.8388     0.0545    98.6466      7.611      76857         12  0.000e+00
          0    252.048    249.859   44.56962 -125.14662     6.8988     6.9037   3.440312   3.440554    34.0060    34.0039     1.0768     1.6848    6.81116     1.8083     0.0545    98.6466      7.611      76858         12  0.000e+00
          0    252.048    249.860   44.56962 -125.14662     6.8988     6.9042   3.440287   3.440617    34.0058    34.0041     1.0768     1.6852    6.81118     1.8388     0.0545    98.6466      7.617      76859         12  0.000e+00
          0    252.048    249.860   44.56962 -125.14662     6.8988     6.9046   3.440257   3.440635    34.0054    34.0039     1.0756     1.6815    6.81119     1.8388     0.0556    98.6204      7.617      76860         12  0.000e+00
          0    251.988    249.800   44.56962 -125.14662     6.8985     6.9050   3.440269   3.440681    34.0059    34.0041     1.0756     1.6819    6.81121     1.8083     0.0545    98.6466      7.611      76861         12  0.000e+00
          0    252.048    249.860   44.56962 -125.14662     6.8986     6.9051   3.440312   3.440688    34.0062    34.0040     1.0756     1.6818    6.81118     1.8083     0.0545    98.6466      7.617      76862         12  0.000e+00
          0    252.018    249.830   44.56962 -125.14662     6.8984     6.9056   3.440306   3.440748    34.0064    34.0042     1.0756     1.6817    6.81121     1.8388     0.0556    98.6204      7.617      76863         12  0.000e+00
          0    252.048    249.860   44.56962 -125.14662     6.8987     6.9060   3.440318   3.440755    34.0063    34.0038     1.0756     1.6816    6.81117     1.8083     0.0545    98.6466      7.611      76864         12  0.000e+00
          0    251.989    249.801   44.56962 -125.14662     6.8986     6.9060   3.440330   3.440783    34.0065    34.0042     1.0756     1.6815    6.81117     1.8083     0.0545    98.6466      7.611      76865         12  0.000e+00
          0    252.048    249.860   44.56962 -125.14662     6.8987     6.9062   3.440324   3.440762    34.0063    34.0037     1.0756     1.6815    6.81117     1.8388     0.0534    98.6728      7.617      76866         12  0.000e+00
          0    251.989    249.801   44.56962 -125.14662     6.8988     6.9062   3.440378   3.440783    34.0068    34.0039     1.0756     1.6814    6.81112     1.8694     0.0545    98.6466      7.617      76867         12  0.000e+00
          0    252.048    249.860   44.56962 -125.14662     6.8990     6.9065   3.440360   3.440772    34.0064    34.0035     1.0756     1.6813    6.81112     1.8694     0.0545    98.6466      7.611      76868         12  0.000e+00
          0    251.966    249.778   44.56962 -125.14662     6.8993     6.9062   3.440384   3.440734    34.0065    34.0034     1.0756     1.6812    6.81107     1.8388     0.0545    98.6466      7.611      76869         12  0.000e+00
          0    252.048    249.860   44.56962 -125.14662     6.8993     6.9065   3.440433   3.440797    34.0069    34.0038     1.0756     1.6811    6.81104     1.8388     0.0545    98.6466      7.611      76870         12  0.000e+00
          0    251.989    249.801   44.56962 -125.14662     6.8995     6.9067   3.440476   3.440829    34.0072    34.0040     1.0756     1.6810    6.81100     1.8694     0.0556    98.6204      7.617      76871         12  0.000e+00
          0    252.048    249.860   44.56962 -125.14662     6.8999     6.9067   3.440476   3.440783    34.0068    34.0035     1.0756     1.6809    6.81096     1.8388     0.0545    98.6466      7.611      76872         12  0.000e+00
          0    251.989    249.801   44.56962 -125.14662     6.8993     6.9071   3.440482   3.440769    34.0075    34.0029     1.0756     1.6808    6.81102     1.8388     0.0545    98.6466      7.611      76873         12  0.000e+00
          0    251.989    249.801   44.56962 -125.14662     6.8993     6.9068   3.440451   3.440815    34.0071    34.0037     1.0756     1.6807    6.81103     1.8694     0.0556    98.6204      7.617      76874         12  0.000e+00
          0    252.019    249.830   44.56962 -125.14662     6.8990     6.9065   3.440397   3.440822    34.0068    34.0041     1.0756     1.6807    6.81110     1.8694     0.0556    98.6204      7.611      76875         12  0.000e+00
          0    252.049    249.860   44.56962 -125.14662     6.8978     6.9068   3.440275   3.440808    34.0066    34.0036     1.0756     1.6806    6.81129     1.8388     0.0556    98.6204      7.611      76876         12  0.000e+00
          0    251.989    249.801   44.56962 -125.14662     6.8968     6.9072   3.440251   3.440815    34.0074    34.0033     1.0756     1.6811    6.81142     1.8388     0.0556    98.6204      7.617      76877         12  0.000e+00
          0    252.049    249.860   44.56962 -125.14662     6.8973     6.9072   3.440245   3.440822    34.0068    34.0034     1.0756     1.6811    6.81137     1.8694     0.0556    98.6204      7.617      76878         12  0.000e+00
          0    251.989    249.801   44.56962 -125.14662     6.8980     6.9071   3.440227   3.440808    34.0060    34.0034     1.0756     1.6810    6.81130     1.8388     0.0545    98.6466      7.611      76879         12  0.000e+00
          0    252.049    249.860   44.56962 -125.14662     6.8992     6.9072   3.440281   3.440793    34.0054    34.0031     1.0768     1.6850    6.81114     1.8388     0.0545    98.6466      7.617      76880         12  0.000e+00
          0    251.989    249.801   44.56962 -125.14662     6.8984     6.9074   3.440318   3.440822    34.0066    34.0032     1.0756     1.6813    6.81120     1.8694     0.0556    98.6204      7.617      76881         12  0.000e+00
          0    252.019    249.831   44.56962 -125.14662     6.8975     6.9073   3.440330   3.440822    34.0076    34.0033     1.0756     1.6812    6.81130     1.8388     0.0534    98.6728      7.611      76882         12  0.000e+00
          0    252.049    249.860   44.56962 -125.14662     6.8971     6.9072   3.440299   3.440843    34.0076    34.0036     1.0768     1.6853    6.81136     1.8388     0.0545    98.6466      7.617      76883         12  0.000e+00
          0    252.049    249.860   44.56962 -125.14662     6.8971     6.9073   3.440348   3.440853    34.0081    34.0036     1.0756     1.6816    6.81133     1.8694     0.0545    98.6466      7.617      76884         12  0.000e+00
          0    251.989    249.801   44.56962 -125.14662     6.8973     6.9072   3.440354   3.440829    34.0081    34.0035     1.0756     1.6809    6.81131     1.8388     0.0545    98.6466      7.611      76885         12  0.000e+00
          0    252.049    249.860   44.56962 -125.14662     6.8981     6.9077   3.440360   3.440829    34.0073    34.0030     1.0756     1.6808    6.81121     1.8388     0.0545    98.6466      7.611      76886         12  0.000e+00
          0    252.049    249.860   44.56962 -125.14662     6.8987     6.9076   3.440330   3.440864    34.0064    34.0035     1.0756     1.6806    6.81117     1.8388     0.0556    98.6204      7.617      76887         12  0.000e+00
          0    252.019    249.831   44.56962 -125.14662     6.8985     6.9079   3.440330   3.440811    34.0066    34.0026     1.0756     1.6805    6.81119     1.8388     0.0566    98.5941      7.617      76888         12  0.000e+00
          0    252.049    249.860   44.56962 -125.14662     6.8988     6.9077   3.440299   3.440741    34.0060    34.0020     1.0756     1.6804    6.81117     1.8388     0.0566    98.5941      7.611      76889         12  0.000e+00
          0    252.049    249.860   44.56962 -125.14662     6.8985     6.9070   3.440299   3.440656    34.0062    34.0017     1.0756     1.6803    6.81120     1.8388     0.0556    98.6204      7.611      76890         12  0.000e+00
          0    252.101    249.912   44.56962 -125.14662     6.8984     6.9061   3.440269   3.440582    34.0060    34.0018     1.0756     1.6802    6.81123     1.8694     0.0556    98.6204      7.617      76891         12  0.000e+00
