TN407/CTD Data/TN-407_CTD-006.ros
* Sea-Bird SBE 9 Data File:
* FileName = C:\data\TN407\TN407_CTD_006hex.hex
* Software Version Seasave V 7.26.7.107
* Temperature SN = 2195
* Conductivity SN = 2903
* Number of Bytes Per Scan = 41
* Number of Voltage Words = 4
* Number of Scans Averaged by the Deck Unit = 1
* NMEA Latitude = 44 31.45 N
* NMEA Longitude = 125 22.52 W
* NMEA UTC (Time) = Aug 27 2022  07:31:33
* NMEA baud rate = 4800
** Cruise: TGT407
** Cast: 006
** Location: Oregon Offshore
** Date: 8-27-2022
** Water Depth: 2906
** Operator: JN
# nquan = 21
# nvalues = 2231                                  
# units = specified
# name 0 = modError: Modulo Error Count
# name 1 = prDM: Pressure, Digiquartz [db]
# name 2 = depSM: Depth [salt water, m]
# name 3 = latitude: Latitude [deg]
# name 4 = longitude: Longitude [deg]
# name 5 = t090C: Temperature [ITS-90, deg C]
# name 6 = t190C: Temperature, 2 [ITS-90, deg C]
# name 7 = c0S/m: Conductivity [S/m]
# name 8 = c1S/m: Conductivity, 2 [S/m]
# name 9 = sal00: Salinity, Practical [PSU]
# name 10 = sal11: Salinity, Practical, 2 [PSU]
# name 11 = sbeox0V: Oxygen raw, SBE 43 [V]
# name 12 = sbeox0ML/L: Oxygen, SBE 43 [ml/l]
# name 13 = oxsolML/L: Oxygen Saturation, Garcia & Gordon [ml/l]
# name 14 = flECO-AFL: Fluorescence, WET Labs ECO-AFL/FL [mg/m^3]
# name 15 = CStarAt0: Beam Attenuation, WET Labs C-Star [1/m]
# name 16 = CStarTr0: Beam Transmission, WET Labs C-Star [%]
# name 17 = ph: pH
# name 18 = scan: Scan Count
# name 19 = nbf: Bottles Fired
# name 20 = flag:  0.000e+00
# interval = seconds: 0.0416667
# start_time = Aug 27 2022 07:31:33 [NMEA time, header]
# bad_flag = -9.990e-29
*END*
[from data line 1863]
          0     50.248     49.836   44.52424 -125.37534     9.0338     9.0345   3.549336   3.549433    33.2164    33.2168     1.9974     4.0889    6.52436     2.6325     0.0705    98.2532     -4.169     194376         20  0.000e+00
          0     50.188     49.777   44.52424 -125.37534     9.0342     9.0346   3.549311   3.549383    33.2158    33.2162     1.9974     4.0886    6.52433     2.6325     0.0694    98.2794     -4.174     194377         20  0.000e+00
          0     50.188     49.777   44.52424 -125.37534     9.0343     9.0343   3.549323   3.549376    33.2159    33.2164     1.9974     4.0883    6.52432     2.7241     0.0684    98.3056     -4.186     194378         20  0.000e+00
          0     50.196     49.784   44.52424 -125.37534     9.0343     9.0343   3.549311   3.549315    33.2158    33.2158     1.9974     4.0884    6.52432     2.7851     0.0673    98.3319     -4.174     194379         20  0.000e+00
          0     50.188     49.777   44.52424 -125.37534     9.0345     9.0343   3.549280   3.549333    33.2152    33.2160     1.9974     4.0886    6.52431     2.7851     0.0673    98.3319     -4.169     194380         20  0.000e+00
          0     50.144     49.733   44.52424 -125.37534     9.0345     9.0342   3.549323   3.549351    33.2157    33.2163     1.9974     4.0883    6.52430     2.7546     0.0662    98.3581     -4.169     194381         20  0.000e+00
          0     50.129     49.718   44.52424 -125.37534     9.0345     9.0343   3.549336   3.549347    33.2158    33.2161     1.9974     4.0880    6.52429     2.7851     0.0662    98.3581     -4.163     194382         20  0.000e+00
          0     50.129     49.718   44.52424 -125.37534     9.0345     9.0342   3.549336   3.549347    33.2158    33.2163     1.9986     4.0919    6.52428     2.7851     0.0662    98.3581     -4.169     194383         20  0.000e+00
          0     50.084     49.674   44.52424 -125.37534     9.0345     9.0343   3.549311   3.549308    33.2156    33.2157     1.9974     4.0883    6.52430     2.7546     0.0652    98.3843     -4.180     194384         20  0.000e+00
          0     50.077     49.666   44.52424 -125.37534     9.0346     9.0344   3.549305   3.549272    33.2154    33.2152     1.9974     4.0881    6.52429     2.7546     0.0652    98.3843     -4.186     194385         20  0.000e+00
          0     50.077     49.666   44.52424 -125.37534     9.0345     9.0342   3.549305   3.549269    33.2155    33.2155     1.9962     4.0845    6.52430     2.7851     0.0652    98.3843     -4.180     194386         20  0.000e+00
          0     50.084     49.674   44.52424 -125.37534     9.0343     9.0344   3.549323   3.549265    33.2159    33.2152     1.9974     4.0880    6.52432     2.7851     0.0652    98.3843     -4.174     194387         20  0.000e+00
          0     50.025     49.615   44.52424 -125.37534     9.0341     9.0340   3.549311   3.549287    33.2160    33.2158     1.9974     4.0878    6.52434     2.7851     0.0652    98.3843     -4.180     194388         20  0.000e+00
          0     50.025     49.615   44.52424 -125.37534     9.0341     9.0342   3.549323   3.549233    33.2161    33.2151     1.9986     4.0914    6.52433     2.7546     0.0673    98.3319     -4.180     194389         20  0.000e+00
          0     49.980     49.571   44.52424 -125.37534     9.0342     9.0340   3.549336   3.549251    33.2162    33.2155     1.9974     4.0882    6.52431     2.7851     0.0684    98.3056     -4.174     194390         20  0.000e+00
          0     50.025     49.615   44.52424 -125.37534     9.0341     9.0338   3.549268   3.549244    33.2155    33.2155     1.9974     4.0885    6.52436     2.7851     0.0673    98.3319     -4.174     194391         20  0.000e+00
          0     49.965     49.556   44.52424 -125.37534     9.0338     9.0340   3.549243   3.549201    33.2156    33.2150     1.9986     4.0920    6.52440     2.7851     0.0662    98.3581     -4.175     194392         20  0.000e+00
          0     49.980     49.571   44.52424 -125.37534     9.0335     9.0338   3.549243   3.549287    33.2158    33.2160     1.9974     4.0889    6.52442     2.7851     0.0662    98.3581     -4.175     194393         20  0.000e+00
          0     49.913     49.504   44.52424 -125.37534     9.0336     9.0338   3.549243   3.549240    33.2158    33.2156     1.9974     4.0887    6.52441     2.7851     0.0662    98.3581     -4.175     194394         20  0.000e+00
          0     49.965     49.556   44.52424 -125.37534     9.0335     9.0338   3.549262   3.549212    33.2161    33.2152     1.9974     4.0890    6.52442     2.7851     0.0652    98.3843     -4.180     194395         20  0.000e+00
          0     49.921     49.512   44.52424 -125.37534     9.0337     9.0340   3.549250   3.549190    33.2158    33.2149     1.9974     4.0892    6.52440     2.7546     0.0652    98.3843     -4.180     194396         20  0.000e+00
          0     49.913     49.504   44.52424 -125.37534     9.0336     9.0342   3.549243   3.549187    33.2158    33.2147     1.9974     4.0890    6.52441     2.7851     0.0652    98.3843     -4.169     194397         20  0.000e+00
          0     49.861     49.453   44.52424 -125.37534     9.0336     9.0343   3.549262   3.549165    33.2160    33.2144     1.9974     4.0889    6.52440     2.7851     0.0662    98.3581     -4.169     194398         20  0.000e+00
          0     49.869     49.460   44.52424 -125.37534     9.0341     9.0345   3.549250   3.549176    33.2155    33.2143     1.9974     4.0887    6.52437     2.7546     0.0652    98.3843     -4.180     194399         20  0.000e+00
          0     49.913     49.504   44.52424 -125.37534     9.0343     9.0346   3.549262   3.549165    33.2154    33.2140     1.9962     4.0852    6.52434     2.7546     0.0662    98.3581     -4.174     194400         20  0.000e+00
          0     49.802     49.394   44.52424 -125.37534     9.0348     9.0346   3.549274   3.549197    33.2151    33.2144     1.9974     4.0883    6.52428     2.6935     0.0652    98.3843     -4.169     194401         20  0.000e+00
          0     49.869     49.460   44.52424 -125.37534     9.0348     9.0355   3.549274   3.549212    33.2150    33.2138     1.9962     4.0845    6.52428     2.6630     0.0652    98.3843     -4.180     194402         20  0.000e+00
          0     49.861     49.453   44.52424 -125.37534     9.0350     9.0355   3.549274   3.549172    33.2148    33.2133     1.9962     4.0839    6.52426     2.6935     0.0641    98.4105     -4.186     194403         20  0.000e+00
          0     49.802     49.394   44.52424 -125.37534     9.0349     9.0359   3.549317   3.549176    33.2154    33.2130     1.9974     4.0872    6.52424     2.6630     0.0641    98.4105     -4.191     194404         20  0.000e+00
          0     49.757     49.349   44.52424 -125.37534     9.0351     9.0361   3.549286   3.549204    33.2149    33.2132     1.9974     4.0871    6.52424     2.6935     0.0641    98.4105     -4.180     194405         20  0.000e+00
          0     49.802     49.394   44.52424 -125.37534     9.0351     9.0363   3.549293   3.549190    33.2149    33.2128     1.9974     4.0870    6.52423     2.6935     0.0641    98.4105     -4.180     194406         20  0.000e+00
          0     49.802     49.394   44.52424 -125.37534     9.0353     9.0368   3.549305   3.549226    33.2149    33.2127     1.9974     4.0873    6.52421     2.6630     0.0641    98.4105     -4.185     194407         20  0.000e+00
          0     49.757     49.349   44.52424 -125.37534     9.0353     9.0366   3.549280   3.549201    33.2147    33.2126     1.9974     4.0872    6.52422     2.6935     0.0652    98.3843     -4.174     194408         20  0.000e+00
          0     49.750     49.342   44.52424 -125.37534     9.0355     9.0369   3.549323   3.549204    33.2150    33.2124     1.9974     4.0871    6.52418     2.6630     0.0652    98.3843     -4.174     194409         20  0.000e+00
          0     49.750     49.342   44.52424 -125.37534     9.0358     9.0371   3.549286   3.549233    33.2143    33.2125     1.9974     4.0871    6.52417     2.6630     0.0652    98.3843     -4.185     194410         20  0.000e+00
          0     49.757     49.349   44.52424 -125.37534     9.0361     9.0369   3.549274   3.549240    33.2139    33.2128     1.9974     4.0874    6.52414     2.6935     0.0652    98.3843     -4.180     194411         20  0.000e+00
          0     49.690     49.283   44.52424 -125.37534     9.0363     9.0371   3.549274   3.549258    33.2137    33.2128     1.9974     4.0873    6.52412     2.6630     0.0652    98.3843     -4.180     194412         20  0.000e+00
          0     49.750     49.342   44.52424 -125.37534     9.0365     9.0374   3.549293   3.549247    33.2136    33.2124     1.9974     4.0873    6.52408     2.6935     0.0652    98.3843     -4.180     194413         20  0.000e+00
          0     49.705     49.298   44.52424 -125.37534     9.0369     9.0374   3.549329   3.549240    33.2137    33.2123     1.9974     4.0876    6.52403     2.6935     0.0641    98.4105     -4.185     194414         20  0.000e+00
          0     49.750     49.342   44.52424 -125.37534     9.0371     9.0377   3.549286   3.549240    33.2130    33.2120     1.9974     4.0880    6.52403     2.6630     0.0630    98.4368     -4.185     194415         20  0.000e+00
          0     49.690     49.283   44.52424 -125.37534     9.0375     9.0376   3.549293   3.549261    33.2127    33.2124     1.9974     4.0879    6.52398     2.6935     0.0630    98.4368     -4.174     194416         20  0.000e+00
          0     49.705     49.298   44.52424 -125.37534     9.0375     9.0375   3.549305   3.549247    33.2129    33.2123     1.9974     4.0879    6.52397     2.6935     0.0630    98.4368     -4.169     194417         20  0.000e+00
          0     49.690     49.283   44.52424 -125.37534     9.0379     9.0378   3.549305   3.549240    33.2125    33.2120     1.9961     4.0845    6.52394     2.6935     0.0641    98.4105     -4.174     194418         20  0.000e+00
          0     49.638     49.231   44.52424 -125.37534     9.0374     9.0376   3.549305   3.549258    33.2130    33.2124     1.9974     4.0879    6.52399     2.6935     0.0641    98.4105     -4.174     194419         20  0.000e+00
          0     49.705     49.298   44.52424 -125.37534     9.0372     9.0375   3.549348   3.549265    33.2136    33.2125     1.9974     4.0879    6.52399     2.6630     0.0652    98.3843     -4.180     194420         20  0.000e+00
          0     49.638     49.231   44.52424 -125.37534     9.0374     9.0376   3.549317   3.549287    33.2132    33.2127     1.9974     4.0879    6.52398     2.6935     0.0652    98.3843     -4.174     194421         20  0.000e+00
          0     49.690     49.283   44.52424 -125.37534     9.0373     9.0379   3.549348   3.549254    33.2136    33.2120     1.9974     4.0884    6.52398     2.6935     0.0652    98.3843     -4.174     194422         20  0.000e+00
          0     49.645     49.239   44.52424 -125.37534     9.0375     9.0379   3.549292   3.549240    33.2128    33.2118     1.9974     4.0884    6.52398     2.6630     0.0652    98.3843     -4.180     194423         20  0.000e+00
          0     49.690     49.283   44.52424 -125.37534     9.0374     9.0377   3.549323   3.549261    33.2132    33.2122     1.9974     4.0884    6.52398     2.7241     0.0652    98.3843     -4.180     194424         20  0.000e+00
          0     49.638     49.231   44.52424 -125.37534     9.0376     9.0378   3.549336   3.549265    33.2132    33.2122     1.9974     4.0884    6.52395     2.7851     0.0652    98.3843     -4.180     194425         20  0.000e+00
          0     49.645     49.239   44.52424 -125.37534     9.0374     9.0374   3.549360   3.549244    33.2136    33.2124     1.9974     4.0885    6.52396     2.7851     0.0641    98.4105     -4.185     194426         20  0.000e+00
          0     49.690     49.283   44.52424 -125.37534     9.0374     9.0374   3.549366   3.549240    33.2137    33.2123     1.9974     4.0885    6.52396     2.7851     0.0641    98.4105     -4.185     194427         20  0.000e+00
          0     49.638     49.231   44.52424 -125.37534     9.0377     9.0375   3.549348   3.549240    33.2131    33.2122     1.9974     4.0885    6.52393     2.7851     0.0641    98.4105     -4.180     194428         20  0.000e+00
          0     49.645     49.239   44.52424 -125.37534     9.0378     9.0376   3.549311   3.549240    33.2127    33.2122     1.9974     4.0886    6.52394     2.7851     0.0641    98.4105     -4.185     194429         20  0.000e+00
          0     49.638     49.231   44.52424 -125.37534     9.0377     9.0375   3.549305   3.549258    33.2127    33.2124     1.9974     4.0886    6.52396     2.7851     0.0641    98.4105     -4.180     194430         20  0.000e+00
          0     49.690     49.283   44.52424 -125.37534     9.0377     9.0376   3.549329   3.549244    33.2129    33.2122     1.9974     4.0887    6.52394     2.7851     0.0641    98.4105     -4.174     194431         20  0.000e+00
          0     49.645     49.239   44.52424 -125.37534     9.0377     9.0374   3.549336   3.549240    33.2131    33.2124     1.9974     4.0891    6.52394     2.7546     0.0641    98.4105     -4.174     194432         20  0.000e+00
          0     49.638     49.231   44.52424 -125.37534     9.0375     9.0368   3.549360   3.549240    33.2135    33.2129     1.9974     4.0892    6.52395     2.7851     0.0641    98.4105     -4.180     194433         20  0.000e+00
          0     49.638     49.231   44.52424 -125.37534     9.0374     9.0368   3.549317   3.549258    33.2131    33.2131     1.9974     4.0892    6.52398     2.7546     0.0641    98.4105     -4.174     194434         20  0.000e+00
          0     49.705     49.298   44.52424 -125.37534     9.0374     9.0368   3.549354   3.549247    33.2135    33.2130     1.9974     4.0889    6.52397     2.7546     0.0641    98.4105     -4.174     194435         20  0.000e+00
          0     49.638     49.231   44.52424 -125.37534     9.0371     9.0368   3.549366   3.549301    33.2140    33.2136     1.9986     4.0927    6.52399     2.7851     0.0652    98.3843     -4.169     194436         20  0.000e+00
          0     49.690     49.283   44.52424 -125.37534     9.0369     9.0366   3.549348   3.549283    33.2139    33.2136     1.9986     4.0931    6.52402     2.7851     0.0641    98.4105     -4.174     194437         20  0.000e+00
          0     49.645     49.239   44.52424 -125.37534     9.0367     9.0366   3.549360   3.549247    33.2142    33.2131     1.9974     4.0902    6.52404     2.7546     0.0641    98.4105     -4.174     194438         20  0.000e+00
          0     49.690     49.283   44.52424 -125.37534     9.0362     9.0362   3.549366   3.549258    33.2147    33.2136     1.9986     4.0940    6.52408     2.7851     0.0652    98.3843     -4.174     194439         20  0.000e+00
          0     49.690     49.283   44.52424 -125.37534     9.0363     9.0363   3.549366   3.549247    33.2147    33.2134     1.9986     4.0944    6.52408     2.7546     0.0641    98.4105     -4.174     194440         20  0.000e+00
          0     49.705     49.298   44.52424 -125.37534     9.0358     9.0362   3.549317   3.549258    33.2146    33.2136     1.9974     4.0916    6.52415     2.7851     0.0641    98.4105     -4.174     194441         20  0.000e+00
          0     49.690     49.283   44.52424 -125.37534     9.0359     9.0361   3.549354   3.549287    33.2149    33.2140     1.9986     4.0953    6.52412     2.7851     0.0641    98.4105     -4.180     194442         20  0.000e+00
          0     49.690     49.283   44.52424 -125.37534     9.0358     9.0357   3.549366   3.549276    33.2152    33.2142     1.9986     4.0957    6.52413     2.7851     0.0641    98.4105     -4.180     194443         20  0.000e+00
