TN407/CTD Data/TN-407_CTD-005.ros
* Sea-Bird SBE 9 Data File:
* FileName = C:\data\TN407\TN407_CTD_005hex.hex
* Software Version Seasave V 7.26.7.107
* Temperature SN = 2195
* Conductivity SN = 2903
* Number of Bytes Per Scan = 41
* Number of Voltage Words = 4
* Number of Scans Averaged by the Deck Unit = 1
* NMEA Latitude = 44 21.87 N
* NMEA Longitude = 124 56.90 W
* NMEA UTC (Time) = Aug 26 2022  13:57:26
* NMEA baud rate = 4800
** Cruise: TGT407
** Cast: 005
** Location: Oregon Offshore
** Date: 8-26-2022
** Water Depth: 585
** Operator: JN
# nquan = 21
# nvalues = 2328                                  
# units = specified
# name 0 = modError: Modulo Error Count
# name 1 = prDM: Pressure, Digiquartz [db]
# name 2 = depSM: Depth [salt water, m]
# name 3 = latitude: Latitude [deg]
# name 4 = longitude: Longitude [deg]
# name 5 = t090C: Temperature [ITS-90, deg C]
# name 6 = t190C: Temperature, 2 [ITS-90, deg C]
# name 7 = c0S/m: Conductivity [S/m]
# name 8 = c1S/m: Conductivity, 2 [S/m]
# name 9 = sal00: Salinity, Practical [PSU]
# name 10 = sal11: Salinity, Practical, 2 [PSU]
# name 11 = sbeox0V: Oxygen raw, SBE 43 [V]
# name 12 = sbeox0ML/L: Oxygen, SBE 43 [ml/l]
# name 13 = oxsolML/L: Oxygen Saturation, Garcia & Gordon [ml/l]
# name 14 = flECO-AFL: Fluorescence, WET Labs ECO-AFL/FL [mg/m^3]
# name 15 = CStarAt0: Beam Attenuation, WET Labs C-Star [1/m]
# name 16 = CStarTr0: Beam Transmission, WET Labs C-Star [%]
# name 17 = ph: pH
# name 18 = scan: Scan Count
# name 19 = nbf: Bottles Fired
# name 20 = flag:  0.000e+00
# interval = seconds: 0.0416667
# start_time = Aug 26 2022 13:57:26 [NMEA time, header]
# bad_flag = -9.990e-29
*END*
[from data line 2276]
          0     10.025      9.944   44.36458 -124.94820    15.5737    15.5820   3.950960   3.951375    31.4449    31.4420     2.9988     5.9422    5.75215     6.2039     0.2073    94.9486      8.181      87529         24  0.000e+00
          0     10.173     10.091   44.36458 -124.94820    15.5741    15.5821   3.950999   3.951390    31.4449    31.4420     2.9976     5.9392    5.75211     6.2039     0.2084    94.9223      8.187      87530         24  0.000e+00
          0     10.136     10.054   44.36458 -124.94820    15.5749    15.5821   3.951063   3.951443    31.4448    31.4424     2.9988     5.9422    5.75202     6.2039     0.2095    94.8961      8.181      87531         24  0.000e+00
          0     10.062      9.980   44.36458 -124.94820    15.5759    15.5825   3.951159   3.951469    31.4449    31.4424     2.9976     5.9389    5.75190     6.2039     0.2107    94.8699      8.181      87532         24  0.000e+00
          0     10.188     10.106   44.36458 -124.94820    15.5771    15.5832   3.951255   3.951484    31.4448    31.4420     2.9976     5.9388    5.75177     6.2039     0.2095    94.8961      8.187      87533         24  0.000e+00
          0     10.121     10.039   44.36458 -124.94820    15.5773    15.5826   3.951204   3.951420    31.4442    31.4419     2.9976     5.9386    5.75177     6.2039     0.2095    94.8961      8.181      87534         24  0.000e+00
          0     10.136     10.054   44.36458 -124.94820    15.5767    15.5828   3.951153   3.951398    31.4442    31.4415     2.9976     5.9383    5.75183     6.2039     0.2084    94.9223      8.187      87535         24  0.000e+00
          0     10.173     10.091   44.36458 -124.94820    15.5769    15.5827   3.951172   3.951383    31.4442    31.4415     2.9976     5.9379    5.75181     6.2039     0.2073    94.9486      8.181      87536         24  0.000e+00
          0     10.188     10.106   44.36458 -124.94820    15.5769    15.5813   3.951185   3.951368    31.4443    31.4424     2.9976     5.9377    5.75180     6.2039     0.2062    94.9748      8.187      87537         24  0.000e+00
          0     10.173     10.091   44.36458 -124.94820    15.5764    15.5803   3.951108   3.951345    31.4440    31.4431     2.9976     5.9376    5.75187     6.2039     0.2051    95.0010      8.181      87538         24  0.000e+00
          0     10.173     10.091   44.36458 -124.94820    15.5758    15.5798   3.951024   3.951360    31.4438    31.4436     2.9976     5.9376    5.75196     6.2039     0.2062    94.9748      8.187      87539         24  0.000e+00
          0     10.188     10.106   44.36458 -124.94820    15.5749    15.5796   3.950980   3.951424    31.4441    31.4443     2.9976     5.9375    5.75204     5.9902     0.2062    94.9748      8.181      87540         24  0.000e+00
          0     10.225     10.143   44.36458 -124.94820    15.5744    15.5800   3.950922   3.951386    31.4440    31.4437     2.9976     5.9372    5.75211     5.8071     0.2073    94.9486      8.187      87541         24  0.000e+00
          0     10.188     10.106   44.36458 -124.94820    15.5746    15.5795   3.951005   3.951323    31.4446    31.4435     2.9964     5.9338    5.75206     5.7460     0.2062    94.9748      8.181      87542         24  0.000e+00
          0     10.225     10.143   44.36458 -124.94820    15.5749    15.5786   3.951018   3.951262    31.4444    31.4436     2.9976     5.9365    5.75203     5.7766     0.2073    94.9486      8.187      87543         24  0.000e+00
          0     10.248     10.165   44.36458 -124.94820    15.5747    15.5781   3.950903   3.951142    31.4435    31.4430     2.9976     5.9364    5.75208     5.7766     0.2084    94.9223      8.187      87544         24  0.000e+00
          0     10.226     10.143   44.36458 -124.94820    15.5739    15.5770   3.950890   3.951052    31.4441    31.4430     2.9964     5.9332    5.75216     5.7766     0.2084    94.9223      8.187      87545         24  0.000e+00
          0     10.248     10.165   44.36458 -124.94820    15.5729    15.5767   3.950877   3.951033    31.4448    31.4431     2.9976     5.9361    5.75225     5.7766     0.2107    94.8699      8.187      87546         24  0.000e+00
          0     10.285     10.202   44.36458 -124.94820    15.5732    15.5769   3.950948   3.951033    31.4451    31.4429     2.9964     5.9327    5.75220     5.7766     0.2140    94.7912      8.181      87547         24  0.000e+00
          0     10.300     10.217   44.36458 -124.94820    15.5747    15.5771   3.951050   3.951079    31.4448    31.4432     2.9976     5.9353    5.75204     5.7766     0.2140    94.7912      8.187      87548         24  0.000e+00
          0     10.226     10.143   44.36458 -124.94820    15.5761    15.5772   3.951159   3.951105    31.4447    31.4433     2.9976     5.9350    5.75189     5.7766     0.2151    94.7650      8.181      87549         24  0.000e+00
          0     10.285     10.202   44.36458 -124.94820    15.5766    15.5772   3.951153   3.951120    31.4442    31.4435     2.9976     5.9349    5.75184     5.8071     0.2162    94.7388      8.187      87550         24  0.000e+00
          0     10.359     10.276   44.36458 -124.94820    15.5767    15.5774   3.951191   3.951146    31.4444    31.4435     2.9964     5.9316    5.75182     5.7766     0.2151    94.7650      8.181      87551         24  0.000e+00
          0     10.285     10.202   44.36458 -124.94820    15.5780    15.5784   3.951236   3.951244    31.4439    31.4436     2.9976     5.9342    5.75170     5.7766     0.2140    94.7912      8.187      87552         24  0.000e+00
          0     10.359     10.276   44.36458 -124.94820    15.5783    15.5788   3.951249   3.951379    31.4437    31.4445     2.9976     5.9344    5.75167     5.7766     0.2162    94.7388      8.181      87553         24  0.000e+00
          0     10.337     10.254   44.36458 -124.94820    15.5791    15.5790   3.951326   3.951379    31.4437    31.4443     2.9976     5.9341    5.75157     5.7766     0.2162    94.7388      8.187      87554         24  0.000e+00
          0     10.359     10.276   44.36458 -124.94820    15.5801    15.5789   3.951403   3.951323    31.4436    31.4439     2.9964     5.9310    5.75146     5.7766     0.2140    94.7912      8.187      87555         24  0.000e+00
          0     10.337     10.254   44.36458 -124.94820    15.5808    15.5783   3.951474   3.951240    31.4437    31.4436     2.9976     5.9338    5.75139     5.7766     0.2129    94.8174      8.187      87556         24  0.000e+00
          0     10.359     10.276   44.36458 -124.94820    15.5811    15.5783   3.951461   3.951202    31.4433    31.4433     2.9976     5.9339    5.75136     5.7766     0.2118    94.8437      8.187      87557         24  0.000e+00
          0     10.389     10.305   44.36458 -124.94820    15.5813    15.5778   3.951454   3.951165    31.4431    31.4434     2.9964     5.9310    5.75135     5.7766     0.2107    94.8699      8.187      87558         24  0.000e+00
          0     10.412     10.327   44.36458 -124.94820    15.5798    15.5772   3.951429   3.951131    31.4441    31.4435     2.9976     5.9340    5.75148     5.7766     0.2084    94.9223      8.187      87559         24  0.000e+00
          0     10.337     10.254   44.36458 -124.94820    15.5786    15.5767   3.951320   3.951124    31.4441    31.4439     2.9964     5.9311    5.75162     5.7766     0.2095    94.8961      8.187      87560         24  0.000e+00
          0     10.412     10.327   44.36458 -124.94820    15.5776    15.5765   3.951256   3.951079    31.4443    31.4436     2.9976     5.9342    5.75173     5.7766     0.2095    94.8961      8.187      87561         24  0.000e+00
          0     10.449     10.364   44.36458 -124.94820    15.5764    15.5765   3.951249   3.951052    31.4452    31.4433     2.9976     5.9343    5.75183     5.7766     0.2095    94.8961      8.187      87562         24  0.000e+00
          0     10.389     10.305   44.36458 -124.94820    15.5759    15.5762   3.951223   3.951060    31.4453    31.4437     2.9976     5.9345    5.75188     5.8987     0.2073    94.9486      8.187      87563         24  0.000e+00
          0     10.464     10.379   44.36458 -124.94820    15.5752    15.5762   3.951185   3.951019    31.4455    31.4433     2.9976     5.9346    5.75195     6.0818     0.2062    94.9748      8.187      87564         24  0.000e+00
          0     10.389     10.305   44.36458 -124.94820    15.5749    15.5757   3.951153   3.951026    31.4455    31.4438     2.9976     5.9349    5.75199     6.1429     0.2051    95.0010      8.187      87565         24  0.000e+00
          0     10.464     10.379   44.36458 -124.94820    15.5746    15.5755   3.951121   3.951022    31.4455    31.4439     2.9976     5.9350    5.75203     6.1123     0.2051    95.0010      8.187      87566         24  0.000e+00
          0     10.449     10.364   44.36458 -124.94820    15.5739    15.5754   3.951057   3.951030    31.4455    31.4441     2.9976     5.9350    5.75211     6.1123     0.2051    95.0010      8.187      87567         24  0.000e+00
          0     10.464     10.379   44.36458 -124.94820    15.5732    15.5750   3.950986   3.951034    31.4454    31.4443     2.9976     5.9354    5.75219     6.1123     0.2051    95.0010      8.187      87568         24  0.000e+00
          0     10.449     10.364   44.36458 -124.94820    15.5729    15.5747   3.951025   3.950988    31.4460    31.4442     2.9976     5.9354    5.75221     6.1123     0.2062    94.9748      8.187      87569         24  0.000e+00
          0     10.464     10.379   44.36458 -124.94820    15.5727    15.5746   3.951012   3.950973    31.4460    31.4442     2.9976     5.9354    5.75223     6.1123     0.2084    94.9223      8.187      87570         24  0.000e+00
          0     10.501     10.416   44.36458 -124.94820    15.5731    15.5741   3.951031   3.950962    31.4459    31.4444     2.9976     5.9357    5.75219     6.1123     0.2118    94.8437      8.187      87571         24  0.000e+00
          0     10.464     10.379   44.36458 -124.94820    15.5727    15.5727   3.951018   3.950947    31.4461    31.4455     2.9988     5.9389    5.75222     6.1123     0.2140    94.7912      8.187      87572         24  0.000e+00
          0     10.501     10.416   44.36458 -124.94820    15.5731    15.5725   3.951012   3.950943    31.4457    31.4456     2.9976     5.9362    5.75219     6.1123     0.2151    94.7650      8.187      87573         24  0.000e+00
          0     10.501     10.416   44.36458 -124.94820    15.5732    15.5722   3.951031   3.950943    31.4458    31.4458     2.9988     5.9397    5.75218     6.1123     0.2162    94.7388      8.187      87574         24  0.000e+00
          0     10.464     10.379   44.36458 -124.94820    15.5732    15.5727   3.951044   3.950943    31.4459    31.4454     2.9976     5.9370    5.75217     6.1123     0.2184    94.6863      8.187      87575         24  0.000e+00
          0     10.501     10.416   44.36458 -124.94820    15.5735    15.5731   3.950986   3.950977    31.4451    31.4454     2.9988     5.9405    5.75216     6.1123     0.2206    94.6338      8.187      87576         24  0.000e+00
          0     10.464     10.379   44.36458 -124.94820    15.5737    15.5732   3.950999   3.951000    31.4451    31.4455     2.9988     5.9407    5.75214     6.1123     0.2217    94.6076      8.187      87577         24  0.000e+00
          0     10.501     10.416   44.36458 -124.94820    15.5737    15.5735   3.951012   3.950981    31.4452    31.4451     2.9988     5.9413    5.75214     6.1123     0.2228    94.5814      8.187      87578         24  0.000e+00
          0     10.523     10.438   44.36458 -124.94820    15.5737    15.5735   3.951063   3.950996    31.4456    31.4452     2.9988     5.9416    5.75212     6.1123     0.2217    94.6076      8.187      87579         24  0.000e+00
          0     10.501     10.416   44.36458 -124.94820    15.5741    15.5730   3.951025   3.951015    31.4450    31.4458     2.9976     5.9389    5.75210     6.1123     0.2217    94.6076      8.187      87580         24  0.000e+00
