TN407/CTD Data/TN407_CTD-008.ros
* Sea-Bird SBE 9 Data File:
* FileName = C:\data\TN407\TN407_CTD_008hex.hex
* Software Version Seasave V 7.26.7.107
* Temperature SN = 2195
* Conductivity SN = 2903
* Number of Bytes Per Scan = 41
* Number of Voltage Words = 4
* Number of Scans Averaged by the Deck Unit = 1
* NMEA Latitude = 44 22.63 N
* NMEA Longitude = 124 57.16 W
* NMEA UTC (Time) = Sep 04 2022  03:29:45
* NMEA baud rate = 4800
** Cruise: TGT407
** Cast: 008
** Location: Oregon Offshore
** Date: 9-03-2022
** Water Depth: 573
** Operator: MW
# nquan = 21
# nvalues = 2328                                  
# units = specified
# name 0 = modError: Modulo Error Count
# name 1 = prDM: Pressure, Digiquartz [db]
# name 2 = depSM: Depth [salt water, m]
# name 3 = latitude: Latitude [deg]
# name 4 = longitude: Longitude [deg]
# name 5 = t090C: Temperature [ITS-90, deg C]
# name 6 = t190C: Temperature, 2 [ITS-90, deg C]
# name 7 = c0S/m: Conductivity [S/m]
# name 8 = c1S/m: Conductivity, 2 [S/m]
# name 9 = sal00: Salinity, Practical [PSU]
# name 10 = sal11: Salinity, Practical, 2 [PSU]
# name 11 = sbeox0V: Oxygen raw, SBE 43 [V]
# name 12 = sbeox0ML/L: Oxygen, SBE 43 [ml/l]
# name 13 = oxsolML/L: Oxygen Saturation, Garcia & Gordon [ml/l]
# name 14 = flECO-AFL: Fluorescence, WET Labs ECO-AFL/FL [mg/m^3]
# name 15 = CStarAt0: Beam Attenuation, WET Labs C-Star [1/m]
# name 16 = CStarTr0: Beam Transmission, WET Labs C-Star [%]
# name 17 = ph: pH
# name 18 = scan: Scan Count
# name 19 = nbf: Bottles Fired
# name 20 = flag:  0.000e+00
# interval = seconds: 0.0416667
# start_time = Sep 04 2022 03:29:45 [NMEA time, header]
# bad_flag = -9.990e-29
*END*
[from data line 966]
          0    141.357    140.169   44.37710 -124.95270     7.7617     7.7623   3.503988   3.503853    33.9062    33.9041     1.3653     2.4447    6.68283     1.8083     0.0481    98.8040      7.598      30116         10  0.000e+00
          0    141.349    140.162   44.37710 -124.95270     7.7616     7.7621   3.503933   3.503796    33.9057    33.9037     1.3653     2.4453    6.68287     1.8083     0.0481    98.8040      7.598      30117         10  0.000e+00
          0    141.357    140.169   44.37710 -124.95270     7.7618     7.7619   3.503920   3.503774    33.9053    33.9037     1.3653     2.4459    6.68284     1.8083     0.0481    98.8040      7.598      30118         10  0.000e+00
          0    141.409    140.221   44.37710 -124.95270     7.7617     7.7617   3.503920   3.503799    33.9054    33.9041     1.3641     2.4421    6.68286     1.8388     0.0481    98.8040      7.598      30119         10  0.000e+00
          0    121.389    120.375   44.37712 -124.95272     7.9852     7.9918   3.520788   3.521159    33.8791    33.8766     1.4216     2.5894    6.65036     1.8083     0.0524    98.6990      7.620      33257         11  0.000e+00
          0    121.389    120.375   44.37712 -124.95272     7.9859     7.9925   3.520886   3.521212    33.8794    33.8766     1.4216     2.5891    6.65024     1.8083     0.0524    98.6990      7.620      33258         11  0.000e+00
          0    121.389    120.375   44.37712 -124.95272     7.9867     7.9925   3.520972   3.521248    33.8796    33.8770     1.4216     2.5892    6.65011     1.8083     0.0524    98.6990      7.614      33259         11  0.000e+00
          0    121.389    120.375   44.37712 -124.95272     7.9881     7.9925   3.521100   3.521255    33.8796    33.8770     1.4216     2.5892    6.64990     1.8083     0.0524    98.6990      7.620      33260         11  0.000e+00
          0    121.389    120.376   44.37712 -124.95272     7.9893     7.9929   3.521272   3.521294    33.8803    33.8770     1.4216     2.5893    6.64969     1.8083     0.0524    98.6990      7.620      33261         11  0.000e+00
          0    121.389    120.376   44.37712 -124.95272     7.9910     7.9927   3.521376   3.521330    33.8797    33.8776     1.4216     2.5894    6.64946     1.8083     0.0524    98.6990      7.620      33262         11  0.000e+00
          0    121.389    120.376   44.37712 -124.95272     7.9926     7.9929   3.521413   3.521316    33.8786    33.8772     1.4216     2.5895    6.64927     1.7778     0.0513    98.7253      7.620      33263         11  0.000e+00
          0    121.389    120.376   44.37712 -124.95272     7.9928     7.9927   3.521395   3.521287    33.8782    33.8772     1.4216     2.5896    6.64926     1.7778     0.0534    98.6728      7.620      33264         11  0.000e+00
          0    121.389    120.376   44.37712 -124.95272     7.9922     7.9928   3.521352   3.521284    33.8784    33.8770     1.4216     2.5898    6.64935     1.7778     0.0545    98.6466      7.620      33265         11  0.000e+00
          0    121.390    120.376   44.37712 -124.95272     7.9918     7.9927   3.521321   3.521284    33.8783    33.8771     1.4216     2.5900    6.64939     1.7778     0.0545    98.6466      7.620      33266         11  0.000e+00
          0    121.390    120.376   44.37712 -124.95272     7.9913     7.9927   3.521272   3.521262    33.8783    33.8769     1.4216     2.5902    6.64947     1.7778     0.0545    98.6466      7.620      33267         11  0.000e+00
          0    121.390    120.376   44.37712 -124.95272     7.9913     7.9927   3.521266   3.521276    33.8783    33.8771     1.4216     2.5899    6.64948     1.8083     0.0534    98.6728      7.620      33268         11  0.000e+00
          0    121.390    120.376   44.37712 -124.95272     7.9912     7.9928   3.521260   3.521262    33.8783    33.8768     1.4216     2.5896    6.64950     1.8083     0.0545    98.6466      7.620      33269         11  0.000e+00
          0    121.390    120.376   44.37712 -124.95272     7.9908     7.9928   3.521278   3.521294    33.8788    33.8771     1.4216     2.5893    6.64952     1.8083     0.0534    98.6728      7.620      33270         11  0.000e+00
          0    121.330    120.317   44.37712 -124.95272     7.9912     7.9929   3.521297   3.521308    33.8788    33.8772     1.4216     2.5889    6.64948     1.8083     0.0534    98.6728      7.620      33271         11  0.000e+00
          0    121.390    120.376   44.37712 -124.95272     7.9913     7.9932   3.521290   3.521330    33.8785    33.8772     1.4216     2.5885    6.64946     1.7778     0.0534    98.6728      7.620      33272         11  0.000e+00
          0    121.390    120.376   44.37712 -124.95272     7.9915     7.9932   3.521309   3.521355    33.8786    33.8774     1.4216     2.5881    6.64944     1.7778     0.0534    98.6728      7.620      33273         11  0.000e+00
          0    121.330    120.317   44.37712 -124.95272     7.9915     7.9933   3.521321   3.521362    33.8787    33.8774     1.4216     2.5877    6.64943     1.7778     0.0524    98.6990      7.620      33274         11  0.000e+00
          0    121.390    120.376   44.37712 -124.95272     7.9918     7.9934   3.521333   3.521340    33.8785    33.8770     1.4216     2.5877    6.64939     1.7778     0.0524    98.6990      7.620      33275         11  0.000e+00
          0    121.330    120.317   44.37712 -124.95272     7.9920     7.9934   3.521352   3.521355    33.8785    33.8772     1.4216     2.5877    6.64936     1.7778     0.0524    98.6990      7.620      33276         11  0.000e+00
          0    121.390    120.376   44.37712 -124.95272     7.9922     7.9934   3.521425   3.521340    33.8791    33.8770     1.4216     2.5878    6.64931     1.7778     0.0534    98.6728      7.620      33277         11  0.000e+00
          0    121.330    120.317   44.37712 -124.95272     7.9925     7.9934   3.521456   3.521376    33.8792    33.8774     1.4216     2.5878    6.64926     1.8083     0.0545    98.6466      7.620      33278         11  0.000e+00
          0    121.278    120.265   44.37712 -124.95272     7.9931     7.9936   3.521474   3.521369    33.8788    33.8772     1.4216     2.5878    6.64918     1.8083     0.0545    98.6466      7.620      33279         11  0.000e+00
          0    121.449    120.435   44.37712 -124.95272     7.9936     7.9934   3.521548   3.521405    33.8791    33.8777     1.4216     2.5878    6.64910     1.7778     0.0545    98.6466      7.620      33280         11  0.000e+00
          0    121.330    120.317   44.37712 -124.95272     7.9936     7.9936   3.521536   3.521397    33.8790    33.8774     1.4216     2.5878    6.64911     1.7473     0.0534    98.6728      7.620      33281         11  0.000e+00
          0    121.330    120.317   44.37712 -124.95272     7.9936     7.9936   3.521511   3.521390    33.8787    33.8774     1.4216     2.5879    6.64912     1.7167     0.0534    98.6728      7.620      33282         11  0.000e+00
          0    121.330    120.317   44.37712 -124.95272     7.9933     7.9943   3.521487   3.521430    33.8788    33.8772     1.4228     2.5918    6.64916     1.7167     0.0534    98.6728      7.620      33283         11  0.000e+00
          0    121.330    120.317   44.37712 -124.95272     7.9933     7.9949   3.521487   3.521504    33.8788    33.8774     1.4216     2.5884    6.64916     1.7167     0.0534    98.6728      7.620      33284         11  0.000e+00
          0    121.330    120.317   44.37712 -124.95272     7.9933     7.9959   3.521456   3.521526    33.8784    33.8767     1.4216     2.5884    6.64918     1.7167     0.0534    98.6728      7.620      33285         11  0.000e+00
          0    121.330    120.317   44.37712 -124.95272     7.9936     7.9964   3.521517   3.521526    33.8788    33.8762     1.4216     2.5884    6.64911     1.7473     0.0534    98.6728      7.620      33286         11  0.000e+00
          0    121.330    120.317   44.37712 -124.95272     7.9937     7.9959   3.521505   3.521568    33.8785    33.8771     1.4216     2.5884    6.64910     1.7473     0.0534    98.6728      7.620      33287         11  0.000e+00
          0    121.278    120.265   44.37712 -124.95272     7.9936     7.9941   3.521505   3.521376    33.8787    33.8768     1.4216     2.5884    6.64912     1.7473     0.0534    98.6728      7.620      33288         11  0.000e+00
          0    121.331    120.317   44.37712 -124.95272     7.9936     7.9902   3.521438   3.521081    33.8779    33.8774     1.4228     2.5924    6.64915     1.7473     0.0534    98.6728      7.620      33289         11  0.000e+00
          0    121.331    120.317   44.37712 -124.95272     7.9931     7.9906   3.521419   3.521048    33.8782    33.8767     1.4216     2.5890    6.64921     1.7473     0.0524    98.6990      7.620      33290         11  0.000e+00
          0    121.278    120.266   44.37712 -124.95272     7.9930     7.9920   3.521425   3.521166    33.8784    33.8766     1.4216     2.5889    6.64922     1.7167     0.0524    98.6990      7.614      33291         11  0.000e+00
          0    121.278    120.266   44.37712 -124.95272     7.9931     7.9932   3.521468   3.521280    33.8787    33.8767     1.4216     2.5889    6.64919     1.7167     0.0534    98.6728      7.614      33292         11  0.000e+00
          0    121.331    120.317   44.37712 -124.95272     7.9931     7.9943   3.521499   3.521408    33.8790    33.8770     1.4216     2.5889    6.64917     1.7473     0.0534    98.6728      7.620      33293         11  0.000e+00
          0    121.279    120.266   44.37712 -124.95272     7.9937     7.9949   3.521566   3.521465    33.8792    33.8770     1.4216     2.5884    6.64907     1.7167     0.0524    98.6990      7.620      33294         11  0.000e+00
          0    121.279    120.266   44.37712 -124.95272     7.9939     7.9946   3.521621   3.521408    33.8796    33.8766     1.4216     2.5879    6.64903     1.7167     0.0534    98.6728      7.620      33295         11  0.000e+00
          0    121.279    120.266   44.37712 -124.95272     7.9941     7.9941   3.521585   3.521412    33.8791    33.8772     1.4216     2.5879    6.64903     1.7167     0.0534    98.6728      7.620      33296         11  0.000e+00
          0    121.279    120.266   44.37712 -124.95272     7.9941     7.9939   3.521585   3.521397    33.8791    33.8772     1.4216     2.5878    6.64903     1.7167     0.0534    98.6728      7.625      33297         11  0.000e+00
          0    121.279    120.266   44.37712 -124.95272     7.9941     7.9946   3.521554   3.521412    33.8787    33.8767     1.4216     2.5878    6.64905     1.7167     0.0534    98.6728      7.620      33298         11  0.000e+00
          0    121.279    120.266   44.37712 -124.95272     7.9941     7.9966   3.521560   3.521579    33.8788    33.8766     1.4216     2.5878    6.64904     1.7473     0.0534    98.6728      7.620      33299         11  0.000e+00
          0    121.227    120.214   44.37712 -124.95272     7.9942     7.9973   3.521585   3.521657    33.8789    33.8767     1.4216     2.5877    6.64901     1.7473     0.0534    98.6728      7.620      33300         11  0.000e+00
          0    121.279    120.266   44.37712 -124.95272     7.9942     7.9968   3.521572   3.521682    33.8788    33.8774     1.4216     2.5877    6.64902     1.7473     0.0534    98.6728      7.620      33301         11  0.000e+00
          0    121.227    120.214   44.37712 -124.95272     7.9941     7.9968   3.521572   3.521668    33.8790    33.8773     1.4216     2.5876    6.64904     1.7473     0.0534    98.6728      7.620      33302         11  0.000e+00
          0    121.279    120.266   44.37712 -124.95272     7.9942     7.9966   3.521585   3.521622    33.8789    33.8770     1.4216     2.5876    6.64901     1.7473     0.0524    98.6990      7.620      33303         11  0.000e+00
          0    121.227    120.214   44.37712 -124.95272     7.9942     7.9966   3.521554   3.521668    33.8786    33.8776     1.4216     2.5876    6.64903     1.7473     0.0524    98.6990      7.620      33304         11  0.000e+00
          0    121.227    120.214   44.37712 -124.95272     7.9942     7.9968   3.521585   3.521689    33.8789    33.8775     1.4216     2.5875    6.64901     1.8083     0.0524    98.6990      7.620      33305         11  0.000e+00
          0    121.227    120.214   44.37712 -124.95272     7.9947     7.9972   3.521603   3.521689    33.8786    33.8772     1.4216     2.5874    6.64895     1.7778     0.0524    98.6990      7.620      33306         11  0.000e+00
          0    121.227    120.214   44.37712 -124.95272     7.9944     7.9972   3.521615   3.521750    33.8791    33.8778     1.4216     2.5874    6.64898     1.7778     0.0524    98.6990      7.620      33307         11  0.000e+00
          0    121.167    120.155   44.37712 -124.95272     7.9944     7.9972   3.521603   3.521729    33.8790    33.8776     1.4216     2.5874    6.64899     1.8083     0.0534    98.6728      7.620      33308         11  0.000e+00
          0    121.279    120.266   44.37712 -124.95272     7.9944     7.9975   3.521578   3.521739    33.8787    33.8774     1.4216     2.5874    6.64900     1.7778     0.0534    98.6728      7.620      33309         11  0.000e+00
          0    121.115    120.104   44.37712 -124.95272     7.9947     7.9977   3.521609   3.521786    33.8788    33.8778     1.4216     2.5873    6.64894     1.7778     0.0534    98.6728      7.625      33310         11  0.000e+00
          0    121.227    120.214   44.37712 -124.95272     7.9947     7.9982   3.521627   3.521779    33.8789    33.8772     1.4216     2.5872    6.64894     1.7778     0.0534    98.6728      7.620      33311         11  0.000e+00
          0    121.167    120.155   44.37712 -124.95272     7.9946     7.9984   3.521585   3.521853    33.8786    33.8778     1.4216     2.5872    6.64897     1.7778     0.0534    98.6728      7.620      33312         11  0.000e+00
          0    121.227    120.214   44.37712 -124.95272     7.9939     7.9988   3.521487   3.521882    33.8782    33.8777     1.4228     2.5911    6.64909     1.7778     0.0534    98.6728      7.620      33313         11  0.000e+00
          0    121.167    120.155   44.37712 -124.95272     7.9934     7.9994   3.521499   3.521860    33.8788    33.8769     1.4228     2.5915    6.64914     1.7778     0.0534    98.6728      7.620      33314         11  0.000e+00
          0    121.115    120.104   44.37712 -124.95272     7.9933     7.9991   3.521462   3.521875    33.8786    33.8773     1.4216     2.5880    6.64917     1.7778     0.0534    98.6728      7.620      33315         11  0.000e+00
          0    121.167    120.155   44.37712 -124.95272     7.9934     7.9991   3.521456   3.521882    33.8784    33.8774     1.4216     2.5879    6.64916     1.7778     0.0534    98.6728      7.620      33316         11  0.000e+00
          0    121.167    120.155   44.37712 -124.95272     7.9931     7.9989   3.521407   3.521903    33.8781    33.8778     1.4216     2.5879    6.64921     1.7778     0.0524    98.6990      7.620      33317         11  0.000e+00
          0    121.115    120.104   44.37712 -124.95272     7.9920     7.9991   3.521315   3.521868    33.8783    33.8773     1.4216     2.5879    6.64937     1.7778     0.0524    98.6990      7.620      33318         11  0.000e+00
          0    121.115    120.104   44.37712 -124.95272     7.9908     7.9993   3.521272   3.521914    33.8789    33.8776     1.4216     2.5879    6.64952     1.7778     0.0524    98.6990      7.620      33319         11  0.000e+00
          0    121.167    120.156   44.37712 -124.95272     7.9910     7.9993   3.521450   3.521892    33.8806    33.8774     1.4216     2.5878    6.64942     1.8083     0.0524    98.6990      7.620      33320         11  0.000e+00
