TN407/CTD Data/TN407_CTD-009.ros
* Sea-Bird SBE 9 Data File:
* FileName = C:\data\TN407\TN407_CTD_009hex.hex
* Software Version Seasave V 7.26.7.107
* Temperature SN = 2195
* Conductivity SN = 2903
* Number of Bytes Per Scan = 41
* Number of Voltage Words = 4
* Number of Scans Averaged by the Deck Unit = 1
* NMEA Latitude = 44 31.88 N
* NMEA Longitude = 125 23.00 W
* NMEA UTC (Time) = Sep 15 2022  22:36:55
* NMEA baud rate = 4800
** Cruise: TGT407
** Cast: 009
** Location: Slope Base
** Date: 9-15-2022
** Water Depth: 2905
** Operator: JN
# nquan = 21
# nvalues = 2328                                  
# units = specified
# name 0 = modError: Modulo Error Count
# name 1 = prDM: Pressure, Digiquartz [db]
# name 2 = depSM: Depth [salt water, m]
# name 3 = latitude: Latitude [deg]
# name 4 = longitude: Longitude [deg]
# name 5 = t090C: Temperature [ITS-90, deg C]
# name 6 = t190C: Temperature, 2 [ITS-90, deg C]
# name 7 = c0S/m: Conductivity [S/m]
# name 8 = c1S/m: Conductivity, 2 [S/m]
# name 9 = sal00: Salinity, Practical [PSU]
# name 10 = sal11: Salinity, Practical, 2 [PSU]
# name 11 = sbeox0V: Oxygen raw, SBE 43 [V]
# name 12 = sbeox0ML/L: Oxygen, SBE 43 [ml/l]
# name 13 = oxsolML/L: Oxygen Saturation, Garcia & Gordon [ml/l]
# name 14 = flECO-AFL: Fluorescence, WET Labs ECO-AFL/FL [mg/m^3]
# name 15 = CStarAt0: Beam Attenuation, WET Labs C-Star [1/m]
# name 16 = CStarTr0: Beam Transmission, WET Labs C-Star [%]
# name 17 = ph: pH
# name 18 = scan: Scan Count
# name 19 = nbf: Bottles Fired
# name 20 = flag:  0.000e+00
# interval = seconds: 0.0416667
# start_time = Sep 15 2022 22:36:55 [NMEA time, header]
# bad_flag = -9.990e-29
*END*
          0    222.727    220.810   44.53134 -125.38326     7.1076     7.1102   3.452724   3.452951    33.9505    33.9505     1.2206     2.0907    6.78109     1.7167     0.0449    98.8826      7.650      31852          1  0.000e+00
          0    222.780    220.862   44.53134 -125.38326     7.1076     7.1100   3.452754   3.452891    33.9508    33.9500     1.2206     2.0911    6.78107     1.7473     0.0449    98.8826      7.650      31853          1  0.000e+00
          0    222.727    220.810   44.53134 -125.38326     7.1074     7.1097   3.452730   3.452898    33.9509    33.9504     1.2206     2.0915    6.78112     1.7473     0.0449    98.8826      7.650      31854          1  0.000e+00
          0    222.720    220.803   44.53134 -125.38326     7.1075     7.1097   3.452754   3.452905    33.9510    33.9505     1.2194     2.0878    6.78109     1.7473     0.0449    98.8826      7.650      31855          1  0.000e+00
          0    222.727    220.810   44.53134 -125.38326     7.1075     7.1100   3.452700   3.452905    33.9504    33.9502     1.2194     2.0877    6.78112     1.7167     0.0449    98.8826      7.644      31856          1  0.000e+00
          0    222.727    220.810   44.53134 -125.38326     7.1077     7.1099   3.452724   3.452926    33.9505    33.9506     1.2206     2.0912    6.78108     1.7167     0.0449    98.8826      7.644      31857          1  0.000e+00
          0    222.727    220.810   44.53134 -125.38326     7.1080     7.1099   3.452791   3.452891    33.9510    33.9502     1.2206     2.0911    6.78102     1.7167     0.0449    98.8826      7.644      31858          1  0.000e+00
          0    222.720    220.803   44.53134 -125.38326     7.1078     7.1099   3.452754   3.452880    33.9507    33.9501     1.2206     2.0910    6.78106     1.7778     0.0449    98.8826      7.650      31859          1  0.000e+00
          0    222.727    220.810   44.53134 -125.38326     7.1080     7.1097   3.452815   3.452919    33.9512    33.9506     1.2206     2.0913    6.78100     1.8083     0.0460    98.8564      7.650      31860          1  0.000e+00
          0    222.675    220.758   44.53134 -125.38326     7.1084     7.1099   3.452815   3.452912    33.9508    33.9504     1.2206     2.0917    6.78095     1.8083     0.0449    98.8826      7.650      31861          1  0.000e+00
          0    222.727    220.810   44.53134 -125.38326     7.1088     7.1099   3.452852   3.452884    33.9508    33.9501     1.2194     2.0880    6.78090     1.8083     0.0449    98.8826      7.644      31862          1  0.000e+00
          0    222.660    220.743   44.53134 -125.38326     7.1094     7.1102   3.452961   3.452880    33.9514    33.9497     1.2194     2.0878    6.78078     1.7778     0.0449    98.8826      7.644      31863          1  0.000e+00
          0    222.727    220.810   44.53134 -125.38326     7.1097     7.1097   3.453010   3.452859    33.9516    33.9500     1.2206     2.0913    6.78072     1.7778     0.0449    98.8826      7.644      31864          1  0.000e+00
          0    222.675    220.758   44.53134 -125.38326     7.1097     7.1100   3.452998   3.452891    33.9515    33.9501     1.2206     2.0911    6.78072     1.7778     0.0449    98.8826      7.644      31865          1  0.000e+00
          0    222.675    220.758   44.53134 -125.38326     7.1100     7.1102   3.452919   3.452944    33.9503    33.9504     1.2206     2.0910    6.78073     1.7778     0.0449    98.8826      7.650      31866          1  0.000e+00
          0    222.720    220.803   44.53134 -125.38326     7.1097     7.1105   3.452919   3.452979    33.9506    33.9505     1.2206     2.0909    6.78076     1.8083     0.0449    98.8826      7.650      31867          1  0.000e+00
          0    222.675    220.758   44.53134 -125.38326     7.1094     7.1116   3.452913   3.453046    33.9509    33.9502     1.2194     2.0866    6.78080     1.8083     0.0449    98.8826      7.650      31868          1  0.000e+00
          0    222.675    220.758   44.53134 -125.38326     7.1094     7.1123   3.452876   3.453106    33.9505    33.9502     1.2194     2.0864    6.78082     1.8083     0.0449    98.8826      7.650      31869          1  0.000e+00
          0    222.616    220.699   44.53134 -125.38326     7.1094     7.1123   3.452888   3.453099    33.9507    33.9501     1.2194     2.0863    6.78081     1.8083     0.0449    98.8826      7.644      31870          1  0.000e+00
          0    222.675    220.758   44.53134 -125.38326     7.1091     7.1115   3.452852   3.453032    33.9505    33.9501     1.2194     2.0862    6.78086     1.7778     0.0439    98.9089      7.644      31871          1  0.000e+00
          0    222.660    220.744   44.53134 -125.38326     7.1091     7.1109   3.452858   3.453014    33.9506    33.9506     1.2206     2.0902    6.78086     1.7778     0.0449    98.8826      7.644      31872          1  0.000e+00
          0    222.616    220.699   44.53134 -125.38326     7.1089     7.1114   3.452846   3.453032    33.9507    33.9503     1.2206     2.0900    6.78088     1.7778     0.0449    98.8826      7.650      31873          1  0.000e+00
          0    222.675    220.758   44.53134 -125.38326     7.1087     7.1125   3.452840   3.453138    33.9508    33.9503     1.2206     2.0899    6.78092     1.7778     0.0449    98.8826      7.650      31874          1  0.000e+00
          0    222.616    220.699   44.53134 -125.38326     7.1086     7.1130   3.452815   3.453212    33.9506    33.9507     1.2206     2.0897    6.78093     1.8083     0.0449    98.8826      7.650      31875          1  0.000e+00
          0    222.608    220.692   44.53134 -125.38326     7.1083     7.1134   3.452779   3.453226    33.9506    33.9504     1.2206     2.0896    6.78099     1.8083     0.0449    98.8826      7.650      31876          1  0.000e+00
          0    222.616    220.699   44.53134 -125.38326     7.1083     7.1134   3.452797   3.453247    33.9507    33.9507     1.2194     2.0858    6.78097     1.8083     0.0449    98.8826      7.650      31877          1  0.000e+00
          0    222.616    220.699   44.53134 -125.38326     7.1083     7.1136   3.452809   3.453233    33.9509    33.9503     1.2194     2.0856    6.78097     1.8083     0.0449    98.8826      7.650      31878          1  0.000e+00
          0    222.616    220.699   44.53134 -125.38326     7.1083     7.1134   3.452852   3.453205    33.9514    33.9502     1.2206     2.0896    6.78095     1.8083     0.0449    98.8826      7.644      31879          1  0.000e+00
          0    222.556    220.640   44.53134 -125.38326     7.1087     7.1134   3.452846   3.453240    33.9510    33.9506     1.2206     2.0899    6.78091     1.7778     0.0449    98.8826      7.644      31880          1  0.000e+00
          0    222.616    220.699   44.53134 -125.38326     7.1084     7.1130   3.452840   3.453233    33.9511    33.9509     1.2206     2.0903    6.78094     1.7778     0.0449    98.8826      7.644      31881          1  0.000e+00
          0    222.564    220.648   44.53134 -125.38326     7.1088     7.1131   3.452791   3.453226    33.9502    33.9507     1.2206     2.0906    6.78093     1.8083     0.0449    98.8826      7.644      31882          1  0.000e+00
          0    222.564    220.648   44.53134 -125.38326     7.1088     7.1131   3.452797   3.453247    33.9503    33.9510     1.2206     2.0909    6.78092     1.8388     0.0449    98.8826      7.650      31883          1  0.000e+00
          0    222.556    220.640   44.53134 -125.38326     7.1084     7.1131   3.452852   3.453233    33.9512    33.9508     1.2206     2.0913    6.78093     1.8388     0.0449    98.8826      7.650      31884          1  0.000e+00
          0    222.564    220.648   44.53134 -125.38326     7.1084     7.1136   3.452821   3.453247    33.9509    33.9505     1.2206     2.0917    6.78095     1.8388     0.0449    98.8826      7.644      31885          1  0.000e+00
          0    222.564    220.648   44.53134 -125.38326     7.1087     7.1133   3.452827   3.453254    33.9508    33.9509     1.2206     2.0920    6.78092     1.8083     0.0449    98.8826      7.644      31886          1  0.000e+00
          0    222.511    220.596   44.53134 -125.38326     7.1088     7.1133   3.452815   3.453254    33.9505    33.9509     1.2206     2.0923    6.78091     1.8083     0.0449    98.8826      7.644      31887          1  0.000e+00
          0    222.564    220.648   44.53134 -125.38326     7.1089     7.1133   3.452852   3.453254    33.9508    33.9509     1.2206     2.0927    6.78088     1.8083     0.0449    98.8826      7.644      31888          1  0.000e+00
          0    222.496    220.581   44.53134 -125.38326     7.1088     7.1134   3.452797   3.453254    33.9503    33.9508     1.2206     2.0925    6.78092     1.8083     0.0449    98.8826      7.644      31889          1  0.000e+00
          0    222.511    220.596   44.53134 -125.38326     7.1081     7.1136   3.452773   3.453275    33.9507    33.9508     1.2206     2.0929    6.78101     1.8083     0.0449    98.8826      7.650      31890          1  0.000e+00
          0    222.511    220.596   44.53134 -125.38326     7.1081     7.1138   3.452748   3.453300    33.9504    33.9509     1.2194     2.0886    6.78102     1.8388     0.0449    98.8826      7.650      31891          1  0.000e+00
          0    222.511    220.596   44.53134 -125.38326     7.1082     7.1138   3.452760   3.453286    33.9505    33.9508     1.2206     2.0925    6.78101     1.8388     0.0449    98.8826      7.650      31892          1  0.000e+00
          0    222.496    220.581   44.53134 -125.38326     7.1081     7.1138   3.452773   3.453282    33.9507    33.9508     1.2206     2.0929    6.78101     1.8388     0.0449    98.8826      7.644      31893          1  0.000e+00
          0    222.452    220.537   44.53134 -125.38326     7.1081     7.1138   3.452797   3.453261    33.9510    33.9505     1.2206     2.0932    6.78099     1.8083     0.0449    98.8826      7.644      31894          1  0.000e+00
          0    222.511    220.596   44.53134 -125.38326     7.1082     7.1134   3.452809   3.453233    33.9511    33.9506     1.2206     2.0930    6.78098     1.8083     0.0449    98.8826      7.650      31895          1  0.000e+00
          0    222.452    220.537   44.53134 -125.38326     7.1084     7.1126   3.452809   3.453166    33.9508    33.9506     1.2206     2.0928    6.78095     1.8083     0.0449    98.8826      7.644      31896          1  0.000e+00
          0    222.392    220.478   44.53134 -125.38326     7.1083     7.1121   3.452827   3.453106    33.9512    33.9505     1.2206     2.0925    6.78096     1.8083     0.0449    98.8826      7.644      31897          1  0.000e+00
          0    222.511    220.596   44.53134 -125.38326     7.1085     7.1116   3.452840   3.453032    33.9511    33.9501     1.2206     2.0923    6.78093     1.8083     0.0449    98.8826      7.644      31898          1  0.000e+00
          0    222.452    220.537   44.53134 -125.38326     7.1086     7.1111   3.452882   3.452993    33.9515    33.9502     1.2206     2.0920    6.78090     1.8083     0.0449    98.8826      7.644      31899          1  0.000e+00
          0    222.400    220.485   44.53134 -125.38326     7.1089     7.1109   3.452919   3.452965    33.9516    33.9502     1.2194     2.0881    6.78084     1.8083     0.0449    98.8826      7.644      31900          1  0.000e+00
          0    222.496    220.581   44.53134 -125.38326     7.1092     7.1110   3.452973   3.453018    33.9518    33.9506     1.2206     2.0920    6.78078     1.8388     0.0449    98.8826      7.644      31901          1  0.000e+00
          0    222.400    220.485   44.53134 -125.38326     7.1096     7.1109   3.452967   3.452996    33.9515    33.9505     1.2206     2.0922    6.78075     1.8388     0.0449    98.8826      7.644      31902          1  0.000e+00
          0    222.400    220.485   44.53134 -125.38326     7.1100     7.1114   3.453010   3.453007    33.9515    33.9501     1.2206     2.0924    6.78067     1.8083     0.0449    98.8826      7.644      31903          1  0.000e+00
          0    222.400    220.485   44.53134 -125.38326     7.1100     7.1114   3.453046   3.453014    33.9519    33.9502     1.2206     2.0921    6.78066     1.8083     0.0449    98.8826      7.644      31904          1  0.000e+00
          0    222.400    220.485   44.53134 -125.38326     7.1105     7.1118   3.453052   3.453071    33.9515    33.9504     1.2206     2.0918    6.78060     1.8083     0.0449    98.8826      7.644      31905          1  0.000e+00
          0    222.392    220.478   44.53134 -125.38326     7.1108     7.1128   3.453071   3.453152    33.9513    33.9503     1.2206     2.0920    6.78056     1.8083     0.0449    98.8826      7.644      31906          1  0.000e+00
          0    222.400    220.485   44.53134 -125.38326     7.1108     7.1131   3.453101   3.453212    33.9517    33.9507     1.2206     2.0922    6.78054     1.8083     0.0449    98.8826      7.644      31907          1  0.000e+00
          0    222.400    220.485   44.53134 -125.38326     7.1110     7.1134   3.453089   3.453205    33.9514    33.9503     1.2206     2.0924    6.78053     1.8083     0.0449    98.8826      7.644      31908          1  0.000e+00
          0    222.400    220.485   44.53134 -125.38326     7.1110     7.1134   3.453083   3.453219    33.9513    33.9505     1.2206     2.0926    6.78053     1.8083     0.0449    98.8826      7.644      31909          1  0.000e+00
          0    222.332    220.419   44.53134 -125.38326     7.1110     7.1133   3.453083   3.453205    33.9513    33.9505     1.2206     2.0928    6.78053     1.8083     0.0449    98.8826      7.644      31910          1  0.000e+00
          0    222.340    220.426   44.53134 -125.38326     7.1112     7.1126   3.453125   3.453180    33.9517    33.9508     1.2206     2.0925    6.78049     1.8083     0.0449    98.8826      7.644      31911          1  0.000e+00
          0    222.400    220.485   44.53134 -125.38326     7.1116     7.1125   3.453162   3.453152    33.9516    33.9506     1.2206     2.0921    6.78042     1.8083     0.0449    98.8826      7.644      31912          1  0.000e+00
          0    222.340    220.426   44.53134 -125.38326     7.1118     7.1123   3.453150   3.453148    33.9513    33.9508     1.2206     2.0923    6.78041     1.8083     0.0449    98.8826      7.644      31913          1  0.000e+00
          0    222.332    220.419   44.53134 -125.38326     7.1120     7.1131   3.453186   3.453148    33.9515    33.9500     1.2206     2.0924    6.78037     1.8083     0.0449    98.8826      7.650      31914          1  0.000e+00
          0    222.340    220.426   44.53134 -125.38326     7.1126     7.1136   3.453253   3.453205    33.9516    33.9501     1.2206     2.0926    6.78027     1.8083     0.0449    98.8826      7.650      31915          1  0.000e+00
          0    222.340    220.426   44.53134 -125.38326     7.1128     7.1140   3.453271   3.453286    33.9517    33.9506     1.2206     2.0927    6.78024     1.8083     0.0449    98.8826      7.650      31916          1  0.000e+00
          0    222.340    220.426   44.53134 -125.38326     7.1131     7.1144   3.453320   3.453307    33.9519    33.9505     1.2206     2.0923    6.78018     1.8388     0.0449    98.8826      7.650      31917          1  0.000e+00
          0    222.340    220.426   44.53134 -125.38326     7.1137     7.1142   3.453332   3.453328    33.9514    33.9508     1.2206     2.0919    6.78011     1.8388     0.0449    98.8826      7.650      31918          1  0.000e+00
          0    222.333    220.419   44.53134 -125.38326     7.1140     7.1147   3.453332   3.453353    33.9511    33.9506     1.2206     2.0915    6.78007     1.8388     0.0449    98.8826      7.650      31919          1  0.000e+00
