TN407/CTD Data/TN407_CTD-009.ros
* Sea-Bird SBE 9 Data File:
* FileName = C:\data\TN407\TN407_CTD_009hex.hex
* Software Version Seasave V 7.26.7.107
* Temperature SN = 2195
* Conductivity SN = 2903
* Number of Bytes Per Scan = 41
* Number of Voltage Words = 4
* Number of Scans Averaged by the Deck Unit = 1
* NMEA Latitude = 44 31.88 N
* NMEA Longitude = 125 23.00 W
* NMEA UTC (Time) = Sep 15 2022  22:36:55
* NMEA baud rate = 4800
** Cruise: TGT407
** Cast: 009
** Location: Slope Base
** Date: 9-15-2022
** Water Depth: 2905
** Operator: JN
# nquan = 21
# nvalues = 2328                                  
# units = specified
# name 0 = modError: Modulo Error Count
# name 1 = prDM: Pressure, Digiquartz [db]
# name 2 = depSM: Depth [salt water, m]
# name 3 = latitude: Latitude [deg]
# name 4 = longitude: Longitude [deg]
# name 5 = t090C: Temperature [ITS-90, deg C]
# name 6 = t190C: Temperature, 2 [ITS-90, deg C]
# name 7 = c0S/m: Conductivity [S/m]
# name 8 = c1S/m: Conductivity, 2 [S/m]
# name 9 = sal00: Salinity, Practical [PSU]
# name 10 = sal11: Salinity, Practical, 2 [PSU]
# name 11 = sbeox0V: Oxygen raw, SBE 43 [V]
# name 12 = sbeox0ML/L: Oxygen, SBE 43 [ml/l]
# name 13 = oxsolML/L: Oxygen Saturation, Garcia & Gordon [ml/l]
# name 14 = flECO-AFL: Fluorescence, WET Labs ECO-AFL/FL [mg/m^3]
# name 15 = CStarAt0: Beam Attenuation, WET Labs C-Star [1/m]
# name 16 = CStarTr0: Beam Transmission, WET Labs C-Star [%]
# name 17 = ph: pH
# name 18 = scan: Scan Count
# name 19 = nbf: Bottles Fired
# name 20 = flag:  0.000e+00
# interval = seconds: 0.0416667
# start_time = Sep 15 2022 22:36:55 [NMEA time, header]
# bad_flag = -9.990e-29
*END*
[from data line 1587]
          0     61.086     60.584   44.53132 -125.38330     8.5691     8.5792   3.501223   3.501827    33.1431    33.1401     1.9677     4.0602    6.59529     2.7546     0.0481    98.8040      7.812      64385         17  0.000e+00
          0     61.146     60.643   44.53132 -125.38330     8.5680     8.5791   3.501199   3.501841    33.1439    33.1403     1.9677     4.0603    6.59542     2.7546     0.0481    98.8040      7.818      64386         17  0.000e+00
          0     61.086     60.584   44.53132 -125.38330     8.5678     8.5799   3.501150   3.501880    33.1436    33.1399     1.9677     4.0603    6.59546     2.7546     0.0481    98.8040      7.812      64387         17  0.000e+00
          0     61.146     60.643   44.53132 -125.38330     8.5677     8.5812   3.501156   3.501933    33.1438    33.1392     1.9677     4.0604    6.59547     2.7546     0.0481    98.8040      7.818      64388         17  0.000e+00
          0     61.034     60.532   44.53132 -125.38330     8.5678     8.5825   3.501168   3.501990    33.1439    33.1386     1.9690     4.0643    6.59546     2.7546     0.0471    98.8302      7.812      64389         17  0.000e+00
          0     61.198     60.695   44.53132 -125.38330     8.5683     8.5835   3.501187   3.502004    33.1434    33.1378     1.9677     4.0610    6.59539     2.7546     0.0471    98.8302      7.818      64390         17  0.000e+00
          0     61.086     60.584   44.53132 -125.38330     8.5683     8.5838   3.501156   3.502022    33.1432    33.1377     1.9677     4.0610    6.59540     2.7241     0.0471    98.8302      7.818      64391         17  0.000e+00
          0     61.086     60.584   44.53132 -125.38330     8.5688     8.5838   3.501180   3.502008    33.1430    33.1376     1.9677     4.0606    6.59534     2.7241     0.0471    98.8302      7.812      64392         17  0.000e+00
          0     61.146     60.643   44.53132 -125.38330     8.5690     8.5829   3.501266   3.502022    33.1437    33.1386     1.9690     4.0641    6.59528     2.7241     0.0471    98.8302      7.812      64393         17  0.000e+00
          0     61.087     60.584   44.53132 -125.38330     8.5694     8.5817   3.501266   3.502008    33.1433    33.1396     1.9677     4.0603    6.59523     2.7546     0.0471    98.8302      7.812      64394         17  0.000e+00
          0     61.087     60.584   44.53132 -125.38330     8.5699     8.5809   3.501278   3.501983    33.1430    33.1401     1.9677     4.0599    6.59518     2.7241     0.0481    98.8040      7.818      64395         17  0.000e+00
          0     61.087     60.584   44.53132 -125.38330     8.5705     8.5814   3.501291   3.501933    33.1425    33.1391     1.9677     4.0599    6.59510     2.7546     0.0481    98.8040      7.818      64396         17  0.000e+00
          0     61.146     60.643   44.53132 -125.38330     8.5704     8.5818   3.501291   3.501859    33.1426    33.1379     1.9677     4.0596    6.59512     2.7851     0.0481    98.8040      7.812      64397         17  0.000e+00
          0     61.035     60.533   44.53132 -125.38330     8.5707     8.5814   3.501291   3.501798    33.1424    33.1377     1.9677     4.0592    6.59508     2.7546     0.0492    98.7777      7.812      64398         17  0.000e+00
          0     61.146     60.644   44.53132 -125.38330     8.5707     8.5793   3.501407   3.501724    33.1435    33.1388     1.9677     4.0589    6.59503     2.7851     0.0481    98.8040      7.812      64399         17  0.000e+00
          0     61.035     60.533   44.53132 -125.38330     8.5727     8.5767   3.501560   3.501642    33.1434    33.1405     1.9690     4.0626    6.59475     2.7851     0.0481    98.8040      7.818      64400         17  0.000e+00
          0     61.146     60.644   44.53132 -125.38330     8.5748     8.5747   3.501694   3.501603    33.1428    33.1418     1.9677     4.0592    6.59447     2.7851     0.0481    98.8040      7.812      64401         17  0.000e+00
          0     61.035     60.533   44.53132 -125.38330     8.5764     8.5731   3.501774   3.501553    33.1422    33.1429     1.9677     4.0591    6.59426     2.7851     0.0481    98.8040      7.812      64402         17  0.000e+00
          0     61.146     60.644   44.53132 -125.38330     8.5774     8.5727   3.501792   3.501500    33.1414    33.1427     1.9677     4.0592    6.59415     2.7851     0.0481    98.8040      7.818      64403         17  0.000e+00
          0     61.035     60.533   44.53132 -125.38330     8.5767     8.5723   3.501749   3.501464    33.1416    33.1428     1.9690     4.0632    6.59424     2.7851     0.0481    98.8040      7.818      64404         17  0.000e+00
          0     61.087     60.585   44.53132 -125.38330     8.5764     8.5725   3.501700   3.501500    33.1414    33.1428     1.9677     4.0600    6.59429     2.7851     0.0471    98.8302      7.812      64405         17  0.000e+00
          0     61.087     60.585   44.53132 -125.38330     8.5764     8.5754   3.501719   3.501574    33.1416    33.1410     1.9677     4.0602    6.59429     2.7546     0.0471    98.8302      7.812      64406         17  0.000e+00
          0     61.087     60.585   44.53132 -125.38330     8.5767     8.5778   3.501731   3.501695    33.1414    33.1399     1.9677     4.0604    6.59425     2.7851     0.0481    98.8040      7.812      64407         17  0.000e+00
          0     61.035     60.533   44.53132 -125.38330     8.5772     8.5787   3.501749   3.501731    33.1412    33.1395     1.9677     4.0605    6.59419     2.7851     0.0481    98.8040      7.818      64408         17  0.000e+00
          0     61.087     60.585   44.53132 -125.38330     8.5778     8.5780   3.501761   3.501688    33.1406    33.1397     1.9677     4.0607    6.59411     2.7851     0.0481    98.8040      7.818      64409         17  0.000e+00
          0     61.035     60.533   44.53132 -125.38330     8.5783     8.5773   3.501761   3.501635    33.1402    33.1398     1.9677     4.0605    6.59406     2.7546     0.0481    98.8040      7.812      64410         17  0.000e+00
          0     61.087     60.585   44.53132 -125.38330     8.5785     8.5772   3.501761   3.501603    33.1400    33.1395     1.9677     4.0603    6.59404     2.7851     0.0481    98.8040      7.812      64411         17  0.000e+00
          0     61.087     60.585   44.53132 -125.38330     8.5785     8.5765   3.501706   3.501617    33.1395    33.1403     1.9677     4.0601    6.59407     2.7851     0.0481    98.8040      7.812      64412         17  0.000e+00
          0     61.035     60.533   44.53132 -125.38330     8.5781     8.5764   3.501694   3.501582    33.1397    33.1401     1.9677     4.0599    6.59411     2.7851     0.0481    98.8040      7.818      64413         17  0.000e+00
          0     61.087     60.585   44.53132 -125.38330     8.5780     8.5752   3.501719   3.501507    33.1400    33.1404     1.9677     4.0597    6.59411     2.7851     0.0471    98.8302      7.818      64414         17  0.000e+00
          0     61.035     60.533   44.53132 -125.38330     8.5777     8.5739   3.501731   3.501447    33.1405    33.1410     1.9677     4.0595    6.59414     2.7851     0.0481    98.8040      7.812      64415         17  0.000e+00
          0     61.035     60.534   44.53132 -125.38330     8.5778     8.5728   3.501804   3.501390    33.1411    33.1415     1.9677     4.0597    6.59409     2.7851     0.0471    98.8302      7.812      64416         17  0.000e+00
          0     61.087     60.585   44.53132 -125.38330     8.5780     8.5730   3.501847   3.501358    33.1414    33.1410     1.9677     4.0600    6.59406     2.7546     0.0471    98.8302      7.812      64417         17  0.000e+00
          0     61.035     60.534   44.53132 -125.38330     8.5781     8.5726   3.501853   3.501390    33.1413    33.1416     1.9677     4.0603    6.59403     2.7851     0.0471    98.8302      7.818      64418         17  0.000e+00
          0     61.035     60.534   44.53132 -125.38330     8.5780     8.5725   3.501829   3.501383    33.1412    33.1416     1.9690     4.0640    6.59406     2.7241     0.0481    98.8040      7.818      64419         17  0.000e+00
          0     61.035     60.534   44.53132 -125.38330     8.5783     8.5727   3.501823   3.501418    33.1409    33.1418     1.9677     4.0604    6.59403     2.6935     0.0471    98.8302      7.818      64420         17  0.000e+00
          0     61.036     60.534   44.53132 -125.38330     8.5789     8.5730   3.501865   3.501471    33.1407    33.1421     1.9677     4.0606    6.59395     2.6935     0.0471    98.8302      7.812      64421         17  0.000e+00
          0     61.036     60.534   44.53132 -125.38330     8.5791     8.5743   3.501859   3.501507    33.1405    33.1413     1.9677     4.0605    6.59393     2.6935     0.0471    98.8302      7.812      64422         17  0.000e+00
          0     61.036     60.534   44.53132 -125.38330     8.5791     8.5757   3.501853   3.501596    33.1404    33.1409     1.9677     4.0603    6.59393     2.7241     0.0481    98.8040      7.812      64423         17  0.000e+00
          0     61.036     60.534   44.53132 -125.38330     8.5794     8.5777   3.501896   3.501663    33.1406    33.1397     1.9677     4.0601    6.59388     2.7241     0.0481    98.8040      7.818      64424         17  0.000e+00
          0     61.036     60.534   44.53132 -125.38330     8.5798     8.5786   3.501890   3.501677    33.1402    33.1390     1.9677     4.0600    6.59385     2.7241     0.0481    98.8040      7.818      64425         17  0.000e+00
          0     60.984     60.482   44.53132 -125.38330     8.5799     8.5793   3.501902   3.501677    33.1402    33.1384     1.9677     4.0598    6.59382     2.7241     0.0481    98.8040      7.818      64426         17  0.000e+00
          0     61.036     60.534   44.53132 -125.38330     8.5805     8.5780   3.501957   3.501613    33.1402    33.1390     1.9677     4.0596    6.59373     2.7241     0.0481    98.8040      7.818      64427         17  0.000e+00
          0     60.984     60.482   44.53132 -125.38330     8.5809     8.5758   3.501957   3.501532    33.1398    33.1401     1.9677     4.0599    6.59369     2.7241     0.0471    98.8302      7.818      64428         17  0.000e+00
          0     61.036     60.534   44.53132 -125.38330     8.5812     8.5740   3.501994   3.501471    33.1399    33.1412     1.9677     4.0602    6.59364     2.6935     0.0471    98.8302      7.812      64429         17  0.000e+00
          0     60.984     60.482   44.53132 -125.38330     8.5812     8.5743   3.502012   3.501478    33.1401    33.1411     1.9677     4.0605    6.59363     2.6935     0.0471    98.8302      7.812      64430         17  0.000e+00
          0     60.984     60.482   44.53132 -125.38330     8.5815     8.5761   3.502030   3.501606    33.1400    33.1407     1.9677     4.0604    6.59359     2.6935     0.0481    98.8040      7.812      64431         17  0.000e+00
          0     61.036     60.534   44.53132 -125.38330     8.5817     8.5790   3.502043   3.501791    33.1400    33.1399     1.9677     4.0603    6.59357     2.7241     0.0481    98.8040      7.812      64432         17  0.000e+00
          0     60.984     60.483   44.53132 -125.38330     8.5814     8.5822   3.502043   3.501962    33.1403    33.1387     1.9677     4.0602    6.59360     2.7241     0.0481    98.8040      7.818      64433         17  0.000e+00
          0     60.984     60.483   44.53132 -125.38330     8.5815     8.5843   3.502043   3.502104    33.1402    33.1382     1.9677     4.0601    6.59359     2.7241     0.0471    98.8302      7.818      64434         17  0.000e+00
          0     60.924     60.424   44.53132 -125.38330     8.5818     8.5855   3.502061   3.502178    33.1401    33.1379     1.9690     4.0638    6.59354     2.6935     0.0471    98.8302      7.818      64435         17  0.000e+00
          0     60.984     60.483   44.53132 -125.38330     8.5820     8.5860   3.502049   3.502253    33.1398    33.1382     1.9677     4.0603    6.59353     2.6935     0.0471    98.8302      7.812      64436         17  0.000e+00
          0     60.984     60.483   44.53132 -125.38330     8.5822     8.5863   3.502086   3.502232    33.1400    33.1377     1.9690     4.0640    6.59349     2.6935     0.0471    98.8302      7.812      64437         17  0.000e+00
          0     60.925     60.424   44.53132 -125.38330     8.5826     8.5863   3.502079   3.502281    33.1395    33.1383     1.9690     4.0646    6.59345     2.6935     0.0471    98.8302      7.812      64438         17  0.000e+00
          0     60.984     60.483   44.53132 -125.38330     8.5825     8.5869   3.502092   3.502342    33.1398    33.1383     1.9677     4.0612    6.59346     2.6935     0.0481    98.8040      7.812      64439         17  0.000e+00
          0     60.925     60.424   44.53132 -125.38330     8.5826     8.5866   3.502128   3.502313    33.1401    33.1383     1.9677     4.0610    6.59343     2.7241     0.0481    98.8040      7.812      64440         17  0.000e+00
          0     60.925     60.424   44.53132 -125.38330     8.5836     8.5858   3.502202   3.502260    33.1399    33.1385     1.9677     4.0608    6.59329     2.7241     0.0481    98.8040      7.818      64441         17  0.000e+00
          0     60.925     60.424   44.53132 -125.38330     8.5841     8.5859   3.502269   3.502246    33.1402    33.1382     1.9677     4.0610    6.59321     2.7241     0.0481    98.8040      7.818      64442         17  0.000e+00
          0     60.984     60.483   44.53132 -125.38330     8.5851     8.5865   3.502287   3.502306    33.1394    33.1383     1.9677     4.0609    6.59310     2.7241     0.0471    98.8302      7.818      64443         17  0.000e+00
          0     60.873     60.372   44.53132 -125.38330     8.5846     8.5870   3.502263   3.502327    33.1397    33.1381     1.9677     4.0608    6.59316     2.7241     0.0471    98.8302      7.812      64444         17  0.000e+00
          0     60.925     60.424   44.53132 -125.38330     8.5842     8.5866   3.502232   3.502327    33.1396    33.1384     1.9690     4.0645    6.59321     2.7546     0.0471    98.8302      7.812      64445         17  0.000e+00
          0     60.925     60.424   44.53132 -125.38330     8.5841     8.5866   3.502226   3.502285    33.1397    33.1380     1.9677     4.0610    6.59323     2.7241     0.0471    98.8302      7.812      64446         17  0.000e+00
          0     61.207     60.704   44.53132 -125.38330     8.5836     8.5811   3.502238   3.501940    33.1402    33.1394     1.9665     4.0594    6.59328     2.6935     0.0481    98.8040      7.818      64710         18  0.000e+00
          0     61.207     60.704   44.53132 -125.38330     8.5837     8.5811   3.502257   3.501905    33.1403    33.1390     1.9665     4.0593    6.59326     2.6935     0.0481    98.8040      7.818      64711         18  0.000e+00
          0     61.155     60.652   44.53132 -125.38330     8.5842     8.5812   3.502330   3.501894    33.1406    33.1388     1.9665     4.0590    6.59317     2.6935     0.0481    98.8040      7.818      64712         18  0.000e+00
          0     61.207     60.704   44.53132 -125.38330     8.5848     8.5819   3.502330   3.501955    33.1401    33.1388     1.9677     4.0631    6.59311     2.6935     0.0481    98.8040      7.818      64713         18  0.000e+00
          0     61.207     60.704   44.53132 -125.38330     8.5846     8.5823   3.502342   3.501997    33.1404    33.1388     1.9677     4.0633    6.59313     2.6935     0.0481    98.8040      7.818      64714         18  0.000e+00
          0     61.155     60.653   44.53132 -125.38330     8.5846     8.5834   3.502300   3.502082    33.1399    33.1388     1.9677     4.0635    6.59315     2.6935     0.0481    98.8040      7.818      64715         18  0.000e+00
