TN407/CTD Data/TN407_CTD-009.ros
* Sea-Bird SBE 9 Data File:
* FileName = C:\data\TN407\TN407_CTD_009hex.hex
* Software Version Seasave V 7.26.7.107
* Temperature SN = 2195
* Conductivity SN = 2903
* Number of Bytes Per Scan = 41
* Number of Voltage Words = 4
* Number of Scans Averaged by the Deck Unit = 1
* NMEA Latitude = 44 31.88 N
* NMEA Longitude = 125 23.00 W
* NMEA UTC (Time) = Sep 15 2022  22:36:55
* NMEA baud rate = 4800
** Cruise: TGT407
** Cast: 009
** Location: Slope Base
** Date: 9-15-2022
** Water Depth: 2905
** Operator: JN
# nquan = 21
# nvalues = 2328                                  
# units = specified
# name 0 = modError: Modulo Error Count
# name 1 = prDM: Pressure, Digiquartz [db]
# name 2 = depSM: Depth [salt water, m]
# name 3 = latitude: Latitude [deg]
# name 4 = longitude: Longitude [deg]
# name 5 = t090C: Temperature [ITS-90, deg C]
# name 6 = t190C: Temperature, 2 [ITS-90, deg C]
# name 7 = c0S/m: Conductivity [S/m]
# name 8 = c1S/m: Conductivity, 2 [S/m]
# name 9 = sal00: Salinity, Practical [PSU]
# name 10 = sal11: Salinity, Practical, 2 [PSU]
# name 11 = sbeox0V: Oxygen raw, SBE 43 [V]
# name 12 = sbeox0ML/L: Oxygen, SBE 43 [ml/l]
# name 13 = oxsolML/L: Oxygen Saturation, Garcia & Gordon [ml/l]
# name 14 = flECO-AFL: Fluorescence, WET Labs ECO-AFL/FL [mg/m^3]
# name 15 = CStarAt0: Beam Attenuation, WET Labs C-Star [1/m]
# name 16 = CStarTr0: Beam Transmission, WET Labs C-Star [%]
# name 17 = ph: pH
# name 18 = scan: Scan Count
# name 19 = nbf: Bottles Fired
# name 20 = flag:  0.000e+00
# interval = seconds: 0.0416667
# start_time = Sep 15 2022 22:36:55 [NMEA time, header]
# bad_flag = -9.990e-29
*END*
[from data line 138]
          0    222.567    220.651   44.53134 -125.38326     7.1100     7.1104   3.453034   3.452936    33.9516    33.9503     1.2206     2.0933    6.78067     1.8694     0.0471    98.8302      7.650      32193          2  0.000e+00
          0    222.567    220.651   44.53134 -125.38326     7.1102     7.1107   3.453028   3.452972    33.9514    33.9503     1.2206     2.0929    6.78065     1.8694     0.0460    98.8564      7.650      32194          2  0.000e+00
          0    222.560    220.644   44.53134 -125.38326     7.1102     7.1111   3.453022   3.452986    33.9514    33.9500     1.2206     2.0926    6.78065     1.8388     0.0460    98.8564      7.644      32195          2  0.000e+00
          0    222.515    220.599   44.53134 -125.38326     7.1105     7.1114   3.453040   3.453046    33.9513    33.9505     1.2206     2.0927    6.78061     1.8388     0.0449    98.8826      7.644      32196          2  0.000e+00
          0    222.567    220.651   44.53134 -125.38326     7.1105     7.1115   3.453071   3.453067    33.9516    33.9506     1.2206     2.0928    6.78060     1.8388     0.0449    98.8826      7.644      32197          2  0.000e+00
          0    222.567    220.651   44.53134 -125.38326     7.1110     7.1120   3.453101   3.453085    33.9514    33.9503     1.2206     2.0929    6.78053     1.8694     0.0449    98.8826      7.644      32198          2  0.000e+00
          0    222.448    220.533   44.53134 -125.38326     7.1108     7.1121   3.453113   3.453152    33.9518    33.9509     1.2206     2.0930    6.78054     1.8694     0.0449    98.8826      7.644      32199          2  0.000e+00
          0    222.567    220.651   44.53134 -125.38326     7.1110     7.1120   3.453138   3.453092    33.9518    33.9504     1.2206     2.0926    6.78051     1.8694     0.0449    98.8826      7.644      32200          2  0.000e+00
          0    222.515    220.599   44.53134 -125.38326     7.1112     7.1116   3.453119   3.453085    33.9515    33.9507     1.2206     2.0927    6.78050     1.8694     0.0449    98.8826      7.644      32201          2  0.000e+00
          0    222.515    220.599   44.53134 -125.38326     7.1110     7.1116   3.453113   3.453071    33.9516    33.9505     1.2206     2.0928    6.78052     1.8694     0.0449    98.8826      7.644      32202          2  0.000e+00
          0    222.500    220.585   44.53134 -125.38326     7.1110     7.1116   3.453089   3.453067    33.9513    33.9505     1.2206     2.0929    6.78053     1.8388     0.0449    98.8826      7.644      32203          2  0.000e+00
          0    222.515    220.599   44.53134 -125.38326     7.1108     7.1116   3.453059   3.453127    33.9512    33.9511     1.2206     2.0930    6.78056     1.8388     0.0449    98.8826      7.644      32204          2  0.000e+00
          0    222.515    220.599   44.53134 -125.38326     7.1108     7.1118   3.453071   3.453085    33.9513    33.9505     1.2219     2.0972    6.78056     1.8388     0.0449    98.8826      7.644      32205          2  0.000e+00
          0    222.455    220.540   44.53134 -125.38326     7.1110     7.1120   3.453083   3.453067    33.9513    33.9502     1.2206     2.0932    6.78053     1.8083     0.0460    98.8564      7.644      32206          2  0.000e+00
          0    222.500    220.585   44.53134 -125.38326     7.1107     7.1118   3.453065   3.453085    33.9514    33.9505     1.2206     2.0927    6.78058     1.8083     0.0449    98.8826      7.644      32207          2  0.000e+00
          0    222.455    220.540   44.53134 -125.38326     7.1110     7.1120   3.453077   3.453092    33.9512    33.9504     1.2219     2.0968    6.78054     1.8083     0.0449    98.8826      7.644      32208          2  0.000e+00
          0    222.515    220.599   44.53134 -125.38326     7.1107     7.1125   3.453059   3.453113    33.9513    33.9501     1.2219     2.0974    6.78058     1.8083     0.0449    98.8826      7.644      32209          2  0.000e+00
          0    222.515    220.599   44.53134 -125.38326     7.1108     7.1125   3.453071   3.453099    33.9513    33.9500     1.2219     2.0979    6.78056     1.8083     0.0449    98.8826      7.644      32210          2  0.000e+00
          0    222.455    220.540   44.53134 -125.38326     7.1110     7.1125   3.453083   3.453152    33.9513    33.9506     1.2206     2.0942    6.78053     1.8083     0.0449    98.8826      7.644      32211          2  0.000e+00
          0    222.500    220.585   44.53134 -125.38326     7.1110     7.1130   3.453058   3.453194    33.9510    33.9506     1.2206     2.0937    6.78055     1.8388     0.0449    98.8826      7.644      32212          2  0.000e+00
          0    222.455    220.540   44.53134 -125.38326     7.1108     7.1138   3.453052   3.453240    33.9511    33.9503     1.2206     2.0932    6.78057     1.8388     0.0449    98.8826      7.644      32213          2  0.000e+00
          0    222.455    220.540   44.53134 -125.38326     7.1108     7.1139   3.453010   3.453293    33.9506    33.9508     1.2206     2.0926    6.78059     1.8083     0.0439    98.9089      7.644      32214          2  0.000e+00
          0    222.515    220.599   44.53134 -125.38326     7.1107     7.1138   3.453016   3.453307    33.9508    33.9510     1.2219     2.0961    6.78060     1.8083     0.0439    98.9089      7.644      32215          2  0.000e+00
          0    222.396    220.481   44.53134 -125.38326     7.1107     7.1136   3.452998   3.453226    33.9507    33.9503     1.2219     2.0964    6.78061     1.8083     0.0449    98.8826      7.644      32216          2  0.000e+00
          0    222.515    220.599   44.53134 -125.38326     7.1105     7.1133   3.453059   3.453180    33.9515    33.9501     1.2219     2.0968    6.78060     1.8083     0.0449    98.8826      7.644      32217          2  0.000e+00
          0    222.455    220.540   44.53134 -125.38326     7.1108     7.1133   3.453101   3.453194    33.9516    33.9503     1.2219     2.0966    6.78054     1.8083     0.0449    98.8826      7.644      32218          2  0.000e+00
          0    222.455    220.540   44.53134 -125.38326     7.1112     7.1130   3.453113   3.453201    33.9515    33.9506     1.2219     2.0969    6.78050     1.8083     0.0449    98.8826      7.650      32219          2  0.000e+00
          0    222.448    220.533   44.53134 -125.38326     7.1113     7.1128   3.453131   3.453201    33.9515    33.9509     1.2219     2.0971    6.78047     1.8083     0.0449    98.8826      7.650      32220          2  0.000e+00
          0    222.455    220.540   44.53134 -125.38326     7.1115     7.1125   3.453150   3.453201    33.9515    33.9511     1.2206     2.0933    6.78045     1.8083     0.0449    98.8826      7.650      32221          2  0.000e+00
          0    222.455    220.540   44.53134 -125.38326     7.1115     7.1125   3.453168   3.453198    33.9517    33.9511     1.2219     2.0971    6.78044     1.8083     0.0449    98.8826      7.650      32222          2  0.000e+00
          0    222.455    220.540   44.53134 -125.38326     7.1116     7.1126   3.453125   3.453176    33.9511    33.9507     1.2219     2.0973    6.78044     1.8083     0.0460    98.8564      7.650      32223          2  0.000e+00
          0    222.448    220.533   44.53134 -125.38326     7.1116     7.1131   3.453131   3.453194    33.9512    33.9504     1.2219     2.0976    6.78044     1.8388     0.0460    98.8564      7.650      32224          2  0.000e+00
          0    222.455    220.540   44.53134 -125.38326     7.1120     7.1131   3.453144   3.453240    33.9510    33.9509     1.2219     2.0977    6.78040     1.8388     0.0449    98.8826      7.650      32225          2  0.000e+00
          0    222.455    220.540   44.53134 -125.38326     7.1118     7.1134   3.453186   3.453233    33.9516    33.9506     1.2219     2.0984    6.78039     1.8388     0.0449    98.8826      7.650      32226          2  0.000e+00
          0    222.455    220.540   44.53134 -125.38326     7.1121     7.1128   3.453204   3.453226    33.9515    33.9511     1.2206     2.0945    6.78035     1.8388     0.0449    98.8826      7.650      32227          2  0.000e+00
          0    222.455    220.540   44.53134 -125.38326     7.1121     7.1128   3.453180   3.453205    33.9513    33.9509     1.2206     2.0941    6.78036     1.8083     0.0449    98.8826      7.650      32228          2  0.000e+00
          0    222.448    220.533   44.53134 -125.38326     7.1124     7.1133   3.453204   3.453240    33.9512    33.9508     1.2206     2.0938    6.78031     1.7778     0.0449    98.8826      7.650      32229          2  0.000e+00
          0    222.456    220.541   44.53134 -125.38326     7.1120     7.1134   3.453138   3.453293    33.9509    33.9512     1.2219     2.0976    6.78040     1.7778     0.0449    98.8826      7.650      32230          2  0.000e+00
          0    222.456    220.541   44.53134 -125.38326     7.1120     7.1138   3.453156   3.453265    33.9511    33.9505     1.2219     2.0977    6.78039     1.7778     0.0449    98.8826      7.650      32231          2  0.000e+00
          0    222.456    220.541   44.53134 -125.38326     7.1120     7.1140   3.453174   3.453275    33.9513    33.9504     1.2206     2.0943    6.78038     1.7778     0.0449    98.8826      7.650      32232          2  0.000e+00
          0    222.448    220.533   44.53134 -125.38326     7.1123     7.1139   3.453192   3.453300    33.9512    33.9508     1.2206     2.0939    6.78034     1.7778     0.0449    98.8826      7.650      32233          2  0.000e+00
          0    222.456    220.541   44.53134 -125.38326     7.1123     7.1140   3.453229   3.453328    33.9516    33.9510     1.2206     2.0936    6.78032     1.7473     0.0449    98.8826      7.644      32234          2  0.000e+00
          0    222.456    220.541   44.53134 -125.38326     7.1124     7.1140   3.453186   3.453335    33.9510    33.9511     1.2206     2.0932    6.78032     1.7778     0.0449    98.8826      7.644      32235          2  0.000e+00
          0    222.403    220.489   44.53134 -125.38326     7.1121     7.1140   3.453204   3.453314    33.9515    33.9509     1.2206     2.0929    6.78035     1.7778     0.0449    98.8826      7.644      32236          2  0.000e+00
          0    222.448    220.533   44.53134 -125.38326     7.1121     7.1139   3.453162   3.453328    33.9511    33.9511     1.2206     2.0925    6.78037     1.7473     0.0449    98.8826      7.644      32237          2  0.000e+00
          0    222.456    220.541   44.53134 -125.38326     7.1118     7.1140   3.453119   3.453353    33.9509    33.9513     1.2206     2.0922    6.78043     1.7473     0.0449    98.8826      7.644      32238          2  0.000e+00
          0    222.456    220.541   44.53134 -125.38326     7.1116     7.1144   3.453131   3.453360    33.9512    33.9510     1.2219     2.0959    6.78044     1.7473     0.0449    98.8826      7.644      32239          2  0.000e+00
          0    222.456    220.541   44.53134 -125.38326     7.1115     7.1144   3.453119   3.453360    33.9512    33.9510     1.2219     2.0961    6.78046     1.7473     0.0449    98.8826      7.650      32240          2  0.000e+00
          0    222.180    220.267   44.53134 -125.38326     7.1116     7.1147   3.453113   3.453381    33.9511    33.9510     1.2219     2.0961    6.78044     1.7778     0.0449    98.8826      7.650      32241          2  0.000e+00
          0    222.724    220.807   44.53134 -125.38326     7.1115     7.1150   3.453113   3.453410    33.9510    33.9508     1.2206     2.0922    6.78047     1.7778     0.0449    98.8826      7.650      32242          2  0.000e+00
          0    222.403    220.489   44.53134 -125.38326     7.1116     7.1145   3.453095   3.453417    33.9508    33.9515     1.2206     2.0917    6.78046     1.7778     0.0449    98.8826      7.650      32243          2  0.000e+00
          0    222.456    220.541   44.53134 -125.38326     7.1118     7.1145   3.453125   3.453353    33.9510    33.9508     1.2206     2.0913    6.78042     1.7778     0.0460    98.8564      7.650      32244          2  0.000e+00
          0    222.456    220.541   44.53134 -125.38326     7.1118     7.1142   3.453119   3.453293    33.9509    33.9504     1.2206     2.0909    6.78043     1.7778     0.0449    98.8826      7.650      32245          2  0.000e+00
          0    222.448    220.533   44.53134 -125.38326     7.1118     7.1144   3.453131   3.453261    33.9510    33.9499     1.2206     2.0905    6.78042     1.7778     0.0449    98.8826      7.644      32246          2  0.000e+00
          0    222.456    220.541   44.53134 -125.38326     7.1121     7.1142   3.453186   3.453275    33.9513    33.9502     1.2206     2.0901    6.78036     1.7778     0.0460    98.8564      7.644      32247          2  0.000e+00
          0    222.404    220.489   44.53134 -125.38326     7.1124     7.1140   3.453229   3.453261    33.9515    33.9503     1.2206     2.0896    6.78030     1.7473     0.0449    98.8826      7.644      32248          2  0.000e+00
          0    201.658    199.932   44.53132 -125.38326     7.3839     7.3842   3.476725   3.476505    33.9512    33.9485     1.2355     2.1313    6.73841     1.8083     0.0460    98.8564      7.654      36824          3  0.000e+00
          0    201.658    199.932   44.53132 -125.38326     7.3839     7.3848   3.476755   3.476527    33.9515    33.9481     1.2342     2.1277    6.73840     1.8083     0.0471    98.8302      7.649      36825          3  0.000e+00
          0    201.598    199.873   44.53132 -125.38326     7.3842     7.3834   3.476822   3.476406    33.9519    33.9482     1.2355     2.1317    6.73833     1.7778     0.0460    98.8564      7.654      36826          3  0.000e+00
          0    201.650    199.924   44.53132 -125.38326     7.3849     7.3831   3.476828   3.476367    33.9514    33.9481     1.2342     2.1280    6.73826     1.8083     0.0460    98.8564      7.649      36827          3  0.000e+00
          0    201.658    199.932   44.53132 -125.38326     7.3845     7.3843   3.476841   3.476484    33.9518    33.9481     1.2355     2.1319    6.73829     1.7778     0.0460    98.8564      7.649      36828          3  0.000e+00
          0    201.658    199.932   44.53132 -125.38326     7.3839     7.3845   3.476828   3.476626    33.9523    33.9495     1.2355     2.1321    6.73836     1.8083     0.0471    98.8302      7.654      36829          3  0.000e+00
          0    201.658    199.932   44.53132 -125.38326     7.3841     7.3845   3.476883   3.476661    33.9527    33.9499     1.2355     2.1317    6.73832     1.8083     0.0460    98.8564      7.649      36830          3  0.000e+00
          0    201.702    199.976   44.53132 -125.38326     7.3850     7.3843   3.476920   3.476682    33.9522    33.9503     1.2355     2.1318    6.73820     1.7778     0.0460    98.8564      7.649      36831          3  0.000e+00
          0    201.658    199.932   44.53132 -125.38326     7.3858     7.3842   3.476865   3.476647    33.9508    33.9500     1.2355     2.1317    6.73813     1.8083     0.0460    98.8564      7.654      36832          3  0.000e+00
          0    201.658    199.932   44.53132 -125.38326     7.3866     7.3843   3.476883   3.476636    33.9502    33.9498     1.2355     2.1315    6.73804     1.7778     0.0460    98.8564      7.649      36833          3  0.000e+00
          0    201.658    199.932   44.53132 -125.38326     7.3856     7.3843   3.476877   3.476636    33.9511    33.9498     1.2355     2.1314    6.73815     1.7778     0.0460    98.8564      7.654      36834          3  0.000e+00
          0    201.710    199.984   44.53132 -125.38326     7.3850     7.3848   3.476889   3.476675    33.9518    33.9497     1.2355     2.1311    6.73821     1.8083     0.0460    98.8564      7.649      36835          3  0.000e+00
