TN407/CTD Data/TN407_CTD-008.ros
* Sea-Bird SBE 9 Data File:
* FileName = C:\data\TN407\TN407_CTD_008hex.hex
* Software Version Seasave V 7.26.7.107
* Temperature SN = 2195
* Conductivity SN = 2903
* Number of Bytes Per Scan = 41
* Number of Voltage Words = 4
* Number of Scans Averaged by the Deck Unit = 1
* NMEA Latitude = 44 22.63 N
* NMEA Longitude = 124 57.16 W
* NMEA UTC (Time) = Sep 04 2022  03:29:45
* NMEA baud rate = 4800
** Cruise: TGT407
** Cast: 008
** Location: Oregon Offshore
** Date: 9-03-2022
** Water Depth: 573
** Operator: MW
# nquan = 21
# nvalues = 2328                                  
# units = specified
# name 0 = modError: Modulo Error Count
# name 1 = prDM: Pressure, Digiquartz [db]
# name 2 = depSM: Depth [salt water, m]
# name 3 = latitude: Latitude [deg]
# name 4 = longitude: Longitude [deg]
# name 5 = t090C: Temperature [ITS-90, deg C]
# name 6 = t190C: Temperature, 2 [ITS-90, deg C]
# name 7 = c0S/m: Conductivity [S/m]
# name 8 = c1S/m: Conductivity, 2 [S/m]
# name 9 = sal00: Salinity, Practical [PSU]
# name 10 = sal11: Salinity, Practical, 2 [PSU]
# name 11 = sbeox0V: Oxygen raw, SBE 43 [V]
# name 12 = sbeox0ML/L: Oxygen, SBE 43 [ml/l]
# name 13 = oxsolML/L: Oxygen Saturation, Garcia & Gordon [ml/l]
# name 14 = flECO-AFL: Fluorescence, WET Labs ECO-AFL/FL [mg/m^3]
# name 15 = CStarAt0: Beam Attenuation, WET Labs C-Star [1/m]
# name 16 = CStarTr0: Beam Transmission, WET Labs C-Star [%]
# name 17 = ph: pH
# name 18 = scan: Scan Count
# name 19 = nbf: Bottles Fired
# name 20 = flag:  0.000e+00
# interval = seconds: 0.0416667
# start_time = Sep 04 2022 03:29:45 [NMEA time, header]
# bad_flag = -9.990e-29
*END*
[from data line 1242]
          0    100.612     99.776   44.37712 -124.95270     8.0156     8.0181   3.515835   3.515882    33.8066    33.8047     1.5181     2.8555    6.64894     1.7778     0.0449    98.8826      7.642      36819         13  0.000e+00
          0    100.582     99.747   44.37712 -124.95270     8.0156     8.0177   3.515860   3.515903    33.8068    33.8053     1.5169     2.8515    6.64893     1.7473     0.0439    98.9089      7.642      36820         13  0.000e+00
          0    100.552     99.717   44.37712 -124.95270     8.0156     8.0177   3.515848   3.515882    33.8067    33.8051     1.5169     2.8510    6.64894     1.7473     0.0449    98.8826      7.642      36821         13  0.000e+00
          0    100.582     99.747   44.37712 -124.95270     8.0158     8.0174   3.515835   3.515854    33.8064    33.8050     1.5169     2.8504    6.64893     1.7778     0.0439    98.9089      7.642      36822         13  0.000e+00
          0    100.612     99.777   44.37712 -124.95270     8.0158     8.0174   3.515860   3.515889    33.8067    33.8054     1.5169     2.8499    6.64892     1.8083     0.0439    98.9089      7.642      36823         13  0.000e+00
          0    100.523     99.688   44.37712 -124.95270     8.0159     8.0177   3.515842   3.515861    33.8064    33.8049     1.5169     2.8493    6.64891     1.8083     0.0439    98.9089      7.642      36824         13  0.000e+00
          0    100.582     99.747   44.37712 -124.95270     8.0159     8.0177   3.515835   3.515889    33.8063    33.8051     1.5169     2.8493    6.64891     1.8083     0.0439    98.9089      7.642      36825         13  0.000e+00
          0    100.552     99.718   44.37712 -124.95270     8.0161     8.0181   3.515835   3.515893    33.8061    33.8048     1.5169     2.8492    6.64889     1.8083     0.0439    98.9089      7.647      36826         13  0.000e+00
          0    100.523     99.688   44.37712 -124.95270     8.0161     8.0182   3.515860   3.515921    33.8064    33.8050     1.5169     2.8487    6.64888     1.8083     0.0449    98.8826      7.647      36827         13  0.000e+00
          0    100.552     99.718   44.37712 -124.95270     8.0164     8.0184   3.515891   3.515932    33.8064    33.8049     1.5169     2.8482    6.64883     1.8083     0.0449    98.8826      7.647      36828         13  0.000e+00
          0    100.523     99.688   44.37712 -124.95270     8.0166     8.0184   3.515903   3.515932    33.8064    33.8049     1.5169     2.8476    6.64881     1.8083     0.0449    98.8826      7.647      36829         13  0.000e+00
          0    100.552     99.718   44.37712 -124.95270     8.0169     8.0187   3.515921   3.515950    33.8063    33.8048     1.5181     2.8510    6.64877     1.8083     0.0449    98.8826      7.647      36830         13  0.000e+00
          0    100.523     99.688   44.37712 -124.95270     8.0169     8.0190   3.515933   3.515978    33.8064    33.8048     1.5181     2.8509    6.64876     1.8083     0.0449    98.8826      7.647      36831         13  0.000e+00
          0    100.553     99.718   44.37712 -124.95270     8.0172     8.0192   3.515915   3.515985    33.8059    33.8048     1.5169     2.8474    6.64874     1.8083     0.0449    98.8826      7.647      36832         13  0.000e+00
          0    100.523     99.688   44.37712 -124.95270     8.0175     8.0192   3.515921   3.515992    33.8057    33.8048     1.5169     2.8473    6.64870     1.8083     0.0449    98.8826      7.647      36833         13  0.000e+00
          0    100.553     99.718   44.37712 -124.95270     8.0177     8.0192   3.515958   3.516007    33.8059    33.8050     1.5169     2.8473    6.64867     1.8083     0.0449    98.8826      7.647      36834         13  0.000e+00
          0    100.523     99.688   44.37712 -124.95270     8.0177     8.0188   3.515982   3.515950    33.8062    33.8047     1.5169     2.8468    6.64865     1.8083     0.0449    98.8826      7.647      36835         13  0.000e+00
          0    100.523     99.688   44.37712 -124.95270     8.0175     8.0174   3.515995   3.515868    33.8065    33.8052     1.5169     2.8463    6.64866     1.8083     0.0460    98.8564      7.642      36836         13  0.000e+00
          0    100.553     99.718   44.37712 -124.95270     8.0177     8.0162   3.515989   3.515786    33.8062    33.8054     1.5169     2.8463    6.64865     1.8083     0.0471    98.8302      7.647      36837         13  0.000e+00
          0    101.018    100.180   44.37712 -124.95270     8.0155     8.0162   3.515811   3.515818    33.8062    33.8056     1.5169     2.8472    6.64898     1.7473     0.0460    98.8564      7.647      37065         14  0.000e+00
          0    101.056    100.217   44.37712 -124.95270     8.0149     8.0160   3.515738   3.515800    33.8060    33.8056     1.5181     2.8508    6.64907     1.7473     0.0460    98.8564      7.642      37066         14  0.000e+00
          0    101.130    100.290   44.37712 -124.95270     8.0138     8.0158   3.515664   3.515815    33.8062    33.8060     1.5181     2.8511    6.64923     1.7473     0.0460    98.8564      7.642      37067         14  0.000e+00
          0    101.108    100.268   44.37712 -124.95270     8.0127     8.0161   3.515609   3.515800    33.8067    33.8055     1.5169     2.8474    6.64937     1.7473     0.0449    98.8826      7.642      37068         14  0.000e+00
          0    101.078    100.239   44.37712 -124.95270     8.0120     8.0161   3.515535   3.515793    33.8066    33.8054     1.5169     2.8472    6.64948     1.7167     0.0449    98.8826      7.642      37069         14  0.000e+00
          0    101.130    100.290   44.37712 -124.95270     8.0114     8.0161   3.515523   3.515793    33.8070    33.8054     1.5181     2.8508    6.64955     1.7167     0.0449    98.8826      7.642      37070         14  0.000e+00
          0    101.108    100.268   44.37712 -124.95270     8.0108     8.0162   3.515474   3.515783    33.8071    33.8051     1.5169     2.8472    6.64964     1.7167     0.0439    98.9089      7.642      37071         14  0.000e+00
          0    101.130    100.291   44.37712 -124.95270     8.0105     8.0162   3.515486   3.515790    33.8075    33.8052     1.5169     2.8469    6.64967     1.7167     0.0449    98.8826      7.642      37072         14  0.000e+00
          0    101.160    100.320   44.37712 -124.95270     8.0103     8.0162   3.515487   3.515772    33.8077    33.8050     1.5181     2.8506    6.64969     1.7167     0.0449    98.8826      7.642      37073         14  0.000e+00
          0    101.130    100.291   44.37712 -124.95270     8.0100     8.0160   3.515450   3.515807    33.8076    33.8057     1.5181     2.8509    6.64974     1.7167     0.0449    98.8826      7.642      37074         14  0.000e+00
          0    101.160    100.320   44.37712 -124.95270     8.0095     8.0156   3.515438   3.515758    33.8079    33.8055     1.5181     2.8511    6.64980     1.7167     0.0449    98.8826      7.642      37075         14  0.000e+00
          0    101.190    100.350   44.37712 -124.95270     8.0094     8.0155   3.515425   3.515718    33.8079    33.8052     1.5181     2.8509    6.64982     1.7473     0.0449    98.8826      7.642      37076         14  0.000e+00
          0    101.130    100.291   44.37712 -124.95270     8.0092     8.0150   3.515407   3.515701    33.8080    33.8055     1.5181     2.8511    6.64985     1.7778     0.0449    98.8826      7.642      37077         14  0.000e+00
          0    101.220    100.379   44.37712 -124.95270     8.0088     8.0148   3.515419   3.515665    33.8084    33.8053     1.5181     2.8514    6.64988     1.7778     0.0460    98.8564      7.647      37078         14  0.000e+00
          0    101.190    100.350   44.37712 -124.95270     8.0092     8.0145   3.515431   3.515679    33.8082    33.8057     1.5181     2.8515    6.64984     1.7778     0.0471    98.8302      7.647      37079         14  0.000e+00
          0    101.160    100.320   44.37712 -124.95270     8.0093     8.0137   3.515425   3.515665    33.8081    33.8064     1.5181     2.8517    6.64983     1.7778     0.0471    98.8302      7.647      37080         14  0.000e+00
          0    101.190    100.350   44.37712 -124.95270     8.0090     8.0135   3.515431   3.515637    33.8084    33.8062     1.5181     2.8520    6.64986     1.8083     0.0460    98.8564      7.647      37081         14  0.000e+00
          0    101.220    100.379   44.37712 -124.95270     8.0090     8.0134   3.515474   3.515630    33.8088    33.8062     1.5181     2.8522    6.64984     1.8083     0.0460    98.8564      7.647      37082         14  0.000e+00
          0    101.190    100.350   44.37712 -124.95270     8.0088     8.0142   3.515493   3.515640    33.8092    33.8056     1.5181     2.8524    6.64985     1.8083     0.0449    98.8826      7.647      37083         14  0.000e+00
          0    101.220    100.379   44.37712 -124.95270     8.0088     8.0146   3.515487   3.515633    33.8091    33.8050     1.5181     2.8526    6.64985     1.8083     0.0449    98.8826      7.647      37084         14  0.000e+00
          0    101.190    100.350   44.37712 -124.95270     8.0097     8.0142   3.515566   3.515651    33.8091    33.8057     1.5181     2.8527    6.64972     1.8083     0.0460    98.8564      7.647      37085         14  0.000e+00
          0    101.190    100.350   44.37712 -124.95270     8.0106     8.0144   3.515634   3.515658    33.8089    33.8056     1.5181     2.8529    6.64959     1.8083     0.0460    98.8564      7.647      37086         14  0.000e+00
          0    101.220    100.379   44.37712 -124.95270     8.0119     8.0139   3.515719   3.515637    33.8086    33.8058     1.5181     2.8530    6.64941     1.8083     0.0460    98.8564      7.647      37087         14  0.000e+00
          0    101.190    100.350   44.37712 -124.95270     8.0129     8.0130   3.515787   3.515630    33.8084    33.8066     1.5181     2.8531    6.64927     1.8083     0.0449    98.8826      7.647      37088         14  0.000e+00
          0    101.220    100.379   44.37712 -124.95270     8.0144     8.0130   3.515854   3.515608    33.8077    33.8063     1.5181     2.8532    6.64908     1.8083     0.0449    98.8826      7.647      37089         14  0.000e+00
          0    101.190    100.350   44.37712 -124.95270     8.0151     8.0132   3.515866   3.515590    33.8071    33.8060     1.5181     2.8534    6.64899     1.8083     0.0449    98.8826      7.647      37090         14  0.000e+00
          0    101.220    100.379   44.37712 -124.95270     8.0155     8.0128   3.515823   3.515555    33.8063    33.8060     1.5181     2.8536    6.64898     1.8083     0.0449    98.8826      7.647      37091         14  0.000e+00
          0    101.190    100.350   44.37712 -124.95270     8.0146     8.0122   3.515811   3.515569    33.8070    33.8067     1.5181     2.8538    6.64908     1.8083     0.0449    98.8826      7.647      37092         14  0.000e+00
          0    101.190    100.350   44.37712 -124.95270     8.0143     8.0122   3.515756   3.515533    33.8067    33.8063     1.5181     2.8541    6.64914     1.7778     0.0449    98.8826      7.647      37093         14  0.000e+00
          0    101.160    100.320   44.37712 -124.95270     8.0138     8.0119   3.515701   3.515541    33.8066    33.8067     1.5181     2.8543    6.64921     1.8083     0.0449    98.8826      7.647      37094         14  0.000e+00
          0    101.242    100.402   44.37712 -124.95270     8.0134     8.0114   3.515676   3.515526    33.8067    33.8070     1.5181     2.8546    6.64928     1.8083     0.0449    98.8826      7.647      37095         14  0.000e+00
          0    101.160    100.320   44.37712 -124.95270     8.0127     8.0116   3.515658   3.515509    33.8072    33.8067     1.5181     2.8548    6.64935     1.8083     0.0460    98.8564      7.647      37096         14  0.000e+00
          0    101.190    100.350   44.37712 -124.95270     8.0124     8.0122   3.515646   3.515537    33.8073    33.8064     1.5181     2.8550    6.64939     1.8083     0.0460    98.8564      7.647      37097         14  0.000e+00
          0    101.160    100.320   44.37712 -124.95270     8.0124     8.0126   3.515652   3.515608    33.8074    33.8068     1.5181     2.8552    6.64939     1.8083     0.0460    98.8564      7.647      37098         14  0.000e+00
          0    101.190    100.350   44.37712 -124.95270     8.0123     8.0130   3.515603   3.515630    33.8070    33.8066     1.5181     2.8554    6.64943     1.8083     0.0460    98.8564      7.647      37099         14  0.000e+00
          0    101.160    100.320   44.37712 -124.95270     8.0114     8.0129   3.515542   3.515630    33.8072    33.8067     1.5181     2.8557    6.64955     1.8083     0.0449    98.8826      7.647      37100         14  0.000e+00
          0    101.131    100.291   44.37712 -124.95270     8.0111     8.0132   3.515517   3.515608    33.8073    33.8062     1.5169     2.8520    6.64959     1.8388     0.0460    98.8564      7.647      37101         14  0.000e+00
          0    101.190    100.350   44.37712 -124.95270     8.0109     8.0126   3.515548   3.515573    33.8077    33.8064     1.5169     2.8518    6.64960     1.8388     0.0460    98.8564      7.647      37102         14  0.000e+00
          0    101.108    100.269   44.37712 -124.95270     8.0111     8.0117   3.515554   3.515551    33.8077    33.8070     1.5169     2.8516    6.64957     1.8083     0.0471    98.8302      7.647      37103         14  0.000e+00
          0    101.131    100.291   44.37712 -124.95270     8.0113     8.0116   3.515609   3.515526    33.8081    33.8069     1.5169     2.8514    6.64953     1.8083     0.0471    98.8302      7.647      37104         14  0.000e+00
          0    101.160    100.321   44.37712 -124.95270     8.0118     8.0116   3.515615   3.515523    33.8076    33.8068     1.5169     2.8507    6.64947     1.8388     0.0460    98.8564      7.642      37105         14  0.000e+00
          0    101.079    100.239   44.37712 -124.95270     8.0117     8.0124   3.515597   3.515541    33.8075    33.8063     1.5169     2.8505    6.64948     1.8083     0.0460    98.8564      7.642      37106         14  0.000e+00
          0    101.108    100.269   44.37712 -124.95270     8.0116     8.0137   3.515597   3.515630    33.8077    33.8060     1.5169     2.8499    6.64950     1.8388     0.0460    98.8564      7.642      37107         14  0.000e+00
          0    101.131    100.291   44.37712 -124.95270     8.0114     8.0145   3.515584   3.515665    33.8077    33.8056     1.5181     2.8537    6.64953     1.8388     0.0460    98.8564      7.642      37108         14  0.000e+00
          0    101.079    100.239   44.37712 -124.95270     8.0111     8.0145   3.515566   3.515701    33.8078    33.8060     1.5181     2.8540    6.64957     1.8388     0.0471    98.8302      7.642      37109         14  0.000e+00
          0    101.108    100.269   44.37712 -124.95270     8.0109     8.0151   3.515554   3.515733    33.8078    33.8057     1.5181     2.8539    6.64959     1.8083     0.0481    98.8040      7.647      37110         14  0.000e+00
          0    101.019    100.180   44.37712 -124.95270     8.0108     8.0161   3.515554   3.515839    33.8080    33.8059     1.5181     2.8536    6.64961     1.8388     0.0503    98.7515      7.647      37111         14  0.000e+00
          0    101.161    100.321   44.37712 -124.95270     8.0111     8.0169   3.515578   3.515854    33.8079    33.8052     1.5181     2.8535    6.64956     1.8388     0.0513    98.7253      7.647      37112         14  0.000e+00
          0    100.967    100.129   44.37712 -124.95270     8.0108     8.0165   3.515542   3.515829    33.8079    33.8055     1.5181     2.8532    6.64961     1.8388     0.0492    98.7777      7.647      37113         14  0.000e+00
