TN407/CTD Data/TN407_CTD-008.ros
* Sea-Bird SBE 9 Data File:
* FileName = C:\data\TN407\TN407_CTD_008hex.hex
* Software Version Seasave V 7.26.7.107
* Temperature SN = 2195
* Conductivity SN = 2903
* Number of Bytes Per Scan = 41
* Number of Voltage Words = 4
* Number of Scans Averaged by the Deck Unit = 1
* NMEA Latitude = 44 22.63 N
* NMEA Longitude = 124 57.16 W
* NMEA UTC (Time) = Sep 04 2022  03:29:45
* NMEA baud rate = 4800
** Cruise: TGT407
** Cast: 008
** Location: Oregon Offshore
** Date: 9-03-2022
** Water Depth: 573
** Operator: MW
# nquan = 21
# nvalues = 2328                                  
# units = specified
# name 0 = modError: Modulo Error Count
# name 1 = prDM: Pressure, Digiquartz [db]
# name 2 = depSM: Depth [salt water, m]
# name 3 = latitude: Latitude [deg]
# name 4 = longitude: Longitude [deg]
# name 5 = t090C: Temperature [ITS-90, deg C]
# name 6 = t190C: Temperature, 2 [ITS-90, deg C]
# name 7 = c0S/m: Conductivity [S/m]
# name 8 = c1S/m: Conductivity, 2 [S/m]
# name 9 = sal00: Salinity, Practical [PSU]
# name 10 = sal11: Salinity, Practical, 2 [PSU]
# name 11 = sbeox0V: Oxygen raw, SBE 43 [V]
# name 12 = sbeox0ML/L: Oxygen, SBE 43 [ml/l]
# name 13 = oxsolML/L: Oxygen Saturation, Garcia & Gordon [ml/l]
# name 14 = flECO-AFL: Fluorescence, WET Labs ECO-AFL/FL [mg/m^3]
# name 15 = CStarAt0: Beam Attenuation, WET Labs C-Star [1/m]
# name 16 = CStarTr0: Beam Transmission, WET Labs C-Star [%]
# name 17 = ph: pH
# name 18 = scan: Scan Count
# name 19 = nbf: Bottles Fired
# name 20 = flag:  0.000e+00
# interval = seconds: 0.0416667
# start_time = Sep 04 2022 03:29:45 [NMEA time, header]
# bad_flag = -9.990e-29
*END*
[from data line 207]
          0    202.016    200.290   44.37712 -124.95272     7.3653     7.3692   3.480880   3.481146    34.0143    34.0134     1.0717     1.6379    6.73848     1.8388     0.0503    98.7515      7.493      18683          3  0.000e+00
          0    202.068    200.341   44.37712 -124.95272     7.3651     7.3692   3.480855   3.481125    34.0142    34.0132     1.0717     1.6374    6.73851     1.8083     0.0492    98.7777      7.499      18684          3  0.000e+00
          0    202.061    200.334   44.37712 -124.95272     7.3651     7.3694   3.480849   3.481156    34.0141    34.0133     1.0717     1.6370    6.73851     1.8083     0.0503    98.7515      7.493      18685          3  0.000e+00
          0    202.016    200.290   44.37712 -124.95272     7.3653     7.3693   3.480843   3.481192    34.0139    34.0138     1.0717     1.6370    6.73849     1.8083     0.0503    98.7515      7.493      18686          3  0.000e+00
          0    202.068    200.342   44.37712 -124.95272     7.3653     7.3691   3.480868   3.481178    34.0142    34.0138     1.0717     1.6371    6.73849     1.8083     0.0503    98.7515      7.493      18687          3  0.000e+00
          0    202.068    200.342   44.37712 -124.95272     7.3655     7.3693   3.480880   3.481132    34.0141    34.0131     1.0717     1.6371    6.73846     1.8083     0.0513    98.7253      7.488      18688          3  0.000e+00
          0    202.061    200.334   44.37712 -124.95272     7.3656     7.3692   3.480947   3.481156    34.0147    34.0135     1.0717     1.6372    6.73841     1.8083     0.0503    98.7515      7.488      18689          3  0.000e+00
          0    202.068    200.342   44.37712 -124.95272     7.3656     7.3693   3.480971   3.481128    34.0150    34.0131     1.0717     1.6373    6.73840     1.8083     0.0503    98.7515      7.488      18690          3  0.000e+00
          0    202.068    200.342   44.37712 -124.95272     7.3659     7.3692   3.480990   3.481139    34.0149    34.0133     1.0717     1.6375    6.73835     1.8388     0.0513    98.7253      7.488      18691          3  0.000e+00
          0    202.128    200.401   44.37712 -124.95272     7.3663     7.3692   3.480977   3.481188    34.0144    34.0138     1.0717     1.6376    6.73833     1.8388     0.0513    98.7253      7.493      18692          3  0.000e+00
          0    202.068    200.342   44.37712 -124.95272     7.3661     7.3692   3.481038   3.481160    34.0152    34.0136     1.0729     1.6418    6.73831     1.8388     0.0503    98.7515      7.493      18693          3  0.000e+00
          0    202.061    200.334   44.37712 -124.95272     7.3666     7.3692   3.481038   3.481146    34.0148    34.0134     1.0729     1.6420    6.73826     1.8388     0.0513    98.7253      7.493      18694          3  0.000e+00
          0    202.128    200.401   44.37712 -124.95272     7.3665     7.3692   3.481008   3.481125    34.0145    34.0132     1.0729     1.6421    6.73828     1.8388     0.0513    98.7253      7.493      18695          3  0.000e+00
          0    202.128    200.401   44.37712 -124.95272     7.3661     7.3689   3.481020   3.481139    34.0150    34.0135     1.0717     1.6382    6.73832     1.8388     0.0513    98.7253      7.493      18696          3  0.000e+00
          0    202.068    200.342   44.37712 -124.95272     7.3663     7.3692   3.481032   3.481146    34.0150    34.0134     1.0717     1.6378    6.73830     1.8388     0.0513    98.7253      7.493      18697          3  0.000e+00
          0    202.121    200.393   44.37712 -124.95272     7.3663     7.3686   3.480983   3.481103    34.0145    34.0135     1.0729     1.6415    6.73832     1.8083     0.0503    98.7515      7.499      18698          3  0.000e+00
          0    202.128    200.401   44.37712 -124.95272     7.3663     7.3687   3.480990   3.481110    34.0145    34.0135     1.0717     1.6376    6.73832     1.8083     0.0503    98.7515      7.493      18699          3  0.000e+00
          0    202.128    200.401   44.37712 -124.95272     7.3667     7.3687   3.481002   3.481040    34.0142    34.0127     1.0729     1.6412    6.73826     1.8083     0.0503    98.7515      7.493      18700          3  0.000e+00
          0    202.128    200.401   44.37712 -124.95272     7.3667     7.3682   3.481002   3.481050    34.0142    34.0133     1.0717     1.6373    6.73826     1.8083     0.0503    98.7515      7.493      18701          3  0.000e+00
          0    202.128    200.401   44.37712 -124.95272     7.3665     7.3680   3.480953   3.481064    34.0139    34.0137     1.0729     1.6409    6.73831     1.8083     0.0503    98.7515      7.493      18702          3  0.000e+00
          0    202.121    200.393   44.37712 -124.95272     7.3658     7.3680   3.480941   3.481043    34.0145    34.0135     1.0729     1.6410    6.73840     1.8083     0.0503    98.7515      7.488      18703          3  0.000e+00
          0    202.180    200.453   44.37712 -124.95272     7.3659     7.3678   3.480916   3.481057    34.0140    34.0137     1.0729     1.6411    6.73839     1.8083     0.0492    98.7777      7.493      18704          3  0.000e+00
          0    202.128    200.401   44.37712 -124.95272     7.3656     7.3682   3.480886   3.481064    34.0140    34.0134     1.0717     1.6376    6.73844     1.8083     0.0492    98.7777      7.488      18705          3  0.000e+00
          0    202.128    200.401   44.37712 -124.95272     7.3655     7.3678   3.480880   3.481064    34.0141    34.0138     1.0717     1.6376    6.73846     1.8388     0.0492    98.7777      7.493      18706          3  0.000e+00
          0    202.173    200.445   44.37712 -124.95272     7.3651     7.3682   3.480898   3.481086    34.0146    34.0136     1.0717     1.6377    6.73849     1.8388     0.0481    98.8040      7.488      18707          3  0.000e+00
          0    202.128    200.401   44.37712 -124.95272     7.3656     7.3683   3.480861   3.481089    34.0138    34.0136     1.0717     1.6378    6.73845     1.8388     0.0492    98.7777      7.488      18708          3  0.000e+00
          0    202.180    200.453   44.37712 -124.95272     7.3653     7.3685   3.480843   3.481089    34.0139    34.0134     1.0717     1.6379    6.73850     1.8388     0.0503    98.7515      7.493      18709          3  0.000e+00
          0    202.128    200.401   44.37712 -124.95272     7.3653     7.3685   3.480843   3.481132    34.0139    34.0139     1.0729     1.6416    6.73850     1.8388     0.0513    98.7253      7.493      18710          3  0.000e+00
          0    202.180    200.453   44.37712 -124.95272     7.3651     7.3686   3.480843   3.481125    34.0140    34.0137     1.0729     1.6422    6.73851     1.8388     0.0513    98.7253      7.493      18711          3  0.000e+00
          0    202.173    200.445   44.37712 -124.95272     7.3650     7.3686   3.480843   3.481118    34.0142    34.0136     1.0729     1.6423    6.73853     1.8388     0.0503    98.7515      7.493      18712          3  0.000e+00
          0    202.180    200.453   44.37712 -124.95272     7.3650     7.3689   3.480849   3.481118    34.0142    34.0133     1.0729     1.6429    6.73853     1.8388     0.0492    98.7777      7.493      18713          3  0.000e+00
          0    202.180    200.453   44.37712 -124.95272     7.3648     7.3689   3.480819   3.481139    34.0141    34.0135     1.0729     1.6435    6.73856     1.8083     0.0503    98.7515      7.493      18714          3  0.000e+00
          0    202.128    200.401   44.37712 -124.95272     7.3648     7.3688   3.480813   3.481107    34.0140    34.0133     1.0729     1.6436    6.73856     1.8083     0.0503    98.7515      7.493      18715          3  0.000e+00
          0    202.173    200.445   44.37712 -124.95272     7.3651     7.3689   3.480831   3.481110    34.0139    34.0132     1.0717     1.6396    6.73852     1.8388     0.0513    98.7253      7.488      18716          3  0.000e+00
          0    202.181    200.453   44.37712 -124.95272     7.3653     7.3688   3.480843   3.481118    34.0139    34.0134     1.0717     1.6397    6.73850     1.8388     0.0513    98.7253      7.493      18717          3  0.000e+00
          0    202.181    200.453   44.37712 -124.95272     7.3653     7.3687   3.480819   3.481118    34.0136    34.0135     1.0717     1.6398    6.73851     1.8388     0.0503    98.7515      7.493      18718          3  0.000e+00
          0    202.181    200.453   44.37712 -124.95272     7.3653     7.3683   3.480861   3.481139    34.0141    34.0141     1.0717     1.6394    6.73849     1.8083     0.0503    98.7515      7.488      18719          3  0.000e+00
          0    202.233    200.504   44.37712 -124.95272     7.3650     7.3685   3.480855   3.481125    34.0143    34.0138     1.0717     1.6390    6.73853     1.8083     0.0503    98.7515      7.493      18720          3  0.000e+00
          0    202.128    200.401   44.37712 -124.95272     7.3651     7.3686   3.480819   3.481139    34.0138    34.0139     1.0717     1.6386    6.73853     1.8388     0.0492    98.7777      7.493      18721          3  0.000e+00
          0    202.181    200.453   44.37712 -124.95272     7.3651     7.3692   3.480886   3.481164    34.0145    34.0136     1.0717     1.6382    6.73849     1.8388     0.0492    98.7777      7.493      18722          3  0.000e+00
          0    202.181    200.453   44.37712 -124.95272     7.3651     7.3691   3.480886   3.481171    34.0145    34.0137     1.0717     1.6379    6.73849     1.8388     0.0492    98.7777      7.493      18723          3  0.000e+00
          0    202.181    200.453   44.37712 -124.95272     7.3651     7.3696   3.480898   3.481171    34.0146    34.0132     1.0717     1.6375    6.73849     1.8083     0.0492    98.7777      7.493      18724          3  0.000e+00
          0    202.173    200.445   44.37712 -124.95272     7.3656     7.3696   3.480929   3.481171    34.0145    34.0132     1.0729     1.6416    6.73842     1.8083     0.0492    98.7777      7.493      18725          3  0.000e+00
          0    202.181    200.453   44.37712 -124.95272     7.3659     7.3696   3.480941   3.481171    34.0143    34.0132     1.0717     1.6382    6.73839     1.8083     0.0503    98.7515      7.488      18726          3  0.000e+00
          0    202.181    200.453   44.37712 -124.95272     7.3659     7.3694   3.480959   3.481171    34.0145    34.0134     1.0717     1.6378    6.73837     1.8388     0.0503    98.7515      7.488      18727          3  0.000e+00
          0    202.181    200.453   44.37712 -124.95272     7.3663     7.3693   3.480947   3.481171    34.0140    34.0135     1.0729     1.6420    6.73834     1.8388     0.0503    98.7515      7.493      18728          3  0.000e+00
          0    202.173    200.445   44.37712 -124.95272     7.3661     7.3692   3.480959   3.481192    34.0143    34.0138     1.0729     1.6426    6.73835     1.8083     0.0492    98.7777      7.493      18729          3  0.000e+00
          0    202.181    200.453   44.37712 -124.95272     7.3661     7.3692   3.480947   3.481178    34.0142    34.0136     1.0729     1.6432    6.73836     1.8083     0.0503    98.7515      7.488      18730          3  0.000e+00
          0    202.181    200.453   44.37712 -124.95272     7.3659     7.3693   3.480941   3.481192    34.0143    34.0137     1.0741     1.6474    6.73838     1.8083     0.0503    98.7515      7.488      18731          3  0.000e+00
          0    202.129    200.401   44.37712 -124.95272     7.3661     7.3692   3.480892   3.481178    34.0136    34.0137     1.0717     1.6399    6.73838     1.8388     0.0513    98.7253      7.488      18732          3  0.000e+00
          0    202.181    200.453   44.37712 -124.95272     7.3657     7.3689   3.480880   3.481149    34.0138    34.0136     1.0717     1.6395    6.73843     1.8388     0.0513    98.7253      7.493      18733          3  0.000e+00
          0    202.173    200.446   44.37712 -124.95272     7.3655     7.3692   3.480880   3.481164    34.0141    34.0135     1.0717     1.6391    6.73846     1.8388     0.0513    98.7253      7.493      18734          3  0.000e+00
          0    202.129    200.401   44.37712 -124.95272     7.3655     7.3689   3.480880   3.481171    34.0141    34.0139     1.0717     1.6387    6.73846     1.8083     0.0503    98.7515      7.493      18735          3  0.000e+00
          0    202.129    200.401   44.37712 -124.95272     7.3653     7.3692   3.480855   3.481153    34.0140    34.0134     1.0729     1.6423    6.73849     1.8083     0.0503    98.7515      7.488      18736          3  0.000e+00
          0    202.181    200.453   44.37712 -124.95272     7.3650     7.3692   3.480794   3.481164    34.0136    34.0136     1.0717     1.6384    6.73856     1.8083     0.0503    98.7515      7.488      18737          3  0.000e+00
          0    202.121    200.394   44.37712 -124.95272     7.3647     7.3692   3.480758   3.481128    34.0136    34.0131     1.0717     1.6380    6.73861     1.8388     0.0513    98.7253      7.488      18738          3  0.000e+00
          0    202.181    200.453   44.37712 -124.95272     7.3643     7.3691   3.480770   3.481139    34.0140    34.0134     1.0717     1.6376    6.73864     1.8388     0.0513    98.7253      7.493      18739          3  0.000e+00
          0    202.069    200.342   44.37712 -124.95272     7.3643     7.3688   3.480758   3.481125    34.0139    34.0135     1.0717     1.6371    6.73864     1.8388     0.0524    98.6990      7.493      18740          3  0.000e+00
          0    202.181    200.453   44.37712 -124.95272     7.3643     7.3691   3.480752   3.481139    34.0138    34.0134     1.0717     1.6367    6.73865     1.8083     0.0513    98.7253      7.493      18741          3  0.000e+00
          0    202.069    200.342   44.37712 -124.95272     7.3643     7.3688   3.480703   3.481125    34.0133    34.0135     1.0717     1.6368    6.73867     1.8083     0.0513    98.7253      7.488      18742          3  0.000e+00
          0    202.121    200.394   44.37712 -124.95272     7.3642     7.3691   3.480709   3.481139    34.0135    34.0134     1.0729     1.6409    6.73868     1.8083     0.0524    98.6990      7.488      18743          3  0.000e+00
          0    202.069    200.342   44.37712 -124.95272     7.3642     7.3688   3.480672   3.481164    34.0131    34.0140     1.0717     1.6375    6.73870     1.8388     0.0524    98.6990      7.488      18744          3  0.000e+00
          0    202.129    200.401   44.37712 -124.95272     7.3636     7.3689   3.480611   3.481149    34.0131    34.0136     1.0717     1.6371    6.73880     1.8388     0.0513    98.7253      7.493      18745          3  0.000e+00
          0    202.069    200.342   44.37712 -124.95272     7.3634     7.3689   3.480599   3.481164    34.0131    34.0138     1.0717     1.6367    6.73882     1.8388     0.0513    98.7253      7.493      18746          3  0.000e+00
          0    202.062    200.335   44.37712 -124.95272     7.3634     7.3689   3.480544   3.481132    34.0125    34.0135     1.0717     1.6369    6.73885     1.8388     0.0503    98.7515      7.493      18747          3  0.000e+00
          0    202.069    200.342   44.37712 -124.95272     7.3632     7.3689   3.480556   3.481139    34.0128    34.0135     1.0729     1.6405    6.73886     1.8083     0.0503    98.7515      7.493      18748          3  0.000e+00
          0    202.017    200.291   44.37712 -124.95272     7.3629     7.3688   3.480538   3.481125    34.0130    34.0136     1.0729     1.6412    6.73890     1.8083     0.0513    98.7253      7.488      18749          3  0.000e+00
          0    202.069    200.342   44.37712 -124.95272     7.3626     7.3689   3.480532   3.481096    34.0132    34.0131     1.0717     1.6372    6.73894     1.8083     0.0513    98.7253      7.488      18750          3  0.000e+00
