TN407/CTD Data/TN407_CTD-008.ros
* Sea-Bird SBE 9 Data File:
* FileName = C:\data\TN407\TN407_CTD_008hex.hex
* Software Version Seasave V 7.26.7.107
* Temperature SN = 2195
* Conductivity SN = 2903
* Number of Bytes Per Scan = 41
* Number of Voltage Words = 4
* Number of Scans Averaged by the Deck Unit = 1
* NMEA Latitude = 44 22.63 N
* NMEA Longitude = 124 57.16 W
* NMEA UTC (Time) = Sep 04 2022  03:29:45
* NMEA baud rate = 4800
** Cruise: TGT407
** Cast: 008
** Location: Oregon Offshore
** Date: 9-03-2022
** Water Depth: 573
** Operator: MW
# nquan = 21
# nvalues = 2328                                  
# units = specified
# name 0 = modError: Modulo Error Count
# name 1 = prDM: Pressure, Digiquartz [db]
# name 2 = depSM: Depth [salt water, m]
# name 3 = latitude: Latitude [deg]
# name 4 = longitude: Longitude [deg]
# name 5 = t090C: Temperature [ITS-90, deg C]
# name 6 = t190C: Temperature, 2 [ITS-90, deg C]
# name 7 = c0S/m: Conductivity [S/m]
# name 8 = c1S/m: Conductivity, 2 [S/m]
# name 9 = sal00: Salinity, Practical [PSU]
# name 10 = sal11: Salinity, Practical, 2 [PSU]
# name 11 = sbeox0V: Oxygen raw, SBE 43 [V]
# name 12 = sbeox0ML/L: Oxygen, SBE 43 [ml/l]
# name 13 = oxsolML/L: Oxygen Saturation, Garcia & Gordon [ml/l]
# name 14 = flECO-AFL: Fluorescence, WET Labs ECO-AFL/FL [mg/m^3]
# name 15 = CStarAt0: Beam Attenuation, WET Labs C-Star [1/m]
# name 16 = CStarTr0: Beam Transmission, WET Labs C-Star [%]
# name 17 = ph: pH
# name 18 = scan: Scan Count
# name 19 = nbf: Bottles Fired
# name 20 = flag:  0.000e+00
# interval = seconds: 0.0416667
# start_time = Sep 04 2022 03:29:45 [NMEA time, header]
# bad_flag = -9.990e-29
*END*
[from data line 1035]
          0    121.168    120.156   44.37712 -124.95272     7.9933     7.9988   3.521726   3.521846    33.8814    33.8773     1.4216     2.5870    6.64905     1.8083     0.0524    98.6990      7.620      33322         11  0.000e+00
          0    121.063    120.052   44.37712 -124.95272     7.9946     7.9991   3.521817   3.521875    33.8812    33.8774     1.4216     2.5868    6.64886     1.8083     0.0534    98.6728      7.620      33323         11  0.000e+00
          0    121.115    120.104   44.37712 -124.95272     7.9957     7.9978   3.521873   3.521778    33.8807    33.8776     1.4228     2.5907    6.64872     1.8083     0.0534    98.6728      7.620      33324         11  0.000e+00
          0    121.063    120.052   44.37712 -124.95272     7.9965     7.9977   3.521903   3.521725    33.8802    33.8772     1.4216     2.5871    6.64862     1.8083     0.0545    98.6466      7.620      33325         11  0.000e+00
          0    121.115    120.104   44.37712 -124.95272     7.9973     7.9975   3.521928   3.521718    33.8797    33.8772     1.4216     2.5870    6.64852     1.8083     0.0545    98.6466      7.620      33326         11  0.000e+00
          0    121.063    120.052   44.37712 -124.95272     7.9974     7.9972   3.521897   3.521718    33.8793    33.8776     1.4216     2.5869    6.64852     1.7778     0.0534    98.6728      7.620      33327         11  0.000e+00
          0    121.063    120.052   44.37712 -124.95272     7.9976     7.9973   3.521903   3.521739    33.8791    33.8777     1.4216     2.5868    6.64849     1.7473     0.0534    98.6728      7.620      33328         11  0.000e+00
          0    121.063    120.052   44.37712 -124.95272     7.9974     7.9982   3.521903   3.521786    33.8793    33.8774     1.4216     2.5867    6.64852     1.7473     0.0534    98.6728      7.620      33329         11  0.000e+00
          0    121.064    120.052   44.37712 -124.95272     7.9979     7.9984   3.521885   3.521778    33.8786    33.8770     1.4216     2.5866    6.64847     1.7473     0.0534    98.6728      7.620      33330         11  0.000e+00
          0    121.004    119.993   44.37712 -124.95272     7.9979     7.9984   3.521885   3.521793    33.8786    33.8772     1.4216     2.5865    6.64847     1.7473     0.0524    98.6990      7.620      33331         11  0.000e+00
          0    121.064    120.053   44.37712 -124.95272     7.9979     7.9983   3.521885   3.521778    33.8786    33.8771     1.4216     2.5869    6.64847     1.7778     0.0524    98.6990      7.620      33332         11  0.000e+00
          0    121.004    119.993   44.37712 -124.95272     7.9979     7.9986   3.521873   3.521793    33.8785    33.8770     1.4216     2.5869    6.64847     1.7473     0.0524    98.6990      7.620      33333         11  0.000e+00
          0    121.004    119.994   44.37712 -124.95272     7.9979     7.9980   3.521836   3.521757    33.8781    33.8773     1.4216     2.5868    6.64849     1.7778     0.0524    98.6990      7.620      33334         11  0.000e+00
          0    121.004    119.994   44.37712 -124.95272     7.9976     7.9970   3.521842   3.521682    33.8785    33.8774     1.4216     2.5868    6.64852     1.7778     0.0524    98.6990      7.620      33335         11  0.000e+00
          0    121.004    119.994   44.37712 -124.95272     7.9974     7.9973   3.521866   3.521764    33.8790    33.8780     1.4216     2.5867    6.64853     1.7778     0.0524    98.6990      7.620      33336         11  0.000e+00
          0    121.004    119.994   44.37712 -124.95272     7.9976     7.9982   3.521952   3.521839    33.8797    33.8780     1.4216     2.5866    6.64847     1.7778     0.0524    98.6990      7.620      33337         11  0.000e+00
          0    120.952    119.942   44.37712 -124.95272     7.9983     7.9984   3.522001   3.521896    33.8796    33.8783     1.4216     2.5870    6.64838     1.7778     0.0524    98.6990      7.614      33338         11  0.000e+00
          0    121.004    119.994   44.37712 -124.95272     7.9989     7.9999   3.521977   3.521949    33.8787    33.8774     1.4216     2.5869    6.64832     1.7778     0.0524    98.6990      7.620      33339         11  0.000e+00
          0    120.952    119.942   44.37712 -124.95272     7.9992     8.0007   3.521977   3.522085    33.8784    33.8781     1.4216     2.5869    6.64829     1.7778     0.0524    98.6990      7.620      33340         11  0.000e+00
          0    120.952    119.942   44.37712 -124.95272     7.9989     8.0018   3.522001   3.522149    33.8790    33.8777     1.4216     2.5868    6.64831     1.7473     0.0524    98.6990      7.620      33341         11  0.000e+00
          0    120.952    119.942   44.37712 -124.95272     7.9986     8.0016   3.522014   3.522156    33.8794    33.8781     1.4216     2.5868    6.64834     1.7473     0.0524    98.6990      7.620      33342         11  0.000e+00
          0    120.952    119.942   44.37712 -124.95272     7.9987     8.0018   3.521977   3.522135    33.8789    33.8776     1.4216     2.5868    6.64834     1.7473     0.0524    98.6990      7.620      33343         11  0.000e+00
          0    120.952    119.942   44.37712 -124.95272     7.9986     8.0022   3.521977   3.522149    33.8790    33.8774     1.4228     2.5907    6.64835     1.7473     0.0534    98.6728      7.620      33344         11  0.000e+00
          0    120.952    119.942   44.37712 -124.95272     7.9986     8.0017   3.521983   3.522092    33.8791    33.8772     1.4216     2.5871    6.64835     1.7473     0.0534    98.6728      7.620      33345         11  0.000e+00
          0    120.900    119.890   44.37712 -124.95272     7.9981     8.0011   3.521922   3.522053    33.8789    33.8775     1.4216     2.5871    6.64843     1.7473     0.0545    98.6466      7.620      33346         11  0.000e+00
          0    120.900    119.890   44.37712 -124.95272     7.9983     8.0009   3.521940   3.522067    33.8790    33.8778     1.4216     2.5870    6.64840     1.7473     0.0556    98.6204      7.620      33347         11  0.000e+00
          0    120.952    119.942   44.37712 -124.95272     7.9982     8.0017   3.521971   3.522070    33.8793    33.8770     1.4228     2.5909    6.64840     1.7473     0.0556    98.6204      7.620      33348         11  0.000e+00
          0    120.900    119.890   44.37712 -124.95272     7.9984     8.0017   3.521964   3.522113    33.8791    33.8775     1.4228     2.5913    6.64838     1.7473     0.0556    98.6204      7.620      33349         11  0.000e+00
          0    120.900    119.891   44.37712 -124.95272     7.9987     8.0025   3.522020   3.522188    33.8794    33.8775     1.4228     2.5916    6.64832     1.7778     0.0545    98.6466      7.620      33350         11  0.000e+00
          0    120.900    119.891   44.37712 -124.95272     7.9994     8.0025   3.522020   3.522188    33.8788    33.8775     1.4216     2.5880    6.64825     1.8388     0.0545    98.6466      7.620      33351         11  0.000e+00
          0    120.900    119.891   44.37712 -124.95272     7.9992     8.0028   3.522014   3.522224    33.8789    33.8776     1.4216     2.5879    6.64827     1.8388     0.0545    98.6466      7.620      33352         11  0.000e+00
          0    120.841    119.832   44.37712 -124.95272     7.9989     8.0032   3.521995   3.522238    33.8790    33.8774     1.4216     2.5878    6.64831     1.8388     0.0545    98.6466      7.620      33353         11  0.000e+00
          0    120.959    119.948   44.37712 -124.95272     8.0055     8.0057   3.522565   3.522494    33.8787    33.8776     1.4216     2.5840    6.64734     1.8083     0.0534    98.6728      7.620      33661         12  0.000e+00
          0    120.959    119.948   44.37712 -124.95272     8.0047     8.0055   3.522400   3.522420    33.8777    33.8771     1.4216     2.5839    6.64750     1.8083     0.0534    98.6728      7.620      33662         12  0.000e+00
          0    120.959    119.948   44.37712 -124.95272     8.0034     8.0038   3.522271   3.522277    33.8776    33.8772     1.4228     2.5878    6.64770     1.8083     0.0534    98.6728      7.620      33663         12  0.000e+00
          0    121.011    120.000   44.37712 -124.95272     8.0018     8.0030   3.522136   3.522152    33.8776    33.8766     1.4228     2.5882    6.64794     1.8083     0.0534    98.6728      7.620      33664         12  0.000e+00
          0    121.011    120.000   44.37712 -124.95272     8.0007     8.0017   3.522081   3.522063    33.8781    33.8769     1.4228     2.5885    6.64808     1.8083     0.0524    98.6990      7.625      33665         12  0.000e+00
          0    121.011    120.000   44.37712 -124.95272     7.9997     8.0006   3.522026   3.521921    33.8785    33.8765     1.4228     2.5889    6.64821     1.8083     0.0524    98.6990      7.625      33666         12  0.000e+00
          0    121.011    120.000   44.37712 -124.95272     7.9987     7.9994   3.521952   3.521839    33.8786    33.8767     1.4228     2.5893    6.64835     1.8083     0.0524    98.6990      7.625      33667         12  0.000e+00
          0    121.070    120.059   44.37712 -124.95272     7.9983     7.9989   3.521897   3.521807    33.8784    33.8768     1.4216     2.5857    6.64843     1.8388     0.0534    98.6728      7.625      33668         12  0.000e+00
          0    121.070    120.059   44.37712 -124.95272     7.9971     7.9982   3.521811   3.521757    33.8786    33.8770     1.4216     2.5857    6.64859     1.8388     0.0534    98.6728      7.625      33669         12  0.000e+00
          0    121.123    120.111   44.37712 -124.95272     7.9968     7.9970   3.521799   3.521704    33.8788    33.8775     1.4216     2.5856    6.64863     1.8388     0.0534    98.6728      7.620      33670         12  0.000e+00
          0    121.123    120.111   44.37712 -124.95272     7.9962     7.9966   3.521768   3.521647    33.8791    33.8774     1.4216     2.5855    6.64872     1.8388     0.0534    98.6728      7.620      33671         12  0.000e+00
          0    121.123    120.111   44.37712 -124.95272     7.9960     7.9961   3.521738   3.521636    33.8789    33.8777     1.4216     2.5855    6.64875     1.8388     0.0534    98.6728      7.625      33672         12  0.000e+00
          0    121.175    120.163   44.37712 -124.95272     7.9955     7.9962   3.521695   3.521657    33.8789    33.8778     1.4216     2.5850    6.64882     1.8083     0.0545    98.6466      7.620      33673         12  0.000e+00
          0    121.175    120.163   44.37712 -124.95272     7.9952     7.9962   3.521719   3.521600    33.8794    33.8772     1.4216     2.5845    6.64884     1.8083     0.0556    98.6204      7.620      33674         12  0.000e+00
          0    121.175    120.163   44.37712 -124.95272     7.9952     7.9961   3.521775   3.521600    33.8800    33.8773     1.4216     2.5839    6.64882     1.8083     0.0566    98.5941      7.620      33675         12  0.000e+00
          0    121.234    120.222   44.37712 -124.95272     7.9955     7.9961   3.521768   3.521650    33.8796    33.8778     1.4216     2.5834    6.64879     1.8083     0.0566    98.5941      7.620      33676         12  0.000e+00
          0    121.234    120.222   44.37712 -124.95272     7.9955     7.9959   3.521701   3.521622    33.8789    33.8777     1.4216     2.5834    6.64882     1.8083     0.0566    98.5941      7.620      33677         12  0.000e+00
          0    121.175    120.163   44.37712 -124.95272     7.9954     7.9957   3.521719   3.521629    33.8793    33.8780     1.4216     2.5833    6.64882     1.8083     0.0556    98.6204      7.625      33678         12  0.000e+00
          0    121.286    120.274   44.37712 -124.95272     7.9951     7.9957   3.521732   3.521572    33.8797    33.8773     1.4216     2.5833    6.64886     1.8083     0.0556    98.6204      7.625      33679         12  0.000e+00
          0    121.286    120.274   44.37712 -124.95272     7.9952     7.9954   3.521787   3.521576    33.8801    33.8777     1.4216     2.5833    6.64881     1.8388     0.0545    98.6466      7.625      33680         12  0.000e+00
          0    121.287    120.274   44.37712 -124.95272     7.9955     7.9952   3.521842   3.521561    33.8804    33.8777     1.4216     2.5833    6.64875     1.8388     0.0556    98.6204      7.625      33681         12  0.000e+00
          0    121.287    120.274   44.37712 -124.95272     7.9958     7.9952   3.521873   3.521554    33.8804    33.8776     1.4216     2.5833    6.64870     1.8388     0.0545    98.6466      7.625      33682         12  0.000e+00
          0    121.339    120.325   44.37712 -124.95272     7.9962     7.9956   3.521848   3.521615    33.8798    33.8779     1.4216     2.5834    6.64868     1.8388     0.0545    98.6466      7.625      33683         12  0.000e+00
          0    121.339    120.325   44.37712 -124.95272     7.9958     7.9966   3.521756   3.521675    33.8791    33.8776     1.4216     2.5835    6.64876     1.8388     0.0534    98.6728      7.625      33684         12  0.000e+00
          0    121.287    120.274   44.37712 -124.95272     7.9951     7.9973   3.521658   3.521750    33.8789    33.8777     1.4216     2.5836    6.64889     1.8388     0.0534    98.6728      7.625      33685         12  0.000e+00
          0    121.398    120.384   44.37712 -124.95272     7.9944     7.9983   3.521548   3.521853    33.8783    33.8778     1.4204     2.5799    6.64901     1.8388     0.0524    98.6990      7.620      33686         12  0.000e+00
          0    121.339    120.325   44.37712 -124.95272     7.9937     7.9986   3.521536   3.521860    33.8788    33.8776     1.4204     2.5796    6.64909     1.8083     0.0524    98.6990      7.620      33687         12  0.000e+00
          0    121.398    120.384   44.37712 -124.95272     7.9933     7.9983   3.521493   3.521832    33.8788    33.8776     1.4216     2.5833    6.64916     1.8083     0.0524    98.6990      7.620      33688         12  0.000e+00
          0    121.398    120.384   44.37712 -124.95272     7.9930     7.9975   3.521456   3.521704    33.8787    33.8769     1.4216     2.5836    6.64921     1.8083     0.0524    98.6990      7.625      33689         12  0.000e+00
          0    121.398    120.384   44.37712 -124.95272     7.9926     7.9946   3.521456   3.521579    33.8790    33.8784     1.4216     2.5833    6.64925     1.8083     0.0524    98.6990      7.625      33690         12  0.000e+00
          0    121.398    120.384   44.37712 -124.95272     7.9925     7.9934   3.521450   3.521430    33.8791    33.8780     1.4216     2.5831    6.64927     1.8388     0.0524    98.6990      7.625      33691         12  0.000e+00
          0    121.450    120.436   44.37712 -124.95272     7.9922     7.9933   3.521425   3.521308    33.8791    33.8768     1.4216     2.5829    6.64931     1.8388     0.0534    98.6728      7.625      33692         12  0.000e+00
          0    121.398    120.384   44.37712 -124.95272     7.9922     7.9928   3.521425   3.521284    33.8791    33.8770     1.4216     2.5831    6.64931     1.8388     0.0534    98.6728      7.625      33693         12  0.000e+00
          0    121.451    120.436   44.37712 -124.95272     7.9922     7.9910   3.521419   3.521284    33.8791    33.8787     1.4204     2.5795    6.64932     1.8388     0.0534    98.6728      7.625      33694         12  0.000e+00
          0    121.451    120.436   44.37712 -124.95272     7.9922     7.9906   3.521419   3.521219    33.8791    33.8785     1.4204     2.5793    6.64932     1.8388     0.0545    98.6466      7.625      33695         12  0.000e+00
          0    121.451    120.436   44.37712 -124.95272     7.9922     7.9906   3.521401   3.521180    33.8789    33.8780     1.4204     2.5792    6.64932     1.8388     0.0534    98.6728      7.625      33696         12  0.000e+00
