TN407/CTD Data/TN407_CTD-009.ros
* Sea-Bird SBE 9 Data File:
* FileName = C:\data\TN407\TN407_CTD_009hex.hex
* Software Version Seasave V 7.26.7.107
* Temperature SN = 2195
* Conductivity SN = 2903
* Number of Bytes Per Scan = 41
* Number of Voltage Words = 4
* Number of Scans Averaged by the Deck Unit = 1
* NMEA Latitude = 44 31.88 N
* NMEA Longitude = 125 23.00 W
* NMEA UTC (Time) = Sep 15 2022  22:36:55
* NMEA baud rate = 4800
** Cruise: TGT407
** Cast: 009
** Location: Slope Base
** Date: 9-15-2022
** Water Depth: 2905
** Operator: JN
# nquan = 21
# nvalues = 2328                                  
# units = specified
# name 0 = modError: Modulo Error Count
# name 1 = prDM: Pressure, Digiquartz [db]
# name 2 = depSM: Depth [salt water, m]
# name 3 = latitude: Latitude [deg]
# name 4 = longitude: Longitude [deg]
# name 5 = t090C: Temperature [ITS-90, deg C]
# name 6 = t190C: Temperature, 2 [ITS-90, deg C]
# name 7 = c0S/m: Conductivity [S/m]
# name 8 = c1S/m: Conductivity, 2 [S/m]
# name 9 = sal00: Salinity, Practical [PSU]
# name 10 = sal11: Salinity, Practical, 2 [PSU]
# name 11 = sbeox0V: Oxygen raw, SBE 43 [V]
# name 12 = sbeox0ML/L: Oxygen, SBE 43 [ml/l]
# name 13 = oxsolML/L: Oxygen Saturation, Garcia & Gordon [ml/l]
# name 14 = flECO-AFL: Fluorescence, WET Labs ECO-AFL/FL [mg/m^3]
# name 15 = CStarAt0: Beam Attenuation, WET Labs C-Star [1/m]
# name 16 = CStarTr0: Beam Transmission, WET Labs C-Star [%]
# name 17 = ph: pH
# name 18 = scan: Scan Count
# name 19 = nbf: Bottles Fired
# name 20 = flag:  0.000e+00
# interval = seconds: 0.0416667
# start_time = Sep 15 2022 22:36:55 [NMEA time, header]
# bad_flag = -9.990e-29
*END*
[from data line 276]
          0    201.987    200.258   44.53132 -125.38326     7.3926     7.3904   3.477902   3.477578    33.9553    33.9539     1.2367     2.1154    6.73690     1.8388     0.0471    98.8302      7.649      36906          3  0.000e+00
          0    202.039    200.310   44.53132 -125.38326     7.3918     7.3919   3.477792   3.477745    33.9549    33.9542     1.2367     2.1155    6.73704     1.8083     0.0471    98.8302      7.649      36907          3  0.000e+00
          0    201.987    200.258   44.53132 -125.38326     7.3913     7.3927   3.477750   3.477816    33.9549    33.9542     1.2367     2.1151    6.73711     1.8388     0.0481    98.8040      7.654      36908          3  0.000e+00
          0    201.979    200.250   44.53132 -125.38326     7.3908     7.3923   3.477756   3.477759    33.9554    33.9540     1.2355     2.1107    6.73716     1.8388     0.0481    98.8040      7.649      36909          3  0.000e+00
          0    201.987    200.258   44.53132 -125.38326     7.3906     7.3901   3.477725   3.477639    33.9553    33.9549     1.2367     2.1138    6.73720     1.8083     0.0481    98.8040      7.649      36910          3  0.000e+00
          0    202.039    200.310   44.53132 -125.38326     7.3910     7.3885   3.477768   3.477504    33.9554    33.9549     1.2355     2.1099    6.73714     1.8083     0.0481    98.8040      7.654      36911          3  0.000e+00
          0    201.987    200.258   44.53132 -125.38326     7.3910     7.3877   3.477804   3.477387    33.9558    33.9545     1.2355     2.1095    6.73712     1.8083     0.0471    98.8302      7.649      36912          3  0.000e+00
          0    201.987    200.258   44.53132 -125.38326     7.3913     7.3879   3.477774   3.477362    33.9551    33.9540     1.2367     2.1127    6.73710     1.8083     0.0471    98.8302      7.654      36913          3  0.000e+00
          0    202.039    200.310   44.53132 -125.38326     7.3913     7.3892   3.477774   3.477454    33.9551    33.9537     1.2355     2.1084    6.73710     1.8388     0.0471    98.8302      7.649      36914          3  0.000e+00
          0    201.987    200.258   44.53132 -125.38326     7.3913     7.3899   3.477743   3.477575    33.9548    33.9543     1.2355     2.1076    6.73712     1.8388     0.0460    98.8564      7.649      36915          3  0.000e+00
          0    202.039    200.310   44.53132 -125.38326     7.3908     7.3904   3.477670   3.477628    33.9545    33.9545     1.2355     2.1069    6.73721     1.8083     0.0460    98.8564      7.649      36916          3  0.000e+00
          0    201.987    200.258   44.53132 -125.38326     7.3902     7.3909   3.477640   3.477653    33.9548    33.9542     1.2355     2.1067    6.73729     1.8388     0.0471    98.8302      7.654      36917          3  0.000e+00
          0    201.987    200.258   44.53132 -125.38326     7.3899     7.3911   3.477646   3.477681    33.9551    33.9543     1.2355     2.1065    6.73732     1.8388     0.0471    98.8302      7.649      36918          3  0.000e+00
          0    202.039    200.310   44.53132 -125.38326     7.3900     7.3911   3.477664   3.477706    33.9552    33.9546     1.2342     2.1018    6.73730     1.8083     0.0471    98.8302      7.649      36919          3  0.000e+00
          0    202.039    200.310   44.53132 -125.38326     7.3898     7.3912   3.477652   3.477692    33.9552    33.9543     1.2355     2.1052    6.73732     1.8388     0.0471    98.8302      7.649      36920          3  0.000e+00
          0    201.825    200.097   44.53132 -125.38328     7.3919     7.3954   3.477701   3.477975    33.9538    33.9534     1.2269     2.0871    6.73706     1.8083     0.0460    98.8564      7.649      37174          4  0.000e+00
          0    201.765    200.038   44.53132 -125.38326     7.3921     7.3946   3.477664   3.477901    33.9533    33.9534     1.2269     2.0867    6.73706     1.8388     0.0471    98.8302      7.649      37175          4  0.000e+00
          0    201.765    200.038   44.53132 -125.38326     7.3912     7.3937   3.477499   3.477833    33.9524    33.9536     1.2269     2.0865    6.73724     1.8083     0.0471    98.8302      7.649      37176          4  0.000e+00
          0    201.765    200.038   44.53132 -125.38326     7.3903     7.3941   3.477341   3.477801    33.9515    33.9528     1.2281     2.0902    6.73741     1.8083     0.0460    98.8564      7.654      37177          4  0.000e+00
          0    201.765    200.038   44.53132 -125.38326     7.3889     7.3939   3.477231   3.477794    33.9517    33.9529     1.2269     2.0869    6.73762     1.8388     0.0471    98.8302      7.654      37178          4  0.000e+00
          0    201.713    199.986   44.53132 -125.38326     7.3877     7.3935   3.477097   3.477794    33.9514    33.9534     1.2281     2.0907    6.73781     1.8083     0.0471    98.8302      7.649      37179          4  0.000e+00
          0    201.705    199.979   44.53132 -125.38326     7.3871     7.3937   3.477097   3.477773    33.9521    33.9529     1.2269     2.0873    6.73788     1.8083     0.0471    98.8302      7.649      37180          4  0.000e+00
          0    201.713    199.986   44.53132 -125.38326     7.3874     7.3942   3.477121   3.477787    33.9520    33.9526     1.2269     2.0875    6.73784     1.7778     0.0460    98.8564      7.649      37181          4  0.000e+00
          0    201.713    199.986   44.53132 -125.38326     7.3874     7.3949   3.477207   3.477904    33.9529    33.9532     1.2269     2.0872    6.73780     1.7473     0.0460    98.8564      7.654      37182          4  0.000e+00
          0    201.713    199.986   44.53132 -125.38326     7.3879     7.3949   3.477243   3.477932    33.9529    33.9535     1.2269     2.0868    6.73773     1.7473     0.0471    98.8302      7.649      37183          4  0.000e+00
          0    201.653    199.927   44.53132 -125.38326     7.3884     7.3949   3.477237   3.477886    33.9523    33.9530     1.2281     2.0905    6.73767     1.7473     0.0471    98.8302      7.649      37184          4  0.000e+00
          0    201.713    199.986   44.53132 -125.38326     7.3881     7.3935   3.477176   3.477752    33.9519    33.9529     1.2269     2.0872    6.73773     1.7778     0.0503    98.7515      7.649      37185          4  0.000e+00
          0    201.661    199.935   44.53132 -125.38326     7.3874     7.3932   3.477072   3.477692    33.9515    33.9526     1.2281     2.0910    6.73786     1.7473     0.0524    98.6990      7.649      37186          4  0.000e+00
          0    201.661    199.935   44.53132 -125.38326     7.3864     7.3930   3.476896   3.477624    33.9505    33.9520     1.2281     2.0917    6.73805     1.7778     0.0524    98.6990      7.654      37187          4  0.000e+00
          0    201.661    199.935   44.53132 -125.38326     7.3839     7.3939   3.476438   3.477607    33.9481    33.9509     1.2269     2.0880    6.73855     1.7473     0.0503    98.7515      7.649      37188          4  0.000e+00
          0    201.601    199.875   44.53132 -125.38326     7.3794     7.3933   3.475871   3.477522    33.9463    33.9506     1.2281     2.0924    6.73931     1.7778     0.0503    98.7515      7.654      37189          4  0.000e+00
          0    201.661    199.935   44.53132 -125.38326     7.3772     7.3913   3.475548   3.477394    33.9450    33.9511     1.2269     2.0892    6.73972     1.7473     0.0481    98.8040      7.649      37190          4  0.000e+00
          0    201.601    199.875   44.53132 -125.38326     7.3759     7.3904   3.475438   3.477320    33.9451    33.9513     1.2281     2.0930    6.73991     1.7778     0.0481    98.8040      7.654      37191          4  0.000e+00
          0    201.601    199.875   44.53132 -125.38326     7.3762     7.3903   3.475426   3.477288    33.9446    33.9510     1.2269     2.0896    6.73988     1.7778     0.0481    98.8040      7.649      37192          4  0.000e+00
          0    201.653    199.927   44.53132 -125.38326     7.3760     7.3899   3.475426   3.477252    33.9448    33.9511     1.2281     2.0934    6.73990     1.7473     0.0481    98.8040      7.654      37193          4  0.000e+00
          0    201.601    199.876   44.53132 -125.38326     7.3757     7.3898   3.475426   3.477210    33.9451    33.9507     1.2269     2.0900    6.73994     1.7778     0.0481    98.8040      7.649      37194          4  0.000e+00
          0    201.549    199.824   44.53132 -125.38326     7.3754     7.3890   3.475359   3.477118    33.9447    33.9505     1.2269     2.0897    6.74000     1.7473     0.0471    98.8302      7.649      37195          4  0.000e+00
          0    201.601    199.876   44.53132 -125.38326     7.3744     7.3885   3.475304   3.477029    33.9450    33.9500     1.2269     2.0895    6.74014     1.7778     0.0471    98.8302      7.654      37196          4  0.000e+00
          0    201.549    199.824   44.53132 -125.38326     7.3736     7.3872   3.475279   3.476849    33.9456    33.9493     1.2269     2.0892    6.74023     1.7473     0.0471    98.8302      7.649      37197          4  0.000e+00
          0    201.601    199.876   44.53132 -125.38326     7.3735     7.3847   3.475340   3.476491    33.9463    33.9479     1.2281     2.0934    6.74022     1.7778     0.0471    98.8302      7.649      37198          4  0.000e+00
          0    201.601    199.876   44.53132 -125.38326     7.3732     7.3805   3.475365   3.476105    33.9469    33.9478     1.2269     2.0896    6.74025     1.7778     0.0471    98.8302      7.649      37199          4  0.000e+00
          0    201.549    199.824   44.53132 -125.38326     7.3735     7.3793   3.475481   3.475893    33.9479    33.9466     1.2281     2.0938    6.74016     1.7473     0.0460    98.8564      7.654      37200          4  0.000e+00
          0    201.549    199.824   44.53132 -125.38326     7.3740     7.3779   3.475517   3.475769    33.9478    33.9467     1.2269     2.0904    6.74008     1.7778     0.0471    98.8302      7.649      37201          4  0.000e+00
          0    201.541    199.816   44.53132 -125.38326     7.3741     7.3761   3.475560   3.475641    33.9481    33.9471     1.2281     2.0942    6.74005     1.7473     0.0471    98.8302      7.649      37202          4  0.000e+00
          0    201.549    199.824   44.53132 -125.38326     7.3743     7.3755   3.475536   3.475670    33.9477    33.9480     1.2269     2.0903    6.74004     1.7473     0.0481    98.8040      7.654      37203          4  0.000e+00
          0    201.549    199.824   44.53132 -125.38326     7.3748     7.3761   3.475517   3.475627    33.9471    33.9469     1.2281     2.0940    6.74000     1.7473     0.0471    98.8302      7.649      37204          4  0.000e+00
          0    201.549    199.824   44.53132 -125.38326     7.3745     7.3769   3.475383   3.475648    33.9459    33.9464     1.2281     2.0942    6.74009     1.8083     0.0471    98.8302      7.654      37205          4  0.000e+00
          0    201.549    199.824   44.53132 -125.38326     7.3740     7.3769   3.475334   3.475723    33.9458    33.9471     1.2269     2.0904    6.74017     1.8083     0.0471    98.8302      7.649      37206          4  0.000e+00
          0    201.541    199.816   44.53132 -125.38326     7.3740     7.3784   3.475359   3.475787    33.9461    33.9465     1.2281     2.0940    6.74016     1.7778     0.0471    98.8302      7.649      37207          4  0.000e+00
          0    201.497    199.772   44.53132 -125.38326     7.3741     7.3788   3.475438   3.475779    33.9468    33.9459     1.2269     2.0906    6.74010     1.8083     0.0471    98.8302      7.649      37208          4  0.000e+00
          0    201.549    199.824   44.53132 -125.38326     7.3746     7.3801   3.475499   3.475811    33.9470    33.9450     1.2281     2.0943    6.74002     1.7778     0.0460    98.8564      7.649      37209          4  0.000e+00
          0    201.549    199.824   44.53132 -125.38326     7.3751     7.3806   3.475590   3.475847    33.9475    33.9449     1.2269     2.0903    6.73993     1.8083     0.0471    98.8302      7.654      37210          4  0.000e+00
          0    201.489    199.765   44.53132 -125.38326     7.3761     7.3792   3.475676   3.475872    33.9475    33.9466     1.2281     2.0939    6.73977     1.7778     0.0460    98.8564      7.649      37211          4  0.000e+00
          0    201.549    199.824   44.53132 -125.38326     7.3764     7.3784   3.475706   3.475857    33.9475    33.9472     1.2269     2.0905    6.73973     1.8083     0.0460    98.8564      7.654      37212          4  0.000e+00
          0    201.497    199.772   44.53132 -125.38326     7.3760     7.3772   3.475840   3.475811    33.9493    33.9479     1.2281     2.0942    6.73970     1.7778     0.0460    98.8564      7.649      37213          4  0.000e+00
          0    201.549    199.824   44.53132 -125.38326     7.3773     7.3761   3.476011   3.475716    33.9499    33.9479     1.2269     2.0902    6.73948     1.8083     0.0460    98.8564      7.654      37214          4  0.000e+00
          0    201.549    199.824   44.53132 -125.38326     7.3786     7.3755   3.476109   3.475627    33.9497    33.9475     1.2269     2.0902    6.73929     1.7778     0.0460    98.8564      7.649      37215          4  0.000e+00
          0    201.489    199.765   44.53132 -125.38326     7.3782     7.3755   3.476115   3.475631    33.9502    33.9476     1.2281     2.0939    6.73933     1.8083     0.0460    98.8564      7.654      37216          4  0.000e+00
          0    201.549    199.824   44.53132 -125.38326     7.3782     7.3758   3.476103   3.475638    33.9501    33.9474     1.2269     2.0905    6.73934     1.8083     0.0460    98.8564      7.654      37217          4  0.000e+00
          0    201.497    199.772   44.53132 -125.38326     7.3786     7.3765   3.476133   3.475638    33.9500    33.9467     1.2269     2.0901    6.73927     1.7778     0.0460    98.8564      7.649      37218          4  0.000e+00
          0    201.601    199.876   44.53132 -125.38326     7.3807     7.3779   3.476298   3.475595    33.9497    33.9448     1.2281     2.0942    6.73897     1.8083     0.0460    98.8564      7.654      37219          4  0.000e+00
          0    201.430    199.706   44.53132 -125.38326     7.3815     7.3769   3.476450   3.475542    33.9506    33.9452     1.2269     2.0902    6.73880     1.8083     0.0471    98.8302      7.654      37220          4  0.000e+00
          0    201.549    199.824   44.53132 -125.38326     7.3807     7.3758   3.476499   3.475507    33.9519    33.9460     1.2269     2.0898    6.73887     1.7778     0.0460    98.8564      7.649      37221          4  0.000e+00
          0    201.497    199.772   44.53132 -125.38326     7.3812     7.3750   3.476377   3.475461    33.9501    33.9462     1.2281     2.0930    6.73887     1.7778     0.0460    98.8564      7.654      37222          4  0.000e+00
          0    201.601    199.876   44.53132 -125.38326     7.3821     7.3748   3.476347   3.475468    33.9488    33.9464     1.2269     2.0890    6.73879     1.8083     0.0471    98.8302      7.654      37223          4  0.000e+00
          0    201.437    199.713   44.53132 -125.38326     7.3826     7.3758   3.476426   3.475496    33.9493    33.9459     1.2269     2.0886    6.73869     1.7778     0.0460    98.8564      7.649      37224          4  0.000e+00
          0    201.601    199.876   44.53132 -125.38326     7.3836     7.3765   3.476542   3.475482    33.9495    33.9450     1.2281     2.0922    6.73853     1.7778     0.0460    98.8564      7.654      37225          4  0.000e+00
          0    201.497    199.772   44.53132 -125.38326     7.3831     7.3761   3.476645   3.475535    33.9512    33.9460     1.2269     2.0887    6.73853     1.7778     0.0460    98.8564      7.654      37226          4  0.000e+00
