TN422/CTD Data/TN-422_CTD-006.ros
* Sea-Bird SBE 9 Data File:
* FileName = C:\data\TN422\TN-422_CTD_06.hex
* Software Version Seasave V 7.26.7.107
* Temperature SN = 2195
* Conductivity SN = 2903
* Number of Bytes Per Scan = 41
* Number of Voltage Words = 4
* Number of Scans Averaged by the Deck Unit = 1
* NMEA Latitude = 44 22.35 N
* NMEA Longitude = 124 57.08 W
* NMEA UTC (Time) = Sep 11 2023  06:29:27
* NMEA baud rate = 4800
** Cruise: TN-422_CTD_06
** Cast: CTD_03_RS03AXPD
** Location: Endurance Off Shore
** Date: Sep 11, 2023
** Water Depth: 571
** Operator: jn
** Post DP Mooring Re=deployment
# nquan = 20
# nvalues = 2328                                  
# units = specified
# name 0 = modError: Modulo Error Count
# name 1 = prDM: Pressure, Digiquartz [db]
# name 2 = depSM: Depth [salt water, m]
# name 3 = latitude: Latitude [deg]
# name 4 = longitude: Longitude [deg]
# name 5 = t090C: Temperature [ITS-90, deg C]
# name 6 = t190C: Temperature, 2 [ITS-90, deg C]
# name 7 = c0S/m: Conductivity [S/m]
# name 8 = c1S/m: Conductivity, 2 [S/m]
# name 9 = sal00: Salinity, Practical [PSU]
# name 10 = sal11: Salinity, Practical, 2 [PSU]
# name 11 = sbeox0V: Oxygen raw, SBE 43 [V]
# name 12 = sbeox0ML/L: Oxygen, SBE 43 [ml/l]
# name 13 = oxsolML/L: Oxygen Saturation, Garcia & Gordon [ml/l]
# name 14 = flECO-AFL: Fluorescence, WET Labs ECO-AFL/FL [mg/m^3]
# name 15 = CStarAt0: Beam Attenuation, WET Labs C-Star [1/m]
# name 16 = CStarTr0: Beam Transmission, WET Labs C-Star [%]
# name 17 = scan: Scan Count
# name 18 = nbf: Bottles Fired
# name 19 = flag:  0.000e+00
# interval = seconds: 0.0416667
# start_time = Sep 11 2023 06:29:27 [NMEA time, header]
# bad_flag = -9.990e-29
*END*
[from data line 2028]
          0    226.717    224.766   44.37252 -124.95138     7.5823     7.5844   3.497175   3.497177    33.9667    33.9646     1.2515     2.2487    6.70740    -0.0533     0.0237    99.4098      77083         21  0.000e+00
          0    226.732    224.781   44.37252 -124.95138     7.5824     7.5843   3.497175   3.497198    33.9666    33.9650     1.2503     2.2447    6.70738    -0.0460     0.0248    99.3826      77084         21  0.000e+00
          0    226.732    224.781   44.37252 -124.95138     7.5828     7.5843   3.497248   3.497170    33.9670    33.9647     1.2515     2.2491    6.70731    -0.0460     0.0248    99.3826      77085         21  0.000e+00
          0    226.717    224.766   44.37252 -124.95138     7.5829     7.5843   3.497273   3.497177    33.9672    33.9648     1.2515     2.2493    6.70728    -0.0460     0.0248    99.3826      77086         21  0.000e+00
          0    226.672    224.722   44.37252 -124.95138     7.5832     7.5848   3.497291   3.497205    33.9671    33.9646     1.2515     2.2496    6.70724    -0.0533     0.0248    99.3826      77087         21  0.000e+00
          0    226.732    224.781   44.37252 -124.95138     7.5836     7.5848   3.497322   3.497212    33.9671    33.9647     1.2515     2.2498    6.70719    -0.0460     0.0248    99.3826      77088         21  0.000e+00
          0    226.620    224.670   44.37252 -124.95138     7.5837     7.5851   3.497309   3.497251    33.9668    33.9648     1.2515     2.2500    6.70718    -0.0460     0.0248    99.3826      77089         21  0.000e+00
          0    226.665    224.715   44.37252 -124.95138     7.5839     7.5853   3.497321   3.497305    33.9668    33.9652     1.2515     2.2502    6.70715    -0.0460     0.0248    99.3826      77090         21  0.000e+00
          0    226.620    224.670   44.37252 -124.95138     7.5839     7.5858   3.497334   3.497319    33.9669    33.9649     1.2515     2.2500    6.70715    -0.0460     0.0259    99.3555      77091         21  0.000e+00
          0    226.901    224.949   44.37252 -124.95138     7.5836     7.5817   3.497279   3.496903    33.9665    33.9643     1.2503     2.2441    6.70721    -0.0387     0.0237    99.4098      77728         22  0.000e+00
          0    226.916    224.964   44.37252 -124.95138     7.5836     7.5816   3.497218   3.496886    33.9658    33.9642     1.2503     2.2441    6.70724    -0.0387     0.0237    99.4098      77729         22  0.000e+00
          0    226.864    224.912   44.37252 -124.95138     7.5829     7.5812   3.497205   3.496907    33.9664    33.9648     1.2503     2.2441    6.70732    -0.0387     0.0237    99.4098      77730         22  0.000e+00
          0    226.864    224.912   44.37252 -124.95138     7.5826     7.5816   3.497181   3.496932    33.9664    33.9647     1.2503     2.2441    6.70736    -0.0460     0.0248    99.3826      77731         22  0.000e+00
          0    226.849    224.897   44.37252 -124.95138     7.5823     7.5819   3.497126   3.496960    33.9661    33.9647     1.2503     2.2440    6.70743    -0.0387     0.0248    99.3826      77732         22  0.000e+00
          0    226.864    224.912   44.37252 -124.95138     7.5816     7.5822   3.497065   3.497028    33.9661    33.9651     1.2515     2.2483    6.70752    -0.0387     0.0248    99.3826      77733         22  0.000e+00
          0    226.805    224.853   44.37252 -124.95138     7.5813     7.5828   3.497053   3.497070    33.9663    33.9650     1.2503     2.2444    6.70756    -0.0460     0.0259    99.3555      77734         22  0.000e+00
          0    226.849    224.897   44.37252 -124.95138     7.5812     7.5833   3.497028   3.497116    33.9662    33.9650     1.2503     2.2444    6.70759    -0.0460     0.0259    99.3555      77735         22  0.000e+00
          0    226.805    224.853   44.37252 -124.95138     7.5812     7.5834   3.497089   3.497088    33.9668    33.9647     1.2515     2.2485    6.70756    -0.0460     0.0259    99.3555      77736         22  0.000e+00
          0    226.752    224.801   44.37252 -124.95138     7.5816     7.5835   3.497132   3.497095    33.9669    33.9646     1.2515     2.2489    6.70749    -0.0387     0.0248    99.3826      77737         22  0.000e+00
          0    226.797    224.846   44.37252 -124.95138     7.5818     7.5837   3.497144   3.497102    33.9668    33.9646     1.2503     2.2450    6.70747    -0.0387     0.0248    99.3826      77738         22  0.000e+00
          0    226.805    224.853   44.37252 -124.95138     7.5824     7.5837   3.497218   3.497124    33.9670    33.9648     1.2503     2.2453    6.70736    -0.0387     0.0248    99.3826      77739         22  0.000e+00
          0    226.753    224.801   44.37252 -124.95138     7.5831     7.5837   3.497285   3.497120    33.9671    33.9648     1.2503     2.2457    6.70726    -0.0387     0.0259    99.3555      77740         22  0.000e+00
          0    226.753    224.802   44.37252 -124.95138     7.5836     7.5837   3.497279   3.497148    33.9666    33.9651     1.2503     2.2461    6.70721    -0.0387     0.0259    99.3555      77741         22  0.000e+00
          0    226.685    224.735   44.37252 -124.95138     7.5837     7.5841   3.497291   3.497159    33.9666    33.9647     1.2503     2.2465    6.70719    -0.0387     0.0259    99.3555      77742         22  0.000e+00
          0    226.753    224.802   44.37252 -124.95138     7.5837     7.5841   3.497303   3.497138    33.9667    33.9645     1.2503     2.2465    6.70718    -0.0387     0.0259    99.3555      77743         22  0.000e+00
          0    226.693    224.743   44.37252 -124.95138     7.5839     7.5844   3.497279   3.497152    33.9663    33.9644     1.2515     2.2506    6.70718    -0.0387     0.0259    99.3555      77744         22  0.000e+00
          0    226.686    224.735   44.37252 -124.95138     7.5839     7.5844   3.497315   3.497198    33.9667    33.9649     1.2503     2.2468    6.70716    -0.0387     0.0259    99.3555      77745         22  0.000e+00
          0    226.693    224.743   44.37252 -124.95138     7.5837     7.5844   3.497285   3.497170    33.9665    33.9646     1.2515     2.2510    6.70719    -0.0387     0.0259    99.3555      77746         22  0.000e+00
          0    226.693    224.743   44.37252 -124.95138     7.5834     7.5840   3.497273   3.497138    33.9667    33.9646     1.2515     2.2514    6.70723    -0.0387     0.0259    99.3555      77747         22  0.000e+00
          0    226.641    224.691   44.37252 -124.95138     7.5832     7.5840   3.497273   3.497152    33.9669    33.9648     1.2515     2.2518    6.70725    -0.0387     0.0259    99.3555      77748         22  0.000e+00
          0    226.686    224.735   44.37252 -124.95138     7.5834     7.5838   3.497273   3.497138    33.9667    33.9649     1.2503     2.2479    6.70723    -0.0387     0.0259    99.3555      77749         22  0.000e+00
          0    226.641    224.691   44.37252 -124.95138     7.5834     7.5843   3.497248   3.497191    33.9665    33.9650     1.2503     2.2478    6.70724    -0.0387     0.0259    99.3555      77750         22  0.000e+00
          0    226.641    224.691   44.37252 -124.95138     7.5834     7.5846   3.497242   3.497251    33.9664    33.9653     1.2503     2.2477    6.70724    -0.0387     0.0259    99.3555      77751         22  0.000e+00
          0    226.574    224.624   44.37252 -124.95138     7.5836     7.5854   3.497279   3.497287    33.9667    33.9649     1.2503     2.2476    6.70721    -0.0387     0.0259    99.3555      77752         22  0.000e+00
          0    226.641    224.691   44.37252 -124.95138     7.5837     7.5859   3.497297   3.497333    33.9667    33.9649     1.2515     2.2517    6.70718    -0.0387     0.0259    99.3555      77753         22  0.000e+00
          0    226.589    224.639   44.37252 -124.95138     7.5836     7.5861   3.497279   3.497347    33.9667    33.9649     1.2503     2.2478    6.70721    -0.0387     0.0259    99.3555      77754         22  0.000e+00
          0    226.589    224.639   44.37252 -124.95138     7.5836     7.5858   3.497273   3.497305    33.9666    33.9647     1.2503     2.2477    6.70721    -0.0387     0.0259    99.3555      77755         22  0.000e+00
          0    226.574    224.625   44.37252 -124.95138     7.5836     7.5858   3.497273   3.497294    33.9666    33.9647     1.2503     2.2476    6.70721    -0.0387     0.0270    99.3283      77756         22  0.000e+00
          0    226.589    224.639   44.37252 -124.95138     7.5836     7.5858   3.497315   3.497294    33.9671    33.9647     1.2503     2.2475    6.70719    -0.0387     0.0270    99.3283      77757         22  0.000e+00
          0    226.529    224.580   44.37252 -124.95138     7.5839     7.5859   3.497309   3.497294    33.9667    33.9646     1.2503     2.2474    6.70716    -0.0387     0.0270    99.3283      77758         22  0.000e+00
          0    226.574    224.625   44.37252 -124.95138     7.5839     7.5859   3.497303   3.497312    33.9666    33.9647     1.2503     2.2473    6.70716    -0.0387     0.0270    99.3283      77759         22  0.000e+00
          0    226.529    224.580   44.37252 -124.95138     7.5837     7.5859   3.497303   3.497297    33.9668    33.9646     1.2503     2.2471    6.70718    -0.0314     0.0259    99.3555      77760         22  0.000e+00
          0    226.529    224.580   44.37252 -124.95138     7.5840     7.5859   3.497321   3.497294    33.9667    33.9646     1.2503     2.2470    6.70713    -0.0314     0.0259    99.3555      77761         22  0.000e+00
          0    226.529    224.580   44.37252 -124.95138     7.5842     7.5858   3.497309   3.497312    33.9664    33.9649     1.2503     2.2469    6.70712    -0.0314     0.0259    99.3555      77762         22  0.000e+00
          0    226.522    224.573   44.37252 -124.95138     7.5842     7.5861   3.497321   3.497340    33.9665    33.9649     1.2503     2.2468    6.70712    -0.0314     0.0248    99.3826      77763         22  0.000e+00
          0    226.477    224.529   44.37252 -124.95138     7.5840     7.5861   3.497334   3.497347    33.9668    33.9650     1.2503     2.2467    6.70713    -0.0314     0.0248    99.3826      77764         22  0.000e+00
          0    226.530    224.581   44.37252 -124.95138     7.5840     7.5864   3.497334   3.497368    33.9668    33.9649     1.2503     2.2466    6.70713    -0.0314     0.0248    99.3826      77765         22  0.000e+00
          0    226.462    224.514   44.37252 -124.95138     7.5842     7.5864   3.497309   3.497375    33.9664    33.9650     1.2503     2.2464    6.70712    -0.0314     0.0248    99.3826      77766         22  0.000e+00
          0    226.477    224.529   44.37252 -124.95138     7.5840     7.5865   3.497303   3.497393    33.9665    33.9650     1.2503     2.2463    6.70714    -0.0314     0.0248    99.3826      77767         22  0.000e+00
          0    226.530    224.581   44.37252 -124.95138     7.5840     7.5864   3.497321   3.497379    33.9667    33.9650     1.2503     2.2462    6.70713    -0.0314     0.0259    99.3555      77768         22  0.000e+00
          0    226.418    224.470   44.37252 -124.95138     7.5839     7.5867   3.497309   3.497375    33.9668    33.9647     1.2503     2.2461    6.70716    -0.0314     0.0259    99.3555      77769         22  0.000e+00
          0    226.463    224.514   44.37252 -124.95138     7.5840     7.5869   3.497279   3.497393    33.9663    33.9647     1.2503     2.2460    6.70715    -0.0314     0.0259    99.3555      77770         22  0.000e+00
          0    226.478    224.529   44.37252 -124.95138     7.5837     7.5867   3.497315   3.497379    33.9670    33.9647     1.2503     2.2459    6.70717    -0.0314     0.0259    99.3555      77771         22  0.000e+00
          0    226.478    224.529   44.37252 -124.95138     7.5840     7.5869   3.497334   3.497375    33.9668    33.9644     1.2503     2.2458    6.70713    -0.0387     0.0259    99.3555      77772         22  0.000e+00
          0    226.463    224.514   44.37252 -124.95138     7.5840     7.5867   3.497334   3.497393    33.9668    33.9648     1.2503     2.2452    6.70713    -0.0387     0.0259    99.3555      77773         22  0.000e+00
          0    226.418    224.470   44.37252 -124.95138     7.5839     7.5867   3.497309   3.497379    33.9668    33.9647     1.2490     2.2409    6.70716    -0.0387     0.0259    99.3555      77774         22  0.000e+00
          0    226.478    224.529   44.37252 -124.95138     7.5840     7.5867   3.497364   3.497375    33.9672    33.9646     1.2490     2.2398    6.70711    -0.0314     0.0259    99.3555      77775         22  0.000e+00
          0    226.366    224.418   44.37252 -124.95138     7.5839     7.5865   3.497321   3.497354    33.9669    33.9647     1.2503     2.2435    6.70715    -0.0314     0.0259    99.3555      77776         22  0.000e+00
          0    226.522    224.574   44.37252 -124.95138     7.5842     7.5865   3.497370   3.497368    33.9671    33.9648     1.2503     2.2434    6.70709    -0.0387     0.0259    99.3555      77777         22  0.000e+00
          0    226.366    224.418   44.37252 -124.95138     7.5842     7.5867   3.497346   3.497354    33.9669    33.9645     1.2490     2.2390    6.70710    -0.0387     0.0248    99.3826      77778         22  0.000e+00
          0    226.478    224.529   44.37252 -124.95138     7.5842     7.5864   3.497334   3.497368    33.9667    33.9649     1.2490     2.2385    6.70711    -0.0387     0.0259    99.3555      77779         22  0.000e+00
          0    226.358    224.411   44.37252 -124.95138     7.5842     7.5865   3.497309   3.497375    33.9665    33.9649     1.2490     2.2380    6.70712    -0.0387     0.0259    99.3555      77780         22  0.000e+00
          0    226.418    224.470   44.37252 -124.95138     7.5842     7.5864   3.497321   3.497375    33.9666    33.9650     1.2490     2.2375    6.70711    -0.0387     0.0259    99.3555      77781         22  0.000e+00
          0    226.478    224.529   44.37252 -124.95138     7.5842     7.5865   3.497334   3.497354    33.9667    33.9646     1.2503     2.2417    6.70711    -0.0460     0.0259    99.3555      77782         22  0.000e+00
          0    226.366    224.418   44.37252 -124.95138     7.5842     7.5865   3.497309   3.497368    33.9665    33.9648     1.2503     2.2417    6.70712    -0.0460     0.0248    99.3826      77783         22  0.000e+00
          0    226.463    224.515   44.37252 -124.95138     7.5842     7.5864   3.497346   3.497375    33.9668    33.9650     1.2503     2.2417    6.70710    -0.0460     0.0248    99.3826      77784         22  0.000e+00
          0    226.366    224.419   44.37252 -124.95138     7.5843     7.5862   3.497364   3.497354    33.9669    33.9649     1.2503     2.2421    6.70708    -0.0460     0.0248    99.3826      77785         22  0.000e+00
          0    226.418    224.470   44.37252 -124.95138     7.5842     7.5867   3.497315   3.497386    33.9665    33.9648     1.2490     2.2384    6.70712    -0.0460     0.0248    99.3826      77786         22  0.000e+00
          0    226.411    224.463   44.37252 -124.95138     7.5842     7.5865   3.497321   3.497379    33.9666    33.9649     1.2503     2.2422    6.70711    -0.0460     0.0259    99.3555      77787         22  0.000e+00
          0    226.418    224.470   44.37252 -124.95138     7.5842     7.5869   3.497334   3.497393    33.9667    33.9647     1.2503     2.2422    6.70711    -0.0460     0.0248    99.3826      77788         22  0.000e+00
          0    226.418    224.470   44.37252 -124.95138     7.5842     7.5871   3.497309   3.497400    33.9664    33.9646     1.2503     2.2422    6.70712    -0.0460     0.0248    99.3826      77789         22  0.000e+00
