TN422/CTD Data/TN-422_CTD-006.ros
* Sea-Bird SBE 9 Data File:
* FileName = C:\data\TN422\TN-422_CTD_06.hex
* Software Version Seasave V 7.26.7.107
* Temperature SN = 2195
* Conductivity SN = 2903
* Number of Bytes Per Scan = 41
* Number of Voltage Words = 4
* Number of Scans Averaged by the Deck Unit = 1
* NMEA Latitude = 44 22.35 N
* NMEA Longitude = 124 57.08 W
* NMEA UTC (Time) = Sep 11 2023  06:29:27
* NMEA baud rate = 4800
** Cruise: TN-422_CTD_06
** Cast: CTD_03_RS03AXPD
** Location: Endurance Off Shore
** Date: Sep 11, 2023
** Water Depth: 571
** Operator: jn
** Post DP Mooring Re=deployment
# nquan = 20
# nvalues = 2328                                  
# units = specified
# name 0 = modError: Modulo Error Count
# name 1 = prDM: Pressure, Digiquartz [db]
# name 2 = depSM: Depth [salt water, m]
# name 3 = latitude: Latitude [deg]
# name 4 = longitude: Longitude [deg]
# name 5 = t090C: Temperature [ITS-90, deg C]
# name 6 = t190C: Temperature, 2 [ITS-90, deg C]
# name 7 = c0S/m: Conductivity [S/m]
# name 8 = c1S/m: Conductivity, 2 [S/m]
# name 9 = sal00: Salinity, Practical [PSU]
# name 10 = sal11: Salinity, Practical, 2 [PSU]
# name 11 = sbeox0V: Oxygen raw, SBE 43 [V]
# name 12 = sbeox0ML/L: Oxygen, SBE 43 [ml/l]
# name 13 = oxsolML/L: Oxygen Saturation, Garcia & Gordon [ml/l]
# name 14 = flECO-AFL: Fluorescence, WET Labs ECO-AFL/FL [mg/m^3]
# name 15 = CStarAt0: Beam Attenuation, WET Labs C-Star [1/m]
# name 16 = CStarTr0: Beam Transmission, WET Labs C-Star [%]
# name 17 = scan: Scan Count
# name 18 = nbf: Bottles Fired
# name 19 = flag:  0.000e+00
# interval = seconds: 0.0416667
# start_time = Sep 11 2023 06:29:27 [NMEA time, header]
# bad_flag = -9.990e-29
*END*
[from data line 1521]
          0    301.930    299.278   44.37252 -124.95138     6.7695     6.7715   3.429676   3.429679    33.9926    33.9906     1.0924     1.8091    6.83207    -0.0460     0.0160    99.6001      65977         16  0.000e+00
          0    301.885    299.234   44.37252 -124.95138     6.7694     6.7717   3.429670   3.429661    33.9927    33.9903     1.0924     1.8092    6.83208    -0.0387     0.0160    99.6001      65978         16  0.000e+00
          0    301.878    299.226   44.37252 -124.95138     6.7695     6.7717   3.429670   3.429675    33.9926    33.9905     1.0924     1.8092    6.83207    -0.0460     0.0160    99.6001      65979         16  0.000e+00
          0    301.878    299.226   44.37252 -124.95138     6.7695     6.7716   3.429688   3.429682    33.9928    33.9906     1.0937     1.8137    6.83206    -0.0460     0.0160    99.6001      65980         16  0.000e+00
          0    301.930    299.278   44.37252 -124.95138     6.7695     6.7715   3.429700   3.429700    33.9929    33.9908     1.0924     1.8099    6.83205    -0.0460     0.0171    99.5729      65981         16  0.000e+00
          0    301.878    299.226   44.37252 -124.95138     6.7695     6.7717   3.429676   3.429686    33.9926    33.9906     1.0924     1.8100    6.83206    -0.0387     0.0171    99.5729      65982         16  0.000e+00
          0    301.878    299.226   44.37252 -124.95138     6.7693     6.7715   3.429670   3.429661    33.9927    33.9904     1.0924     1.8101    6.83209    -0.0387     0.0171    99.5729      65983         16  0.000e+00
          0    301.878    299.226   44.37252 -124.95138     6.7693     6.7715   3.429670   3.429682    33.9927    33.9907     1.0937     1.8141    6.83209    -0.0387     0.0160    99.6001      65984         16  0.000e+00
          0    301.878    299.226   44.37252 -124.95138     6.7695     6.7715   3.429645   3.429703    33.9923    33.9910     1.0924     1.8098    6.83207    -0.0460     0.0160    99.6001      65985         16  0.000e+00
          0    301.878    299.226   44.37252 -124.95138     6.7693     6.7715   3.429657   3.429686    33.9926    33.9907     1.0924     1.8094    6.83209    -0.0460     0.0160    99.6001      65986         16  0.000e+00
          0    301.878    299.227   44.37252 -124.95138     6.7695     6.7714   3.429688   3.429661    33.9928    33.9906     1.0937     1.8134    6.83206    -0.0387     0.0160    99.6001      65987         16  0.000e+00
          0    301.878    299.227   44.37252 -124.95138     6.7694     6.7717   3.429700   3.429675    33.9930    33.9905     1.0937     1.8140    6.83207    -0.0387     0.0160    99.6001      65988         16  0.000e+00
          0    301.878    299.227   44.37252 -124.95138     6.7691     6.7717   3.429700   3.429661    33.9932    33.9903     1.0924     1.8102    6.83209    -0.0460     0.0160    99.6001      65989         16  0.000e+00
          0    301.878    299.227   44.37252 -124.95138     6.7691     6.7715   3.429676   3.429675    33.9930    33.9906     1.0924     1.8103    6.83210    -0.0460     0.0160    99.6001      65990         16  0.000e+00
          0    301.878    299.227   44.37252 -124.95138     6.7692     6.7718   3.429645   3.429682    33.9926    33.9905     1.0924     1.8105    6.83211    -0.0387     0.0160    99.6001      65991         16  0.000e+00
          0    301.878    299.227   44.37252 -124.95138     6.7693     6.7715   3.429657   3.429689    33.9926    33.9908     1.0937     1.8150    6.83209    -0.0387     0.0171    99.5729      65992         16  0.000e+00
          0    301.878    299.227   44.37252 -124.95138     6.7691     6.7714   3.429645   3.429661    33.9926    33.9906     1.0937     1.8157    6.83212    -0.0387     0.0160    99.6001      65993         16  0.000e+00
          0    301.886    299.234   44.37252 -124.95138     6.7692     6.7715   3.429615   3.429675    33.9922    33.9906     1.0924     1.8119    6.83213    -0.0387     0.0160    99.6001      65994         16  0.000e+00
          0    301.879    299.227   44.37252 -124.95138     6.7690     6.7714   3.429651   3.429682    33.9928    33.9908     1.0924     1.8116    6.83213    -0.0460     0.0160    99.6001      65995         16  0.000e+00
          0    301.879    299.227   44.37252 -124.95138     6.7691     6.7712   3.429670   3.429640    33.9929    33.9906     1.0924     1.8113    6.83211    -0.0387     0.0171    99.5729      65996         16  0.000e+00
          0    301.931    299.279   44.37252 -124.95138     6.7691     6.7716   3.429645   3.429668    33.9926    33.9904     1.0937     1.8154    6.83212    -0.0387     0.0171    99.5729      65997         16  0.000e+00
          0    301.879    299.227   44.37252 -124.95138     6.7690     6.7714   3.429615   3.429700    33.9924    33.9910     1.0937     1.8155    6.83214    -0.0387     0.0160    99.6001      65998         16  0.000e+00
          0    301.879    299.227   44.37252 -124.95138     6.7691     6.7714   3.429651   3.429686    33.9927    33.9909     1.0924     1.8117    6.83211    -0.0460     0.0160    99.6001      65999         16  0.000e+00
          0    301.931    299.279   44.37252 -124.95138     6.7690     6.7714   3.429670   3.429661    33.9930    33.9906     1.0924     1.8119    6.83212    -0.0460     0.0160    99.6001      66000         16  0.000e+00
          0    301.879    299.227   44.37252 -124.95138     6.7695     6.7714   3.429670   3.429665    33.9925    33.9906     1.0937     1.8164    6.83206    -0.0387     0.0160    99.6001      66001         16  0.000e+00
          0    301.931    299.279   44.37252 -124.95138     6.7689     6.7714   3.429670   3.429658    33.9931    33.9905     1.0937     1.8171    6.83214    -0.0460     0.0160    99.6001      66002         16  0.000e+00
          0    301.879    299.227   44.37252 -124.95138     6.7693     6.7715   3.429670   3.429654    33.9927    33.9904     1.0937     1.8173    6.83209    -0.0387     0.0160    99.6001      66003         16  0.000e+00
          0    301.931    299.279   44.37252 -124.95138     6.7692     6.7715   3.429645   3.429654    33.9926    33.9903     1.0937     1.8174    6.83211    -0.0314     0.0160    99.6001      66004         16  0.000e+00
          0    301.931    299.279   44.37252 -124.95138     6.7690     6.7714   3.429657   3.429675    33.9929    33.9907     1.0924     1.8137    6.83212    -0.0314     0.0160    99.6001      66005         16  0.000e+00
          0    301.931    299.279   44.37252 -124.95138     6.7691     6.7712   3.429670   3.429682    33.9929    33.9910     1.0924     1.8133    6.83211    -0.0314     0.0160    99.6001      66006         16  0.000e+00
          0    301.931    299.279   44.37252 -124.95138     6.7692     6.7715   3.429645   3.429682    33.9926    33.9907     1.0937     1.8174    6.83211    -0.0314     0.0160    99.6001      66007         16  0.000e+00
          0    278.476    276.046   44.37252 -124.95136     7.0424     7.0438   3.452366   3.452289    33.9838    33.9816     1.1598     2.0051    6.78974    -0.0460     0.0193    99.5185      69106         17  0.000e+00
          0    278.417    275.987   44.37252 -124.95136     7.0424     7.0437   3.452336   3.452260    33.9835    33.9815     1.1598     2.0052    6.78975    -0.0387     0.0193    99.5185      69107         17  0.000e+00
          0    278.484    276.053   44.37252 -124.95136     7.0424     7.0433   3.452354   3.452232    33.9837    33.9815     1.1598     2.0052    6.78975    -0.0387     0.0204    99.4913      69108         17  0.000e+00
          0    278.477    276.046   44.37252 -124.95136     7.0426     7.0433   3.452366   3.452267    33.9837    33.9819     1.1598     2.0052    6.78972    -0.0387     0.0193    99.5185      69109         17  0.000e+00
          0    278.484    276.053   44.37252 -124.95136     7.0424     7.0432   3.452384   3.452218    33.9840    33.9815     1.1598     2.0053    6.78973    -0.0387     0.0193    99.5185      69110         17  0.000e+00
          0    278.529    276.098   44.37252 -124.95136     7.0426     7.0432   3.452342   3.452260    33.9834    33.9819     1.1598     2.0053    6.78974    -0.0387     0.0193    99.5185      69111         17  0.000e+00
          0    278.484    276.053   44.37252 -124.95136     7.0424     7.0437   3.452354   3.452260    33.9837    33.9814     1.1598     2.0054    6.78975    -0.0387     0.0193    99.5185      69112         17  0.000e+00
          0    278.529    276.098   44.37252 -124.95136     7.0423     7.0437   3.452366   3.452271    33.9840    33.9815     1.1598     2.0054    6.78976    -0.0387     0.0182    99.5457      69113         17  0.000e+00
          0    278.477    276.046   44.37252 -124.95136     7.0424     7.0438   3.452336   3.452278    33.9835    33.9816     1.1598     2.0054    6.78976    -0.0387     0.0182    99.5457      69114         17  0.000e+00
          0    278.536    276.105   44.37252 -124.95136     7.0421     7.0437   3.452330   3.452303    33.9837    33.9819     1.1598     2.0055    6.78980    -0.0387     0.0193    99.5185      69115         17  0.000e+00
          0    278.529    276.098   44.37252 -124.95136     7.0423     7.0435   3.452354   3.452289    33.9838    33.9819     1.1598     2.0055    6.78977    -0.0460     0.0182    99.5457      69116         17  0.000e+00
          0    278.484    276.054   44.37252 -124.95136     7.0419     7.0433   3.452311   3.452320    33.9837    33.9824     1.1598     2.0056    6.78982    -0.0460     0.0182    99.5457      69117         17  0.000e+00
          0    278.529    276.098   44.37252 -124.95136     7.0421     7.0438   3.452348   3.452292    33.9839    33.9816     1.1585     2.0013    6.78979    -0.0460     0.0182    99.5457      69118         17  0.000e+00
          0    278.537    276.105   44.37252 -124.95136     7.0421     7.0434   3.452366   3.452303    33.9841    33.9821     1.1585     2.0009    6.78978    -0.0460     0.0182    99.5457      69119         17  0.000e+00
          0    278.529    276.098   44.37252 -124.95136     7.0423     7.0438   3.452311   3.452310    33.9834    33.9818     1.1585     2.0005    6.78979    -0.0460     0.0171    99.5729      69120         17  0.000e+00
          0    278.529    276.098   44.37252 -124.95136     7.0421     7.0438   3.452348   3.452289    33.9839    33.9816     1.1585     2.0001    6.78979    -0.0460     0.0171    99.5729      69121         17  0.000e+00
          0    278.537    276.105   44.37252 -124.95136     7.0423     7.0440   3.452336   3.452303    33.9836    33.9816     1.1585     1.9998    6.78978    -0.0460     0.0171    99.5729      69122         17  0.000e+00
          0    278.529    276.098   44.37252 -124.95136     7.0423     7.0438   3.452330   3.452310    33.9836    33.9818     1.1585     1.9995    6.78978    -0.0460     0.0182    99.5457      69123         17  0.000e+00
          0    278.537    276.106   44.37252 -124.95136     7.0423     7.0439   3.452305   3.452289    33.9833    33.9815     1.1585     1.9991    6.78979    -0.0387     0.0171    99.5729      69124         17  0.000e+00
          0    278.529    276.098   44.37252 -124.95136     7.0421     7.0440   3.452348   3.452320    33.9839    33.9818     1.1585     1.9989    6.78979    -0.0387     0.0171    99.5729      69125         17  0.000e+00
          0    278.484    276.054   44.37252 -124.95136     7.0423     7.0442   3.452336   3.452310    33.9837    33.9815     1.1585     1.9986    6.78977    -0.0460     0.0171    99.5729      69126         17  0.000e+00
          0    278.529    276.098   44.37252 -124.95136     7.0421     7.0438   3.452305   3.452306    33.9835    33.9818     1.1585     1.9983    6.78981    -0.0387     0.0171    99.5729      69127         17  0.000e+00
          0    278.529    276.098   44.37252 -124.95136     7.0423     7.0442   3.452317   3.452310    33.9834    33.9815     1.1585     1.9986    6.78978    -0.0314     0.0171    99.5729      69128         17  0.000e+00
          0    278.485    276.054   44.37252 -124.95136     7.0419     7.0439   3.452305   3.452289    33.9836    33.9815     1.1585     1.9984    6.78982    -0.0314     0.0182    99.5457      69129         17  0.000e+00
          0    278.529    276.098   44.37252 -124.95136     7.0418     7.0440   3.452275   3.452303    33.9834    33.9816     1.1598     2.0026    6.78986    -0.0314     0.0182    99.5457      69130         17  0.000e+00
          0    278.485    276.054   44.37252 -124.95136     7.0418     7.0440   3.452287   3.452289    33.9836    33.9815     1.1598     2.0023    6.78985    -0.0314     0.0182    99.5457      69131         17  0.000e+00
          0    278.529    276.098   44.37252 -124.95136     7.0418     7.0442   3.452281   3.452303    33.9835    33.9814     1.1598     2.0026    6.78986    -0.0314     0.0182    99.5457      69132         17  0.000e+00
          0    278.485    276.054   44.37252 -124.95136     7.0418     7.0440   3.452269   3.452310    33.9834    33.9817     1.1598     2.0029    6.78986    -0.0314     0.0182    99.5457      69133         17  0.000e+00
          0    278.477    276.047   44.37252 -124.95136     7.0415     7.0439   3.452244   3.452289    33.9834    33.9815     1.1598     2.0032    6.78991    -0.0314     0.0171    99.5729      69134         17  0.000e+00
          0    278.418    275.987   44.37252 -124.95136     7.0415     7.0438   3.452257   3.452281    33.9836    33.9816     1.1598     2.0034    6.78990    -0.0314     0.0182    99.5457      69135         17  0.000e+00
          0    278.485    276.054   44.37252 -124.95136     7.0413     7.0440   3.452244   3.452281    33.9836    33.9814     1.1598     2.0037    6.78993    -0.0314     0.0182    99.5457      69136         17  0.000e+00
          0    278.418    275.988   44.37252 -124.95136     7.0413     7.0438   3.452257   3.452303    33.9838    33.9818     1.1598     2.0040    6.78992    -0.0314     0.0171    99.5729      69137         17  0.000e+00
          0    278.425    275.995   44.37252 -124.95136     7.0413     7.0437   3.452251   3.452289    33.9837    33.9818     1.1598     2.0043    6.78992    -0.0314     0.0171    99.5729      69138         17  0.000e+00
          0    278.418    275.988   44.37252 -124.95136     7.0415     7.0436   3.452281   3.452239    33.9839    33.9813     1.1598     2.0045    6.78989    -0.0314     0.0171    99.5729      69139         17  0.000e+00
          0    278.425    275.995   44.37252 -124.95136     7.0413     7.0433   3.452275   3.452225    33.9840    33.9814     1.1598     2.0048    6.78991    -0.0314     0.0171    99.5729      69140         17  0.000e+00
          0    278.418    275.988   44.37252 -124.95136     7.0415     7.0433   3.452269   3.452225    33.9837    33.9814     1.1598     2.0051    6.78990    -0.0314     0.0171    99.5729      69141         17  0.000e+00
          0    278.365    275.936   44.37252 -124.95136     7.0413     7.0432   3.452244   3.452207    33.9837    33.9814     1.1598     2.0053    6.78992    -0.0387     0.0171    99.5729      69142         17  0.000e+00
          0    278.373    275.943   44.37252 -124.95136     7.0413     7.0432   3.452214   3.452200    33.9833    33.9813     1.1585     2.0013    6.78994    -0.0387     0.0182    99.5457      69143         17  0.000e+00
          0    278.365    275.936   44.37252 -124.95136     7.0415     7.0429   3.452281   3.452200    33.9839    33.9816     1.1585     2.0011    6.78989    -0.0387     0.0171    99.5729      69144         17  0.000e+00
          0    278.313    275.884   44.37252 -124.95138     7.0415     7.0431   3.452275   3.452221    33.9839    33.9817     1.1585     2.0009    6.78989    -0.0387     0.0171    99.5729      69145         17  0.000e+00
