TN422/CTD Data/TN-422_CTD-004.ros
* Sea-Bird SBE 9 Data File:
* FileName = C:\data\TN422\TN-422_CTD_04.hex
* Software Version Seasave V 7.26.7.107
* Temperature SN = 2195
* Conductivity SN = 2903
* Number of Bytes Per Scan = 41
* Number of Voltage Words = 4
* Number of Scans Averaged by the Deck Unit = 1
* NMEA Latitude = 45 49.48 N
* NMEA Longitude = 129 45.58 W
* NMEA UTC (Time) = Sep 03 2023  04:41:43
* NMEA baud rate = 4800
** Cruise: TN-422_CTD_04
** Cast: CTD_03_RS03AXPD
** Location:
** Date: Sep 2, 2023
** Water Depth:
** Operator: MW
# nquan = 20
# nvalues = 2328                                  
# units = specified
# name 0 = modError: Modulo Error Count
# name 1 = prDM: Pressure, Digiquartz [db]
# name 2 = depSM: Depth [salt water, m]
# name 3 = latitude: Latitude [deg]
# name 4 = longitude: Longitude [deg]
# name 5 = t090C: Temperature [ITS-90, deg C]
# name 6 = t190C: Temperature, 2 [ITS-90, deg C]
# name 7 = c0S/m: Conductivity [S/m]
# name 8 = c1S/m: Conductivity, 2 [S/m]
# name 9 = sal00: Salinity, Practical [PSU]
# name 10 = sal11: Salinity, Practical, 2 [PSU]
# name 11 = sbeox0V: Oxygen raw, SBE 43 [V]
# name 12 = sbeox0ML/L: Oxygen, SBE 43 [ml/l]
# name 13 = oxsolML/L: Oxygen Saturation, Garcia & Gordon [ml/l]
# name 14 = flECO-AFL: Fluorescence, WET Labs ECO-AFL/FL [mg/m^3]
# name 15 = CStarAt0: Beam Attenuation, WET Labs C-Star [1/m]
# name 16 = CStarTr0: Beam Transmission, WET Labs C-Star [%]
# name 17 = scan: Scan Count
# name 18 = nbf: Bottles Fired
# name 19 = flag:  0.000e+00
# interval = seconds: 0.0416667
# start_time = Sep 03 2023 04:41:43 [NMEA time, header]
# bad_flag = -9.990e-29
*END*
[from data line 1231]
          0    504.008    499.271   45.82462 -129.75976     4.5476     4.5491   3.250598   3.250592    34.1021    34.1005     0.6988     0.6083    7.19317    -0.0167     0.0062    99.8447     159198         13  0.000e+00
          0    503.948    499.211   45.82462 -129.75976     4.5479     4.5491   3.250603   3.250582    34.1019    34.1004     0.6975     0.6040    7.19313    -0.0167     0.0062    99.8447     159199         13  0.000e+00
          0    503.963    499.226   45.82462 -129.75976     4.5479     4.5493   3.250627   3.250609    34.1022    34.1006     0.6975     0.6033    7.19312    -0.0167     0.0062    99.8447     159200         13  0.000e+00
          0    503.948    499.211   45.82462 -129.75976     4.5475     4.5491   3.250609   3.250606    34.1024    34.1007     0.6988     0.6075    7.19318    -0.0167     0.0062    99.8447     159201         13  0.000e+00
          0    503.948    499.211   45.82462 -129.75976     4.5478     4.5493   3.250586   3.250578    34.1019    34.1002     0.6988     0.6075    7.19316    -0.0240     0.0051    99.8718     159202         13  0.000e+00
          0    503.896    499.159   45.82462 -129.75976     4.5478     4.5493   3.250574   3.250592    34.1017    34.1004     0.6975     0.6025    7.19317    -0.0167     0.0051    99.8718     159203         13  0.000e+00
          0    503.911    499.174   45.82462 -129.75976     4.5476     4.5493   3.250574   3.250599    34.1019    34.1005     0.6975     0.6018    7.19318    -0.0240     0.0051    99.8718     159204         13  0.000e+00
          0    503.896    499.160   45.82462 -129.75976     4.5476     4.5494   3.250574   3.250599    34.1019    34.1003     0.6975     0.6011    7.19319    -0.0167     0.0062    99.8447     159205         13  0.000e+00
          0    503.836    499.100   45.82462 -129.75976     4.5478     4.5494   3.250574   3.250616    34.1018    34.1006     0.6988     0.6052    7.19317    -0.0167     0.0051    99.8718     159206         13  0.000e+00
          0    503.836    499.100   45.82462 -129.75976     4.5478     4.5494   3.250556   3.250644    34.1016    34.1009     0.6975     0.6009    7.19318    -0.0167     0.0051    99.8718     159207         13  0.000e+00
          0    503.851    499.115   45.82462 -129.75976     4.5476     4.5494   3.250586   3.250647    34.1020    34.1009     0.6975     0.6008    7.19317    -0.0167     0.0051    99.8718     159208         13  0.000e+00
          0    503.836    499.100   45.82462 -129.75976     4.5474     4.5494   3.250580   3.250630    34.1022    34.1007     0.6988     0.6056    7.19320    -0.0167     0.0051    99.8718     159209         13  0.000e+00
          0    503.783    499.048   45.82462 -129.75976     4.5478     4.5491   3.250556   3.250585    34.1016    34.1005     0.6988     0.6062    7.19317    -0.0167     0.0051    99.8718     159210         13  0.000e+00
          0    503.783    499.048   45.82462 -129.75976     4.5475     4.5491   3.250568   3.250613    34.1020    34.1009     0.6988     0.6061    7.19319    -0.0167     0.0051    99.8718     159211         13  0.000e+00
          0    503.799    499.063   45.82462 -129.75976     4.5476     4.5494   3.250592   3.250623    34.1022    34.1007     0.6975     0.6018    7.19317    -0.0167     0.0040    99.8990     159212         13  0.000e+00
          0    503.731    498.997   45.82462 -129.75976     4.5476     4.5494   3.250586   3.250644    34.1021    34.1010     0.6975     0.6017    7.19318    -0.0167     0.0051    99.8718     159213         13  0.000e+00
          0    503.731    498.997   45.82462 -129.75976     4.5475     4.5496   3.250574   3.250630    34.1021    34.1006     0.6988     0.6065    7.19319    -0.0167     0.0051    99.8718     159214         13  0.000e+00
          0    503.731    498.997   45.82462 -129.75976     4.5476     4.5496   3.250597   3.250623    34.1023    34.1005     0.6988     0.6071    7.19317    -0.0167     0.0051    99.8718     159215         13  0.000e+00
          0    503.686    498.952   45.82462 -129.75976     4.5478     4.5494   3.250627   3.250623    34.1025    34.1007     0.6988     0.6077    7.19313    -0.0167     0.0051    99.8718     159216         13  0.000e+00
          0    503.671    498.937   45.82462 -129.75976     4.5474     4.5493   3.250586   3.250623    34.1024    34.1009     0.6975     0.6028    7.19320    -0.0167     0.0051    99.8718     159217         13  0.000e+00
          0    503.671    498.937   45.82462 -129.75976     4.5474     4.5499   3.250574   3.250640    34.1022    34.1004     0.6975     0.6021    7.19320    -0.0240     0.0051    99.8718     159218         13  0.000e+00
          0    503.671    498.937   45.82462 -129.75976     4.5476     4.5499   3.250574   3.250650    34.1020    34.1005     0.6988     0.6063    7.19318    -0.0167     0.0051    99.8718     159219         13  0.000e+00
          0    503.634    498.900   45.82462 -129.75976     4.5474     4.5501   3.250574   3.250668    34.1023    34.1006     0.6988     0.6069    7.19321    -0.0167     0.0051    99.8718     159220         13  0.000e+00
          0    503.559    498.826   45.82462 -129.75976     4.5476     4.5498   3.250574   3.250657    34.1021    34.1008     0.6988     0.6074    7.19318    -0.0167     0.0040    99.8990     159221         13  0.000e+00
          0    503.619    498.886   45.82462 -129.75976     4.5474     4.5494   3.250550   3.250630    34.1020    34.1008     0.6975     0.6031    7.19321    -0.0167     0.0040    99.8990     159222         13  0.000e+00
          0    503.559    498.826   45.82462 -129.75976     4.5474     4.5496   3.250526   3.250589    34.1017    34.1002     0.6975     0.6025    7.19323    -0.0167     0.0040    99.8990     159223         13  0.000e+00
          0    503.574    498.841   45.82462 -129.75976     4.5474     4.5494   3.250538   3.250592    34.1019    34.1004     0.6988     0.6067    7.19323    -0.0167     0.0040    99.8990     159224         13  0.000e+00
          0    503.507    498.774   45.82462 -129.75976     4.5471     4.5491   3.250544   3.250619    34.1022    34.1011     0.6988     0.6072    7.19325    -0.0240     0.0051    99.8718     159225         13  0.000e+00
          0    503.559    498.826   45.82462 -129.75976     4.5474     4.5491   3.250544   3.250606    34.1019    34.1009     0.6988     0.6078    7.19322    -0.0314     0.0040    99.8990     159226         13  0.000e+00
          0    503.507    498.775   45.82462 -129.75976     4.5475     4.5493   3.250586   3.250599    34.1023    34.1007     0.6975     0.6029    7.19318    -0.0314     0.0051    99.8718     159227         13  0.000e+00
          0    504.410    499.669   45.82462 -129.75974     4.5510     4.5542   3.250877   3.251018    34.1017    34.1001     0.6987     0.6066    7.19261    -0.0167     0.0051    99.8718     159631         14  0.000e+00
          0    504.410    499.669   45.82462 -129.75974     4.5515     4.5543   3.250877   3.250994    34.1012    34.0996     0.6987     0.6067    7.19255    -0.0167     0.0051    99.8718     159632         14  0.000e+00
          0    504.365    499.624   45.82462 -129.75974     4.5514     4.5547   3.250889   3.251021    34.1015    34.0996     0.6987     0.6067    7.19256    -0.0167     0.0040    99.8990     159633         14  0.000e+00
          0    504.410    499.669   45.82462 -129.75974     4.5515     4.5547   3.250901   3.251032    34.1014    34.0997     0.7000     0.6116    7.19253    -0.0167     0.0040    99.8990     159634         14  0.000e+00
          0    504.350    499.609   45.82462 -129.75974     4.5516     4.5549   3.250871   3.251032    34.1010    34.0995     0.6987     0.6073    7.19254    -0.0167     0.0040    99.8990     159635         14  0.000e+00
          0    504.410    499.669   45.82462 -129.75974     4.5515     4.5547   3.250865   3.251011    34.1010    34.0995     0.6987     0.6073    7.19255    -0.0167     0.0040    99.8990     159636         14  0.000e+00
          0    504.365    499.624   45.82462 -129.75974     4.5515     4.5543   3.250871   3.250987    34.1011    34.0996     0.6987     0.6073    7.19255    -0.0167     0.0040    99.8990     159637         14  0.000e+00
          0    504.350    499.609   45.82462 -129.75974     4.5514     4.5539   3.250865   3.250942    34.1012    34.0995     0.6987     0.6073    7.19257    -0.0167     0.0040    99.8990     159638         14  0.000e+00
          0    504.350    499.609   45.82462 -129.75974     4.5510     4.5536   3.250865   3.250929    34.1016    34.0997     0.6987     0.6080    7.19262    -0.0167     0.0040    99.8990     159639         14  0.000e+00
          0    504.350    499.609   45.82462 -129.75974     4.5512     4.5539   3.250829   3.250946    34.1010    34.0996     0.6987     0.6080    7.19261    -0.0167     0.0051    99.8718     159640         14  0.000e+00
          0    504.306    499.565   45.82462 -129.75974     4.5508     4.5537   3.250806   3.250936    34.1012    34.0997     0.6987     0.6080    7.19268    -0.0240     0.0040    99.8990     159641         14  0.000e+00
          0    504.298    499.558   45.82462 -129.75974     4.5510     4.5534   3.250835   3.250929    34.1013    34.0999     0.6987     0.6080    7.19263    -0.0167     0.0040    99.8990     159642         14  0.000e+00
          0    504.298    499.558   45.82462 -129.75974     4.5506     4.5534   3.250812   3.250912    34.1014    34.0997     0.6987     0.6081    7.19269    -0.0167     0.0051    99.8718     159643         14  0.000e+00
          0    504.351    499.610   45.82462 -129.75974     4.5506     4.5534   3.250806   3.250922    34.1013    34.0998     0.6975     0.6032    7.19270    -0.0167     0.0040    99.8990     159644         14  0.000e+00
          0    504.253    499.513   45.82462 -129.75974     4.5505     4.5537   3.250812   3.250929    34.1015    34.0996     0.6987     0.6075    7.19270    -0.0167     0.0040    99.8990     159645         14  0.000e+00
          0    504.298    499.558   45.82462 -129.75974     4.5503     4.5537   3.250806   3.250946    34.1017    34.0997     0.6987     0.6076    7.19274    -0.0167     0.0040    99.8990     159646         14  0.000e+00
          0    504.238    499.498   45.82462 -129.75974     4.5501     4.5537   3.250746   3.250973    34.1012    34.1002     0.6987     0.6076    7.19279    -0.0167     0.0040    99.8990     159647         14  0.000e+00
          0    504.298    499.558   45.82462 -129.75974     4.5500     4.5542   3.250764   3.250960    34.1014    34.0994     0.6987     0.6077    7.19279    -0.0167     0.0040    99.8990     159648         14  0.000e+00
          0    504.253    499.513   45.82462 -129.75974     4.5503     4.5540   3.250776   3.250953    34.1014    34.0995     0.6987     0.6077    7.19275    -0.0167     0.0040    99.8990     159649         14  0.000e+00
          0    504.186    499.446   45.82462 -129.75974     4.5501     4.5540   3.250782   3.250953    34.1016    34.0996     0.7000     0.6126    7.19277    -0.0167     0.0040    99.8990     159650         14  0.000e+00
          0    504.238    499.498   45.82462 -129.75974     4.5503     4.5540   3.250752   3.250973    34.1011    34.0998     0.6987     0.6084    7.19277    -0.0167     0.0040    99.8990     159651         14  0.000e+00
          0    504.238    499.498   45.82462 -129.75974     4.5502     4.5540   3.250764   3.250980    34.1013    34.0999     0.6987     0.6084    7.19277    -0.0167     0.0040    99.8990     159652         14  0.000e+00
          0    504.201    499.461   45.82462 -129.75974     4.5501     4.5540   3.250782   3.250980    34.1016    34.1000     0.6987     0.6085    7.19277    -0.0167     0.0040    99.8990     159653         14  0.000e+00
          0    504.186    499.447   45.82462 -129.75974     4.5499     4.5540   3.250752   3.250980    34.1015    34.0999     0.6987     0.6085    7.19281    -0.0167     0.0051    99.8718     159654         14  0.000e+00
          0    504.186    499.447   45.82462 -129.75974     4.5500     4.5539   3.250752   3.250942    34.1013    34.0996     0.6987     0.6085    7.19279    -0.0167     0.0040    99.8990     159655         14  0.000e+00
          0    504.186    499.447   45.82462 -129.75974     4.5498     4.5542   3.250746   3.250946    34.1015    34.0993     0.7000     0.6134    7.19282    -0.0167     0.0051    99.8718     159656         14  0.000e+00
          0    504.201    499.461   45.82462 -129.75974     4.5496     4.5540   3.250722   3.250953    34.1014    34.0996     0.6987     0.6085    7.19286    -0.0167     0.0051    99.8718     159657         14  0.000e+00
          0    504.133    499.395   45.82462 -129.75974     4.5497     4.5542   3.250722   3.250973    34.1014    34.0997     0.6987     0.6079    7.19285    -0.0167     0.0051    99.8718     159658         14  0.000e+00
          0    504.134    499.395   45.82462 -129.75974     4.5499     4.5541   3.250740   3.251001    34.1013    34.1001     0.6987     0.6078    7.19281    -0.0167     0.0051    99.8718     159659         14  0.000e+00
          0    504.186    499.447   45.82462 -129.75974     4.5498     4.5542   3.250764   3.250987    34.1017    34.0998     0.6987     0.6078    7.19281    -0.0167     0.0051    99.8718     159660         14  0.000e+00
          0    504.089    499.350   45.82462 -129.75974     4.5497     4.5545   3.250740   3.250980    34.1016    34.0994     0.6987     0.6077    7.19284    -0.0167     0.0051    99.8718     159661         14  0.000e+00
          0    504.134    499.395   45.82462 -129.75974     4.5496     4.5542   3.250716   3.250960    34.1013    34.0995     0.6987     0.6077    7.19286    -0.0167     0.0040    99.8990     159662         14  0.000e+00
          0    504.074    499.335   45.82462 -129.75974     4.5496     4.5539   3.250699   3.250936    34.1012    34.0996     0.6987     0.6076    7.19287    -0.0167     0.0040    99.8990     159663         14  0.000e+00
          0    504.134    499.395   45.82462 -129.75974     4.5495     4.5538   3.250687   3.250929    34.1012    34.0995     0.6987     0.6076    7.19290    -0.0240     0.0040    99.8990     159664         14  0.000e+00
          0    504.089    499.350   45.82462 -129.75974     4.5495     4.5540   3.250728   3.250970    34.1016    34.0998     0.6987     0.6075    7.19287    -0.0314     0.0040    99.8990     159665         14  0.000e+00
          0    504.021    499.284   45.82462 -129.75974     4.5493     4.5543   3.250728   3.250997    34.1019    34.0999     0.6987     0.6074    7.19289    -0.0314     0.0040    99.8990     159666         14  0.000e+00
          0    504.074    499.336   45.82462 -129.75974     4.5496     4.5540   3.250716   3.250966    34.1014    34.0998     0.6987     0.6074    7.19286    -0.0314     0.0040    99.8990     159667         14  0.000e+00
          0    504.021    499.284   45.82462 -129.75974     4.5494     4.5536   3.250722   3.250936    34.1017    34.0999     0.6987     0.6073    7.19288    -0.0314     0.0040    99.8990     159668         14  0.000e+00
          0    504.089    499.350   45.82462 -129.75974     4.5495     4.5534   3.250740   3.250912    34.1018    34.0998     0.7000     0.6121    7.19287    -0.0314     0.0040    99.8990     159669         14  0.000e+00
          0    504.021    499.284   45.82462 -129.75974     4.5495     4.5530   3.250746   3.250905    34.1019    34.1002     0.7000     0.6127    7.19286    -0.0387     0.0040    99.8990     159670         14  0.000e+00
          0    504.021    499.284   45.82462 -129.75974     4.5494     4.5534   3.250710   3.250925    34.1016    34.1000     0.6987     0.6083    7.19289    -0.0387     0.0051    99.8718     159671         14  0.000e+00
          0    504.021    499.284   45.82462 -129.75974     4.5495     4.5531   3.250710   3.250946    34.1015    34.1006     0.6987     0.6082    7.19288    -0.0387     0.0051    99.8718     159672         14  0.000e+00
