TN422/CTD Data/TN-422_CTD-003.ros
* Sea-Bird SBE 9 Data File:
* FileName = C:\data\TN422\TN-422_CTD_03.hex
* Software Version Seasave V 7.26.7.107
* Temperature SN = 2195
* Conductivity SN = 2903
* Number of Bytes Per Scan = 41
* Number of Voltage Words = 4
* Number of Scans Averaged by the Deck Unit = 1
* NMEA Latitude = 45 50.06 N
* NMEA Longitude = 129 44.81 W
* NMEA UTC (Time) = Aug 25 2023  11:29:03
* NMEA baud rate = 4800
** Cruise: TN-422_CTD_03
** Cast: CTD_03_RS03AXPS
** Location:
** Date: Aug 25, 2023
** Water Depth:
** Operator: MW
** Axial Base shallow profiler pre recovery
# nquan = 20
# nvalues = 2328                                  
# units = specified
# name 0 = modError: Modulo Error Count
# name 1 = prDM: Pressure, Digiquartz [db]
# name 2 = depSM: Depth [salt water, m]
# name 3 = latitude: Latitude [deg]
# name 4 = longitude: Longitude [deg]
# name 5 = t090C: Temperature [ITS-90, deg C]
# name 6 = t190C: Temperature, 2 [ITS-90, deg C]
# name 7 = c0S/m: Conductivity [S/m]
# name 8 = c1S/m: Conductivity, 2 [S/m]
# name 9 = sal00: Salinity, Practical [PSU]
# name 10 = sal11: Salinity, Practical, 2 [PSU]
# name 11 = sbeox0V: Oxygen raw, SBE 43 [V]
# name 12 = sbeox0ML/L: Oxygen, SBE 43 [ml/l]
# name 13 = oxsolML/L: Oxygen Saturation, Garcia & Gordon [ml/l]
# name 14 = flECO-AFL: Fluorescence, WET Labs ECO-AFL/FL [mg/m^3]
# name 15 = CStarAt0: Beam Attenuation, WET Labs C-Star [1/m]
# name 16 = CStarTr0: Beam Transmission, WET Labs C-Star [%]
# name 17 = scan: Scan Count
# name 18 = nbf: Bottles Fired
# name 19 = flag:  0.000e+00
# interval = seconds: 0.0416667
# start_time = Aug 25 2023 11:29:03 [NMEA time, header]
# bad_flag = -9.990e-29
*END*
[from data line 1014]
          0    121.125    120.097   45.83430 -129.74692     7.4972     7.5004   3.399768   3.399197    33.0472    33.0380     2.0679     4.7400    6.76097     0.0785     0.0237    99.4098      47994         11  0.000e+00
          0    121.125    120.097   45.83430 -129.74692     7.4971     7.5004   3.399738   3.399183    33.0469    33.0378     2.0667     4.7366    6.76099     0.0712     0.0270    99.3283      47995         11  0.000e+00
          0    121.072    120.045   45.83430 -129.74692     7.4972     7.5006   3.399768   3.399158    33.0472    33.0374     2.0679     4.7412    6.76097     0.0785     0.0270    99.3283      47996         11  0.000e+00
          0    121.125    120.097   45.83430 -129.74692     7.4970     7.5007   3.399786   3.399134    33.0476    33.0370     2.0667     4.7375    6.76099     0.0785     0.0259    99.3555      47997         11  0.000e+00
          0    121.005    119.979   45.83430 -129.74692     7.4970     7.5008   3.399695   3.399123    33.0466    33.0369     2.0667     4.7375    6.76102     0.0712     0.0248    99.3826      47998         11  0.000e+00
          0    121.177    120.149   45.83430 -129.74692     7.4971     7.5006   3.399641   3.399123    33.0459    33.0370     2.0679     4.7418    6.76104     0.0785     0.0237    99.4098      47999         11  0.000e+00
          0    121.073    120.045   45.83430 -129.74692     7.4975     7.5006   3.399538   3.399162    33.0445    33.0375     2.0679     4.7423    6.76104     0.0785     0.0215    99.4642      48000         11  0.000e+00
          0    121.013    119.986   45.83430 -129.74692     7.4976     7.5006   3.399466   3.399137    33.0436    33.0372     2.0667     4.7386    6.76106     0.0785     0.0226    99.4370      48001         11  0.000e+00
          0    121.013    119.986   45.83430 -129.74692     7.4980     7.5008   3.399490   3.399102    33.0435    33.0367     2.0679     4.7425    6.76101     0.0785     0.0226    99.4370      48002         11  0.000e+00
          0    121.013    119.986   45.83430 -129.74692     7.4979     7.5006   3.399490   3.399077    33.0436    33.0366     2.0679     4.7426    6.76102     0.0785     0.0226    99.4370      48003         11  0.000e+00
          0    121.073    120.045   45.83430 -129.74692     7.4978     7.5004   3.399454   3.399109    33.0432    33.0370     2.0679     4.7428    6.76105     0.0785     0.0215    99.4642      48004         11  0.000e+00
          0    120.961    119.935   45.83430 -129.74692     7.4979     7.5006   3.399447   3.399105    33.0431    33.0369     2.0667     4.7391    6.76104     0.0712     0.0215    99.4642      48005         11  0.000e+00
          0    120.961    119.935   45.83430 -129.74692     7.4981     7.5006   3.399447   3.399116    33.0430    33.0370     2.0667     4.7388    6.76102     0.0785     0.0215    99.4642      48006         11  0.000e+00
          0    120.961    119.935   45.83430 -129.74692     7.4978     7.5004   3.399399   3.399186    33.0427    33.0379     2.0679     4.7428    6.76107     0.0785     0.0204    99.4913      48007         11  0.000e+00
          0    120.961    119.935   45.83430 -129.74692     7.4979     7.5006   3.399387   3.399221    33.0425    33.0382     2.0667     4.7392    6.76107     0.0785     0.0204    99.4913      48008         11  0.000e+00
          0    120.961    119.935   45.83430 -129.74692     7.4981     7.5006   3.399387   3.399228    33.0423    33.0382     2.0667     4.7394    6.76104     0.0712     0.0193    99.5185      48009         11  0.000e+00
          0    120.901    119.876   45.83430 -129.74692     7.4979     7.5006   3.399363   3.399246    33.0422    33.0385     2.0667     4.7393    6.76108     0.0785     0.0204    99.4913      48010         11  0.000e+00
          0    120.901    119.876   45.83430 -129.74692     7.4983     7.5008   3.399381   3.399274    33.0421    33.0386     2.0679     4.7432    6.76103     0.0785     0.0204    99.4913      48011         11  0.000e+00
          0    120.901    119.876   45.83430 -129.74692     7.4979     7.5002   3.399411   3.399281    33.0428    33.0392     2.0667     4.7393    6.76105     0.0712     0.0215    99.4642      48012         11  0.000e+00
          0    120.849    119.824   45.83430 -129.74692     7.4978     7.5004   3.399466   3.399281    33.0435    33.0390     2.0667     4.7396    6.76104     0.0712     0.0204    99.4913      48013         11  0.000e+00
          0    120.901    119.876   45.83430 -129.74692     7.4979     7.5004   3.399454   3.399284    33.0432    33.0390     2.0679     4.7442    6.76103     0.0785     0.0215    99.4642      48014         11  0.000e+00
          0    120.849    119.824   45.83430 -129.74692     7.4980     7.5006   3.399405   3.399242    33.0427    33.0384     2.0667     4.7403    6.76105     0.0785     0.0215    99.4642      48015         11  0.000e+00
          0    120.797    119.772   45.83430 -129.74692     7.4979     7.5008   3.399411   3.399249    33.0428    33.0383     2.0679     4.7444    6.76105     0.0712     0.0204    99.4913      48016         11  0.000e+00
          0    120.849    119.824   45.83430 -129.74692     7.4980     7.5004   3.399460   3.399235    33.0433    33.0385     2.0667     4.7406    6.76102     0.0712     0.0204    99.4913      48017         11  0.000e+00
          0    120.797    119.772   45.83430 -129.74692     7.4978     7.5004   3.399502   3.399211    33.0439    33.0383     2.0679     4.7447    6.76103     0.0785     0.0204    99.4913      48018         11  0.000e+00
          0    120.797    119.772   45.83430 -129.74692     7.4980     7.5007   3.399484   3.399200    33.0435    33.0379     2.0667     4.7409    6.76101     0.0785     0.0204    99.4913      48019         11  0.000e+00
          0    120.797    119.772   45.83430 -129.74692     7.4979     7.5008   3.399478   3.399204    33.0435    33.0379     2.0667     4.7408    6.76102     0.0712     0.0204    99.4913      48020         11  0.000e+00
          0    120.797    119.772   45.83430 -129.74692     7.4979     7.5004   3.399478   3.399183    33.0435    33.0380     2.0667     4.7408    6.76102     0.0785     0.0204    99.4913      48021         11  0.000e+00
          0    120.738    119.713   45.83430 -129.74692     7.4980     7.5008   3.399502   3.399218    33.0438    33.0380     2.0667     4.7403    6.76100     0.0712     0.0204    99.4913      48022         11  0.000e+00
          0    120.797    119.772   45.83430 -129.74692     7.4979     7.5004   3.399484   3.399267    33.0436    33.0389     2.0667     4.7404    6.76102     0.0785     0.0204    99.4913      48023         11  0.000e+00
          0    120.738    119.713   45.83430 -129.74692     7.4978     7.5004   3.399478   3.399281    33.0437    33.0390     2.0667     4.7403    6.76103     0.0785     0.0204    99.4913      48024         11  0.000e+00
          0    120.686    119.662   45.83430 -129.74692     7.4978     7.5003   3.399459   3.399281    33.0435    33.0392     2.0667     4.7404    6.76104     0.0785     0.0204    99.4913      48025         11  0.000e+00
          0    120.738    119.713   45.83430 -129.74692     7.4978     7.5004   3.399423   3.399263    33.0431    33.0389     2.0667     4.7405    6.76106     0.0785     0.0204    99.4913      48026         11  0.000e+00
          0    120.738    119.713   45.83430 -129.74692     7.4979     7.5004   3.399417   3.399291    33.0429    33.0392     2.0654     4.7363    6.76105     0.0785     0.0215    99.4642      48027         11  0.000e+00
          0    120.686    119.662   45.83430 -129.74692     7.4981     7.5006   3.399441   3.399270    33.0430    33.0388     2.0667     4.7397    6.76101     0.0785     0.0215    99.4642      48028         11  0.000e+00
          0    120.686    119.662   45.83430 -129.74692     7.4979     7.5006   3.399447   3.399291    33.0433    33.0391     2.0667     4.7394    6.76103     0.0785     0.0215    99.4642      48029         11  0.000e+00
          0    120.738    119.714   45.83430 -129.74692     7.4978     7.5006   3.399472   3.399288    33.0436    33.0390     2.0667     4.7395    6.76103     0.0712     0.0215    99.4642      48030         11  0.000e+00
          0    120.634    119.610   45.83430 -129.74692     7.4981     7.5004   3.399429   3.399260    33.0429    33.0389     2.0654     4.7354    6.76102     0.0712     0.0204    99.4913      48031         11  0.000e+00
          0    120.686    119.662   45.83430 -129.74692     7.4978     7.5004   3.399375   3.399256    33.0426    33.0388     2.0654     4.7352    6.76108     0.0712     0.0204    99.4913      48032         11  0.000e+00
          0    120.686    119.662   45.83430 -129.74692     7.4981     7.5006   3.399357   3.399260    33.0421    33.0387     2.0654     4.7349    6.76106     0.0712     0.0204    99.4913      48033         11  0.000e+00
          0    120.686    119.662   45.83430 -129.74692     7.4981     7.5006   3.399381   3.399291    33.0424    33.0391     2.0667     4.7389    6.76104     0.0712     0.0204    99.4913      48034         11  0.000e+00
          0    120.634    119.610   45.83430 -129.74692     7.4980     7.5004   3.399363   3.399288    33.0423    33.0392     2.0667     4.7387    6.76106     0.0712     0.0204    99.4913      48035         11  0.000e+00
          0    120.686    119.662   45.83430 -129.74692     7.4981     7.5004   3.399357   3.399260    33.0421    33.0388     2.0667     4.7385    6.76106     0.0712     0.0204    99.4913      48036         11  0.000e+00
          0    120.634    119.610   45.83430 -129.74692     7.4983     7.5006   3.399332   3.399274    33.0417    33.0389     2.0654     4.7341    6.76104     0.0639     0.0204    99.4913      48037         11  0.000e+00
          0    120.686    119.662   45.83430 -129.74692     7.4981     7.5006   3.399345   3.399260    33.0420    33.0387     2.0654     4.7335    6.76106     0.0639     0.0204    99.4913      48038         11  0.000e+00
          0    120.686    119.662   45.83430 -129.74692     7.4983     7.5006   3.399314   3.399256    33.0415    33.0387     2.0654     4.7329    6.76105     0.0712     0.0204    99.4913      48039         11  0.000e+00
          0    120.634    119.610   45.83430 -129.74692     7.4984     7.5006   3.399296   3.399253    33.0412    33.0387     2.0667     4.7369    6.76105     0.0712     0.0204    99.4913      48040         11  0.000e+00
          0    120.634    119.610   45.83430 -129.74692     7.4983     7.5008   3.399296   3.399235    33.0413    33.0383     2.0667     4.7373    6.76106     0.0712     0.0204    99.4913      48041         11  0.000e+00
          0    120.686    119.662   45.83430 -129.74692     7.4983     7.5006   3.399296   3.399267    33.0413    33.0388     2.0667     4.7377    6.76107     0.0712     0.0204    99.4913      48042         11  0.000e+00
          0    120.634    119.610   45.83430 -129.74692     7.4985     7.5008   3.399339   3.399225    33.0416    33.0382     2.0667     4.7380    6.76102     0.0639     0.0193    99.5185      48043         11  0.000e+00
          0    120.686    119.662   45.83430 -129.74692     7.4983     7.5006   3.399357   3.399200    33.0420    33.0381     2.0654     4.7337    6.76104     0.0712     0.0204    99.4913      48044         11  0.000e+00
          0    120.634    119.610   45.83430 -129.74692     7.4980     7.5006   3.399423   3.399182    33.0430    33.0379     2.0667     4.7379    6.76104     0.0712     0.0204    99.4913      48045         11  0.000e+00
          0    120.686    119.662   45.83430 -129.74692     7.4981     7.5006   3.399472   3.399193    33.0434    33.0380     2.0667     4.7378    6.76100     0.0712     0.0204    99.4913      48046         11  0.000e+00
          0    120.913    119.887   45.83430 -129.74692     7.4989     7.5009   3.398819   3.398720    33.0355    33.0324     2.0716     4.7552    6.76123     0.1005     0.0248    99.3826      48548         12  0.000e+00
          0    120.861    119.836   45.83430 -129.74692     7.4991     7.5009   3.398825   3.398706    33.0353    33.0323     2.0716     4.7548    6.76120     0.1005     0.0237    99.4098      48549         12  0.000e+00
          0    120.861    119.836   45.83430 -129.74692     7.4992     7.5009   3.398819   3.398681    33.0352    33.0321     2.0716     4.7544    6.76119     0.1005     0.0237    99.4098      48550         12  0.000e+00
          0    120.913    119.887   45.83430 -129.74692     7.4991     7.5006   3.398807   3.398695    33.0351    33.0325     2.0728     4.7587    6.76121     0.1005     0.0226    99.4370      48551         12  0.000e+00
          0    120.861    119.836   45.83430 -129.74692     7.4994     7.5008   3.398764   3.398681    33.0344    33.0322     2.0728     4.7591    6.76120     0.1005     0.0237    99.4098      48552         12  0.000e+00
          0    120.809    119.784   45.83430 -129.74692     7.4990     7.5008   3.398770   3.398653    33.0348    33.0319     2.0716     4.7555    6.76123     0.1005     0.0237    99.4098      48553         12  0.000e+00
          0    120.861    119.836   45.83430 -129.74692     7.4991     7.5009   3.398752   3.398688    33.0346    33.0321     2.0716     4.7556    6.76124     0.1005     0.0226    99.4370      48554         12  0.000e+00
          0    120.861    119.836   45.83430 -129.74692     7.4992     7.5009   3.398770   3.398699    33.0347    33.0322     2.0716     4.7552    6.76122     0.0932     0.0215    99.4642      48555         12  0.000e+00
          0    120.809    119.784   45.83430 -129.74692     7.4991     7.5011   3.398776   3.398699    33.0348    33.0321     2.0716     4.7549    6.76122     0.1005     0.0204    99.4913      48556         12  0.000e+00
          0    120.742    119.718   45.83430 -129.74692     7.4992     7.5011   3.398825   3.398681    33.0353    33.0320     2.0728     4.7586    6.76119     0.1005     0.0204    99.4913      48557         12  0.000e+00
          0    120.913    119.887   45.83430 -129.74692     7.4991     7.5013   3.398861   3.398695    33.0357    33.0319     2.0728     4.7588    6.76119     0.1005     0.0215    99.4642      48558         12  0.000e+00
          0    120.749    119.725   45.83430 -129.74692     7.4990     7.5014   3.398940   3.398681    33.0367    33.0316     2.0728     4.7592    6.76115     0.1005     0.0215    99.4642      48559         12  0.000e+00
          0    120.809    119.784   45.83430 -129.74692     7.4991     7.5014   3.398891   3.398695    33.0361    33.0318     2.0728     4.7597    6.76117     0.1005     0.0215    99.4642      48560         12  0.000e+00
          0    120.809    119.784   45.83430 -129.74692     7.4989     7.5014   3.398867   3.398681    33.0360    33.0316     2.0716     4.7561    6.76120     0.1005     0.0215    99.4642      48561         12  0.000e+00
          0    120.749    119.725   45.83430 -129.74692     7.4991     7.5014   3.398867   3.398674    33.0359    33.0316     2.0728     4.7603    6.76118     0.1005     0.0204    99.4913      48562         12  0.000e+00
          0    120.809    119.784   45.83430 -129.74692     7.4992     7.5016   3.398891   3.398657    33.0360    33.0312     2.0728     4.7609    6.76116     0.1005     0.0204    99.4913      48563         12  0.000e+00
          0    120.749    119.725   45.83430 -129.74692     7.4991     7.5016   3.398855   3.398667    33.0357    33.0314     2.0728     4.7614    6.76118     0.1005     0.0204    99.4913      48564         12  0.000e+00
          0    120.749    119.725   45.83430 -129.74692     7.4992     7.5016   3.398837   3.398636    33.0354    33.0310     2.0728     4.7619    6.76118     0.1005     0.0226    99.4370      48565         12  0.000e+00
