TN422/CTD Data/TN-422_CTD-005.ros
* Sea-Bird SBE 9 Data File:
* FileName = C:\data\TN422\TN-422_CTD_05.hex
* Software Version Seasave V 7.26.7.107
* Temperature SN = 2195
* Conductivity SN = 2903
* Number of Bytes Per Scan = 41
* Number of Voltage Words = 4
* Number of Scans Averaged by the Deck Unit = 1
* NMEA Latitude = 44 22.29 N
* NMEA Longitude = 124 57.46 W
* NMEA UTC (Time) = Sep 09 2023  11:33:18
* NMEA baud rate = 4800
** Cruise: TN-422_CTD_05
** Cast: CTD_03_RS03AXPD
** Location: Off Shore
** Date: Sep 9, 2023
** Water Depth: 577
** Operator: jn
# nquan = 20
# nvalues = 2328                                  
# units = specified
# name 0 = modError: Modulo Error Count
# name 1 = prDM: Pressure, Digiquartz [db]
# name 2 = depSM: Depth [salt water, m]
# name 3 = latitude: Latitude [deg]
# name 4 = longitude: Longitude [deg]
# name 5 = t090C: Temperature [ITS-90, deg C]
# name 6 = t190C: Temperature, 2 [ITS-90, deg C]
# name 7 = c0S/m: Conductivity [S/m]
# name 8 = c1S/m: Conductivity, 2 [S/m]
# name 9 = sal00: Salinity, Practical [PSU]
# name 10 = sal11: Salinity, Practical, 2 [PSU]
# name 11 = sbeox0V: Oxygen raw, SBE 43 [V]
# name 12 = sbeox0ML/L: Oxygen, SBE 43 [ml/l]
# name 13 = oxsolML/L: Oxygen Saturation, Garcia & Gordon [ml/l]
# name 14 = flECO-AFL: Fluorescence, WET Labs ECO-AFL/FL [mg/m^3]
# name 15 = CStarAt0: Beam Attenuation, WET Labs C-Star [1/m]
# name 16 = CStarTr0: Beam Transmission, WET Labs C-Star [%]
# name 17 = scan: Scan Count
# name 18 = nbf: Bottles Fired
# name 19 = flag:  0.000e+00
# interval = seconds: 0.0416667
# start_time = Sep 09 2023 11:33:18 [NMEA time, header]
# bad_flag = -9.990e-29
*END*
[from data line 1448]
          0    302.776    300.115   44.37154 -124.95762     7.0328     7.0351   3.452094   3.452201    33.9786    33.9775     1.1365     1.9336    6.79147    -0.0387     0.0313    99.2196      69438         15  0.000e+00
          0    302.776    300.115   44.37154 -124.95762     7.0328     7.0355   3.452113   3.452208    33.9788    33.9772     1.1377     1.9380    6.79146    -0.0387     0.0313    99.2196      69439         15  0.000e+00
          0    302.776    300.115   44.37154 -124.95762     7.0328     7.0350   3.452101   3.452208    33.9787    33.9777     1.1365     1.9342    6.79147    -0.0387     0.0313    99.2196      69440         15  0.000e+00
          0    302.776    300.115   44.37154 -124.95762     7.0328     7.0350   3.452094   3.452187    33.9786    33.9775     1.1377     1.9381    6.79147    -0.0387     0.0302    99.2467      69441         15  0.000e+00
          0    302.776    300.115   44.37154 -124.95762     7.0330     7.0350   3.452113   3.452184    33.9786    33.9774     1.1365     1.9343    6.79144    -0.0387     0.0302    99.2467      69442         15  0.000e+00
          0    302.776    300.116   44.37154 -124.95762     7.0328     7.0351   3.452076   3.452163    33.9784    33.9771     1.1377     1.9383    6.79148    -0.0460     0.0302    99.2467      69443         15  0.000e+00
          0    302.776    300.116   44.37154 -124.95762     7.0328     7.0350   3.452082   3.452155    33.9785    33.9771     1.1365     1.9346    6.79148    -0.0387     0.0302    99.2467      69444         15  0.000e+00
          0    302.615    299.956   44.37154 -124.95764     7.0338     7.0360   3.452246   3.452343    33.9794    33.9783     1.1352     1.9327    6.79129    -0.0314     0.0313    99.2196      69808         16  0.000e+00
          0    302.563    299.905   44.37154 -124.95764     7.0336     7.0361   3.452246   3.452321    33.9796    33.9779     1.1352     1.9324    6.79130    -0.0240     0.0313    99.2196      69809         16  0.000e+00
          0    302.615    299.957   44.37154 -124.95764     7.0337     7.0361   3.452228   3.452318    33.9793    33.9779     1.1365     1.9364    6.79131    -0.0314     0.0313    99.2196      69810         16  0.000e+00
          0    302.563    299.905   44.37154 -124.95764     7.0336     7.0361   3.452240   3.452297    33.9795    33.9776     1.1340     1.9283    6.79131    -0.0314     0.0313    99.2196      69811         16  0.000e+00
          0    302.563    299.905   44.37154 -124.95764     7.0339     7.0361   3.452246   3.452328    33.9793    33.9780     1.1352     1.9318    6.79127    -0.0240     0.0313    99.2196      69812         16  0.000e+00
          0    302.563    299.905   44.37154 -124.95764     7.0336     7.0360   3.452246   3.452364    33.9796    33.9785     1.1352     1.9315    6.79130    -0.0314     0.0302    99.2467      69813         16  0.000e+00
          0    302.563    299.905   44.37154 -124.95764     7.0338     7.0361   3.452246   3.452328    33.9794    33.9780     1.1340     1.9274    6.79129    -0.0240     0.0302    99.2467      69814         16  0.000e+00
          0    302.563    299.905   44.37154 -124.95764     7.0341     7.0363   3.452265   3.452318    33.9793    33.9777     1.1352     1.9310    6.79124    -0.0240     0.0324    99.1924      69815         16  0.000e+00
          0    302.511    299.853   44.37154 -124.95764     7.0339     7.0360   3.452259   3.452318    33.9794    33.9780     1.1340     1.9268    6.79126    -0.0314     0.0346    99.1380      69816         16  0.000e+00
          0    302.563    299.905   44.37154 -124.95764     7.0339     7.0361   3.452246   3.452318    33.9793    33.9779     1.1352     1.9310    6.79127    -0.0240     0.0357    99.1108      69817         16  0.000e+00
          0    302.511    299.853   44.37154 -124.95764     7.0338     7.0358   3.452289   3.452275    33.9799    33.9778     1.1340     1.9264    6.79126    -0.0314     0.0346    99.1380      69818         16  0.000e+00
          0    302.466    299.809   44.37154 -124.95764     7.0341     7.0358   3.452283   3.452258    33.9795    33.9776     1.1340     1.9262    6.79123    -0.0314     0.0335    99.1652      69819         16  0.000e+00
          0    302.563    299.905   44.37154 -124.95764     7.0338     7.0358   3.452277   3.452240    33.9798    33.9774     1.1352     1.9299    6.79127    -0.0240     0.0335    99.1652      69820         16  0.000e+00
          0    302.511    299.853   44.37154 -124.95764     7.0339     7.0360   3.452277   3.452237    33.9796    33.9772     1.1340     1.9259    6.79125    -0.0314     0.0335    99.1652      69821         16  0.000e+00
          0    302.563    299.905   44.37154 -124.95764     7.0341     7.0358   3.452277   3.452237    33.9794    33.9773     1.1352     1.9302    6.79123    -0.0240     0.0335    99.1652      69822         16  0.000e+00
          0    302.511    299.853   44.37154 -124.95764     7.0338     7.0356   3.452259   3.452237    33.9796    33.9775     1.1352     1.9301    6.79128    -0.0314     0.0324    99.1924      69823         16  0.000e+00
          0    302.511    299.853   44.37154 -124.95764     7.0339     7.0358   3.452246   3.452215    33.9793    33.9771     1.1352     1.9305    6.79127    -0.0240     0.0324    99.1924      69824         16  0.000e+00
          0    302.511    299.853   44.37154 -124.95764     7.0336     7.0356   3.452222   3.452208    33.9793    33.9772     1.1352     1.9304    6.79131    -0.0240     0.0313    99.2196      69825         16  0.000e+00
          0    302.451    299.794   44.37154 -124.95764     7.0336     7.0356   3.452167   3.452229    33.9788    33.9775     1.1340     1.9265    6.79134    -0.0314     0.0313    99.2196      69826         16  0.000e+00
          0    302.511    299.853   44.37154 -124.95764     7.0332     7.0355   3.452155   3.452194    33.9790    33.9772     1.1352     1.9308    6.79139    -0.0314     0.0324    99.1924      69827         16  0.000e+00
          0    302.511    299.853   44.37154 -124.95764     7.0335     7.0355   3.452173   3.452201    33.9790    33.9773     1.1352     1.9308    6.79136    -0.0387     0.0313    99.2196      69828         16  0.000e+00
          0    302.511    299.854   44.37154 -124.95764     7.0336     7.0355   3.452186   3.452208    33.9789    33.9773     1.1340     1.9269    6.79133    -0.0387     0.0313    99.2196      69829         16  0.000e+00
          0    302.511    299.854   44.37154 -124.95764     7.0335     7.0355   3.452186   3.452187    33.9791    33.9771     1.1352     1.9308    6.79135    -0.0387     0.0313    99.2196      69830         16  0.000e+00
          0    302.511    299.854   44.37154 -124.95764     7.0333     7.0355   3.452186   3.452184    33.9792    33.9771     1.1340     1.9270    6.79137    -0.0460     0.0313    99.2196      69831         16  0.000e+00
          0    302.452    299.794   44.37154 -124.95764     7.0335     7.0355   3.452161   3.452177    33.9789    33.9770     1.1352     1.9314    6.79136    -0.0387     0.0313    99.2196      69832         16  0.000e+00
          0    302.511    299.854   44.37154 -124.95764     7.0331     7.0351   3.452173   3.452180    33.9793    33.9774     1.1352     1.9315    6.79139    -0.0460     0.0302    99.2467      69833         16  0.000e+00
          0    302.511    299.854   44.37154 -124.95764     7.0333     7.0350   3.452161   3.452162    33.9790    33.9773     1.1352     1.9320    6.79138    -0.0387     0.0313    99.2196      69834         16  0.000e+00
          0    302.511    299.854   44.37154 -124.95764     7.0334     7.0349   3.452155   3.452113    33.9789    33.9769     1.1352     1.9326    6.79138    -0.0387     0.0324    99.1924      69835         16  0.000e+00
          0    302.452    299.795   44.37154 -124.95764     7.0333     7.0345   3.452155   3.452102    33.9789    33.9772     1.1340     1.9289    6.79138    -0.0460     0.0313    99.2196      69836         16  0.000e+00
          0    302.511    299.854   44.37154 -124.95764     7.0331     7.0344   3.452173   3.452081    33.9793    33.9771     1.1352     1.9329    6.79139    -0.0387     0.0313    99.2196      69837         16  0.000e+00
          0    302.519    299.861   44.37154 -124.95764     7.0333     7.0344   3.452161   3.452053    33.9790    33.9767     1.1340     1.9287    6.79138    -0.0387     0.0313    99.2196      69838         16  0.000e+00
          0    302.512    299.854   44.37154 -124.95764     7.0333     7.0344   3.452198   3.452067    33.9794    33.9769     1.1352     1.9333    6.79136    -0.0387     0.0302    99.2467      69839         16  0.000e+00
          0    302.512    299.854   44.37154 -124.95764     7.0330     7.0344   3.452143   3.452053    33.9791    33.9767     1.1352     1.9335    6.79142    -0.0460     0.0302    99.2467      69840         16  0.000e+00
          0    302.512    299.854   44.37154 -124.95764     7.0331     7.0345   3.452143   3.452050    33.9789    33.9766     1.1340     1.9293    6.79141    -0.0387     0.0302    99.2467      69841         16  0.000e+00
          0    302.512    299.854   44.37154 -124.95764     7.0333     7.0347   3.452173   3.452028    33.9791    33.9761     1.1352     1.9334    6.79137    -0.0387     0.0302    99.2467      69842         16  0.000e+00
          0    302.512    299.854   44.37154 -124.95764     7.0335     7.0344   3.452204   3.452042    33.9793    33.9766     1.1340     1.9293    6.79134    -0.0460     0.0313    99.2196      69843         16  0.000e+00
          0    302.564    299.906   44.37154 -124.95764     7.0337     7.0342   3.452234   3.452064    33.9794    33.9770     1.1352     1.9334    6.79130    -0.0387     0.0313    99.2196      69844         16  0.000e+00
          0    302.512    299.854   44.37154 -124.95764     7.0338     7.0345   3.452265   3.452053    33.9796    33.9766     1.1340     1.9293    6.79128    -0.0460     0.0313    99.2196      69845         16  0.000e+00
          0    302.512    299.854   44.37154 -124.95764     7.0338     7.0344   3.452295   3.452067    33.9800    33.9769     1.1352     1.9334    6.79126    -0.0387     0.0313    99.2196      69846         16  0.000e+00
          0    302.512    299.854   44.37154 -124.95764     7.0339     7.0344   3.452307   3.452032    33.9799    33.9765     1.1352     1.9336    6.79124    -0.0460     0.0313    99.2196      69847         16  0.000e+00
          0    302.564    299.906   44.37154 -124.95764     7.0341     7.0344   3.452307   3.452060    33.9798    33.9768     1.1340     1.9296    6.79122    -0.0460     0.0313    99.2196      69848         16  0.000e+00
          0    302.512    299.854   44.37154 -124.95764     7.0339     7.0347   3.452332   3.452074    33.9802    33.9766     1.1352     1.9337    6.79122    -0.0387     0.0313    99.2196      69849         16  0.000e+00
          0    302.564    299.906   44.37154 -124.95764     7.0341     7.0349   3.452313   3.452134    33.9798    33.9771     1.1352     1.9340    6.79122    -0.0460     0.0302    99.2467      69850         16  0.000e+00
          0    302.564    299.906   44.37154 -124.95764     7.0341     7.0349   3.452283   3.452155    33.9795    33.9774     1.1340     1.9299    6.79123    -0.0387     0.0302    99.2467      69851         16  0.000e+00
          0    302.512    299.854   44.37154 -124.95764     7.0341     7.0350   3.452319   3.452215    33.9799    33.9779     1.1352     1.9341    6.79121    -0.0387     0.0302    99.2467      69852         16  0.000e+00
          0    302.617    299.958   44.37154 -124.95764     7.0342     7.0353   3.452313   3.452215    33.9798    33.9776     1.1352     1.9344    6.79121    -0.0314     0.0302    99.2467      69853         16  0.000e+00
          0    302.512    299.854   44.37154 -124.95764     7.0343     7.0354   3.452307   3.452208    33.9796    33.9775     1.1340     1.9303    6.79120    -0.0387     0.0302    99.2467      69854         16  0.000e+00
          0    302.617    299.958   44.37154 -124.95764     7.0341     7.0355   3.452332   3.452187    33.9800    33.9770     1.1352     1.9345    6.79121    -0.0314     0.0302    99.2467      69855         16  0.000e+00
          0    302.617    299.958   44.37154 -124.95764     7.0341     7.0355   3.452313   3.452184    33.9798    33.9770     1.1352     1.9348    6.79122    -0.0314     0.0313    99.2196      69856         16  0.000e+00
          0    302.520    299.862   44.37154 -124.95764     7.0343     7.0355   3.452307   3.452198    33.9796    33.9772     1.1365     1.9395    6.79120    -0.0314     0.0313    99.2196      69857         16  0.000e+00
          0    302.564    299.906   44.37154 -124.95764     7.0343     7.0355   3.452325   3.452226    33.9798    33.9775     1.1389     1.9489    6.79119    -0.0387     0.0313    99.2196      69858         16  0.000e+00
          0    302.617    299.958   44.37154 -124.95764     7.0339     7.0354   3.452289   3.452194    33.9797    33.9773     1.1438     1.9684    6.79125    -0.0314     0.0313    99.2196      69859         16  0.000e+00
          0    302.564    299.906   44.37154 -124.95764     7.0338     7.0356   3.452277   3.452261    33.9797    33.9777     1.1462     1.9800    6.79127    -0.0387     0.0302    99.2467      69860         16  0.000e+00
          0    302.617    299.958   44.37154 -124.95764     7.0340     7.0354   3.452301   3.452247    33.9798    33.9778     1.1511     2.0016    6.79124    -0.0314     0.0313    99.2196      69861         16  0.000e+00
          0    302.565    299.906   44.37154 -124.95764     7.0341     7.0355   3.452307   3.452237    33.9798    33.9776     1.1536     2.0160    6.79122    -0.0314     0.0324    99.1924      69862         16  0.000e+00
          0    302.617    299.958   44.37154 -124.95764     7.0341     7.0355   3.452259   3.452237    33.9792    33.9776     1.1560     2.0307    6.79124    -0.0314     0.0324    99.1924      69863         16  0.000e+00
          0    302.565    299.906   44.37154 -124.95764     7.0339     7.0356   3.452265   3.452194    33.9795    33.9770     1.1573     2.0421    6.79126    -0.0387     0.0313    99.2196      69864         16  0.000e+00
          0    302.617    299.958   44.37154 -124.95764     7.0343     7.0355   3.452295   3.452222    33.9795    33.9774     1.1585     2.0531    6.79121    -0.0314     0.0313    99.2196      69865         16  0.000e+00
          0    302.617    299.958   44.37154 -124.95764     7.0339     7.0356   3.452307   3.452254    33.9799    33.9776     1.1597     2.0646    6.79124    -0.0314     0.0313    99.2196      69866         16  0.000e+00
          0    302.617    299.958   44.37154 -124.95764     7.0341     7.0358   3.452283   3.452261    33.9795    33.9776     1.1609     2.0758    6.79123    -0.0387     0.0313    99.2196      69867         16  0.000e+00
          0    302.617    299.958   44.37154 -124.95764     7.0341     7.0356   3.452277   3.452261    33.9794    33.9777     1.1597     2.0783    6.79124    -0.0314     0.0313    99.2196      69868         16  0.000e+00
          0    302.617    299.958   44.37154 -124.95764     7.0341     7.0360   3.452319   3.452261    33.9799    33.9774     1.1622     2.0934    6.79121    -0.0387     0.0302    99.2467      69869         16  0.000e+00
          0    302.677    300.018   44.37154 -124.95764     7.0342     7.0361   3.452313   3.452279    33.9797    33.9774     1.1609     2.0956    6.79121    -0.0314     0.0302    99.2467      69870         16  0.000e+00
          0    302.617    299.958   44.37154 -124.95764     7.0341     7.0361   3.452283   3.452307    33.9795    33.9777     1.1622     2.1060    6.79123    -0.0387     0.0302    99.2467      69871         16  0.000e+00
          0    302.617    299.958   44.37154 -124.95764     7.0339     7.0363   3.452277   3.452335    33.9796    33.9779     1.1609     2.1078    6.79125    -0.0314     0.0313    99.2196      69872         16  0.000e+00
