TN422/CTD Data/TN-422_CTD-004.ros
* Sea-Bird SBE 9 Data File:
* FileName = C:\data\TN422\TN-422_CTD_04.hex
* Software Version Seasave V 7.26.7.107
* Temperature SN = 2195
* Conductivity SN = 2903
* Number of Bytes Per Scan = 41
* Number of Voltage Words = 4
* Number of Scans Averaged by the Deck Unit = 1
* NMEA Latitude = 45 49.48 N
* NMEA Longitude = 129 45.58 W
* NMEA UTC (Time) = Sep 03 2023  04:41:43
* NMEA baud rate = 4800
** Cruise: TN-422_CTD_04
** Cast: CTD_03_RS03AXPD
** Location:
** Date: Sep 2, 2023
** Water Depth:
** Operator: MW
# nquan = 20
# nvalues = 2328                                  
# units = specified
# name 0 = modError: Modulo Error Count
# name 1 = prDM: Pressure, Digiquartz [db]
# name 2 = depSM: Depth [salt water, m]
# name 3 = latitude: Latitude [deg]
# name 4 = longitude: Longitude [deg]
# name 5 = t090C: Temperature [ITS-90, deg C]
# name 6 = t190C: Temperature, 2 [ITS-90, deg C]
# name 7 = c0S/m: Conductivity [S/m]
# name 8 = c1S/m: Conductivity, 2 [S/m]
# name 9 = sal00: Salinity, Practical [PSU]
# name 10 = sal11: Salinity, Practical, 2 [PSU]
# name 11 = sbeox0V: Oxygen raw, SBE 43 [V]
# name 12 = sbeox0ML/L: Oxygen, SBE 43 [ml/l]
# name 13 = oxsolML/L: Oxygen Saturation, Garcia & Gordon [ml/l]
# name 14 = flECO-AFL: Fluorescence, WET Labs ECO-AFL/FL [mg/m^3]
# name 15 = CStarAt0: Beam Attenuation, WET Labs C-Star [1/m]
# name 16 = CStarTr0: Beam Transmission, WET Labs C-Star [%]
# name 17 = scan: Scan Count
# name 18 = nbf: Bottles Fired
# name 19 = flag:  0.000e+00
# interval = seconds: 0.0416667
# start_time = Sep 03 2023 04:41:43 [NMEA time, header]
# bad_flag = -9.990e-29
*END*
[from data line 290]
          0   2434.924   2401.043   45.82460 -129.75972     1.8470     1.8500   3.136959   3.136977    34.6120    34.6091     0.8678     1.6520    7.66041    -0.0240     0.0040    99.8990      91041          3  0.000e+00
          0   2433.755   2399.897   45.82462 -129.75972     1.8470     1.8500   3.136900   3.136906    34.6118    34.6087     0.8678     1.6478    7.66042    -0.0167     0.0040    99.8990      91368          4  0.000e+00
          0   2433.778   2399.920   45.82462 -129.75972     1.8470     1.8498   3.136906   3.136939    34.6119    34.6093     0.8678     1.6479    7.66041    -0.0167     0.0051    99.8718      91369          4  0.000e+00
          0   2433.817   2399.958   45.82462 -129.75974     1.8469     1.8500   3.136883   3.136916    34.6118    34.6088     0.8678     1.6481    7.66045    -0.0167     0.0040    99.8990      91370          4  0.000e+00
          0   2433.817   2399.958   45.82462 -129.75974     1.8469     1.8498   3.136877   3.136923    34.6117    34.6091     0.8678     1.6482    7.66046    -0.0167     0.0040    99.8990      91371          4  0.000e+00
          0   2433.895   2400.034   45.82462 -129.75974     1.8470     1.8500   3.136906   3.136929    34.6118    34.6090     0.8678     1.6498    7.66042    -0.0167     0.0051    99.8718      91372          4  0.000e+00
          0   2433.879   2400.019   45.82462 -129.75974     1.8470     1.8501   3.136929   3.136929    34.6121    34.6088     0.8678     1.6499    7.66040    -0.0167     0.0051    99.8718      91373          4  0.000e+00
          0   2433.957   2400.095   45.82462 -129.75974     1.8470     1.8497   3.136912   3.136909    34.6119    34.6090     0.8678     1.6501    7.66041    -0.0167     0.0040    99.8990      91374          4  0.000e+00
          0   2433.934   2400.072   45.82462 -129.75974     1.8470     1.8498   3.136924   3.136956    34.6120    34.6094     0.8678     1.6503    7.66040    -0.0167     0.0040    99.8990      91375          4  0.000e+00
          0   2434.011   2400.148   45.82462 -129.75974     1.8469     1.8501   3.136941   3.136956    34.6124    34.6091     0.8678     1.6505    7.66042    -0.0240     0.0040    99.8990      91376          4  0.000e+00
          0   2433.996   2400.133   45.82462 -129.75974     1.8469     1.8498   3.136894   3.136916    34.6118    34.6089     0.8678     1.6507    7.66045    -0.0240     0.0040    99.8990      91377          4  0.000e+00
          0   2434.073   2400.209   45.82462 -129.75974     1.8470     1.8498   3.136894   3.136923    34.6116    34.6090     0.8678     1.6509    7.66043    -0.0314     0.0040    99.8990      91378          4  0.000e+00
          0   2434.058   2400.194   45.82462 -129.75974     1.8469     1.8500   3.136924   3.136946    34.6122    34.6091     0.8678     1.6510    7.66043    -0.0240     0.0051    99.8718      91379          4  0.000e+00
          0   2434.135   2400.270   45.82462 -129.75974     1.8469     1.8500   3.136912   3.136953    34.6120    34.6091     0.8678     1.6512    7.66044    -0.0314     0.0040    99.8990      91380          4  0.000e+00
          0   2434.174   2400.308   45.82462 -129.75974     1.8470     1.8498   3.136912   3.136970    34.6118    34.6095     0.8678     1.6514    7.66042    -0.0314     0.0040    99.8990      91381          4  0.000e+00
          0   2434.136   2400.270   45.82462 -129.75974     1.8470     1.8500   3.136929   3.136956    34.6120    34.6092     0.8678     1.6516    7.66041    -0.0240     0.0040    99.8990      91382          4  0.000e+00
          0   2434.229   2400.362   45.82462 -129.75974     1.8467     1.8500   3.136935   3.136953    34.6123    34.6091     0.8678     1.6532    7.66044    -0.0240     0.0040    99.8990      91383          4  0.000e+00
          0   2434.252   2400.384   45.82462 -129.75974     1.8470     1.8498   3.136935   3.136953    34.6120    34.6093     0.8678     1.6535    7.66041    -0.0240     0.0040    99.8990      91384          4  0.000e+00
          0   2434.291   2400.422   45.82462 -129.75974     1.8469     1.8501   3.136918   3.136933    34.6120    34.6087     0.8678     1.6537    7.66044    -0.0314     0.0040    99.8990      91385          4  0.000e+00
          0   2434.306   2400.438   45.82462 -129.75974     1.8470     1.8500   3.136930   3.136946    34.6119    34.6090     0.8678     1.6539    7.66041    -0.0240     0.0040    99.8990      91386          4  0.000e+00
          0   2434.353   2400.483   45.82462 -129.75974     1.8469     1.8501   3.136935   3.136980    34.6122    34.6092     0.8678     1.6542    7.66043    -0.0240     0.0051    99.8718      91387          4  0.000e+00
          0   2434.430   2400.559   45.82462 -129.75974     1.8470     1.8501   3.136935   3.136960    34.6119    34.6089     0.8690     1.6618    7.66041    -0.0240     0.0040    99.8990      91388          4  0.000e+00
          0   2434.407   2400.537   45.82462 -129.75974     1.8467     1.8500   3.136935   3.136953    34.6123    34.6090     0.8678     1.6560    7.66045    -0.0314     0.0040    99.8990      91389          4  0.000e+00
          0   2434.485   2400.613   45.82462 -129.75974     1.8469     1.8501   3.136918   3.136970    34.6119    34.6090     0.8678     1.6562    7.66045    -0.0314     0.0040    99.8990      91390          4  0.000e+00
          0   2434.469   2400.598   45.82462 -129.75974     1.8470     1.8500   3.136906   3.136957    34.6116    34.6090     0.8678     1.6564    7.66043    -0.0240     0.0040    99.8990      91391          4  0.000e+00
          0   2434.547   2400.674   45.82462 -129.75974     1.8470     1.8501   3.136924   3.136970    34.6117    34.6090     0.8678     1.6566    7.66042    -0.0240     0.0051    99.8718      91392          4  0.000e+00
          0   2434.531   2400.658   45.82462 -129.75974     1.8469     1.8500   3.136935   3.136957    34.6121    34.6090     0.8678     1.6567    7.66044    -0.0240     0.0051    99.8718      91393          4  0.000e+00
          0   2434.609   2400.735   45.82462 -129.75974     1.8470     1.8501   3.136918   3.136970    34.6116    34.6090     0.8678     1.6569    7.66043    -0.0314     0.0051    99.8718      91394          4  0.000e+00
          0   2434.648   2400.773   45.82462 -129.75974     1.8469     1.8500   3.136930   3.136977    34.6120    34.6092     0.8690     1.6645    7.66044    -0.0240     0.0051    99.8718      91395          4  0.000e+00
          0   2434.609   2400.735   45.82462 -129.75974     1.8469     1.8498   3.136936   3.136957    34.6120    34.6091     0.8678     1.6586    7.66044    -0.0240     0.0051    99.8718      91396          4  0.000e+00
          0   2434.710   2400.833   45.82462 -129.75974     1.8470     1.8501   3.136936   3.136933    34.6118    34.6085     0.8678     1.6587    7.66042    -0.0240     0.0051    99.8718      91397          4  0.000e+00
          0   2434.726   2400.849   45.82462 -129.75974     1.8470     1.8498   3.136941   3.136984    34.6119    34.6094     0.8678     1.6589    7.66041    -0.0314     0.0040    99.8990      91398          4  0.000e+00
          0   2434.764   2400.887   45.82462 -129.75974     1.8467     1.8501   3.136959   3.137004    34.6124    34.6093     0.8665     1.6502    7.66044    -0.0314     0.0051    99.8718      91399          4  0.000e+00
          0   2434.788   2400.910   45.82462 -129.75974     1.8470     1.8498   3.136941   3.136963    34.6118    34.6091     0.8678     1.6548    7.66041    -0.0314     0.0051    99.8718      91400          4  0.000e+00
          0   2434.826   2400.948   45.82462 -129.75974     1.8469     1.8501   3.136936   3.136990    34.6119    34.6091     0.8678     1.6549    7.66044    -0.0314     0.0051    99.8718      91401          4  0.000e+00
          0   2434.842   2400.963   45.82462 -129.75974     1.8469     1.8500   3.136936   3.136984    34.6119    34.6092     0.8678     1.6549    7.66044    -0.0387     0.0040    99.8990      91402          4  0.000e+00
          0   2434.881   2401.001   45.82462 -129.75974     1.8470     1.8501   3.136965   3.136957    34.6121    34.6087     0.8678     1.6550    7.66040    -0.0387     0.0040    99.8990      91403          4  0.000e+00
          0   2434.904   2401.024   45.82462 -129.75974     1.8470     1.8498   3.136941   3.136991    34.6118    34.6094     0.8678     1.6551    7.66042    -0.0387     0.0040    99.8990      91404          4  0.000e+00
          0   2434.943   2401.062   45.82462 -129.75974     1.8470     1.8500   3.136936   3.137004    34.6117    34.6094     0.8678     1.6551    7.66042    -0.0314     0.0040    99.8990      91405          4  0.000e+00
          0   2434.958   2401.077   45.82462 -129.75974     1.8469     1.8501   3.136953   3.136984    34.6121    34.6090     0.8678     1.6552    7.66044    -0.0314     0.0040    99.8990      91406          4  0.000e+00
          0   2435.005   2401.123   45.82462 -129.75974     1.8469     1.8498   3.136947   3.136977    34.6120    34.6092     0.8678     1.6553    7.66044    -0.0387     0.0040    99.8990      91407          4  0.000e+00
          0   2435.021   2401.138   45.82462 -129.75974     1.8469     1.8501   3.136983   3.136977    34.6124    34.6089     0.8665     1.6465    7.66042    -0.0387     0.0040    99.8990      91408          4  0.000e+00
          0   2435.059   2401.176   45.82462 -129.75974     1.8470     1.8498   3.136947   3.136997    34.6118    34.6094     0.8678     1.6511    7.66042    -0.0314     0.0040    99.8990      91409          4  0.000e+00
          0   2435.083   2401.199   45.82462 -129.75974     1.8467     1.8500   3.136936   3.136964    34.6119    34.6088     0.8678     1.6511    7.66047    -0.0387     0.0040    99.8990      91410          4  0.000e+00
          0   2435.059   2401.176   45.82462 -129.75974     1.8469     1.8500   3.136953   3.136991    34.6120    34.6092     0.8678     1.6511    7.66044    -0.0387     0.0040    99.8990      91411          4  0.000e+00
          0   2435.137   2401.252   45.82462 -129.75974     1.8469     1.8500   3.136947   3.136984    34.6119    34.6090     0.8678     1.6511    7.66044    -0.0314     0.0051    99.8718      91412          4  0.000e+00
          0   2435.199   2401.313   45.82462 -129.75974     1.8470     1.8498   3.136959   3.136987    34.6119    34.6092     0.8678     1.6511    7.66041    -0.0387     0.0040    99.8990      91413          4  0.000e+00
          0   2435.122   2401.237   45.82462 -129.75974     1.8470     1.8497   3.136965   3.136943    34.6120    34.6089     0.8665     1.6437    7.66041    -0.0314     0.0040    99.8990      91414          4  0.000e+00
          0   2435.261   2401.374   45.82462 -129.75974     1.8469     1.8500   3.136942   3.136984    34.6118    34.6090     0.8678     1.6498    7.66045    -0.0314     0.0040    99.8990      91415          4  0.000e+00
          0   2435.238   2401.351   45.82462 -129.75974     1.8470     1.8498   3.136965   3.136984    34.6119    34.6092     0.8678     1.6498    7.66041    -0.0387     0.0030    99.9262      91416          4  0.000e+00
          0   2435.199   2401.313   45.82462 -129.75974     1.8469     1.8500   3.136965   3.136977    34.6121    34.6089     0.8678     1.6499    7.66043    -0.0314     0.0040    99.8990      91417          4  0.000e+00
          0   2435.300   2401.412   45.82462 -129.75974     1.8469     1.8500   3.136965   3.136977    34.6121    34.6089     0.8678     1.6500    7.66044    -0.0387     0.0040    99.8990      91418          4  0.000e+00
          0   2435.261   2401.374   45.82462 -129.75974     1.8469     1.8498   3.136942   3.136977    34.6118    34.6091     0.8678     1.6500    7.66045    -0.0387     0.0030    99.9262      91419          4  0.000e+00
          0   2435.355   2401.465   45.82462 -129.75974     1.8470     1.8498   3.136942   3.136957    34.6116    34.6088     0.8678     1.6501    7.66043    -0.0314     0.0040    99.8990      91420          4  0.000e+00
          0   2435.316   2401.427   45.82462 -129.75974     1.8469     1.8497   3.136959   3.136991    34.6120    34.6094     0.8678     1.6501    7.66044    -0.0387     0.0030    99.9262      91421          4  0.000e+00
          0   2435.355   2401.466   45.82462 -129.75974     1.8469     1.8500   3.136965   3.136984    34.6120    34.6089     0.8678     1.6502    7.66044    -0.0314     0.0040    99.8990      91422          4  0.000e+00
          0   2435.316   2401.428   45.82462 -129.75974     1.8472     1.8497   3.136965   3.136957    34.6117    34.6090     0.8690     1.6576    7.66039    -0.0387     0.0040    99.8990      91423          4  0.000e+00
          0   2435.355   2401.466   45.82462 -129.75974     1.8467     1.8500   3.136942   3.136991    34.6119    34.6090     0.8678     1.6517    7.66047    -0.0387     0.0040    99.8990      91424          4  0.000e+00
          0   2435.432   2401.542   45.82462 -129.75974     1.8470     1.8498   3.136965   3.136984    34.6118    34.6091     0.8678     1.6517    7.66042    -0.0314     0.0040    99.8990      91425          4  0.000e+00
          0   2435.355   2401.466   45.82462 -129.75974     1.8469     1.8497   3.136924   3.136997    34.6115    34.6094     0.8678     1.6517    7.66046    -0.0387     0.0040    99.8990      91426          4  0.000e+00
          0   2435.378   2401.489   45.82462 -129.75974     1.8470     1.8497   3.136947   3.137004    34.6116    34.6095     0.8678     1.6517    7.66043    -0.0314     0.0040    99.8990      91427          4  0.000e+00
          0   2435.417   2401.527   45.82462 -129.75974     1.8469     1.8497   3.136965   3.137004    34.6120    34.6095     0.8678     1.6517    7.66044    -0.0314     0.0040    99.8990      91428          4  0.000e+00
          0   2435.432   2401.542   45.82462 -129.75974     1.8469     1.8498   3.136947   3.137004    34.6118    34.6093     0.8678     1.6517    7.66045    -0.0387     0.0040    99.8990      91429          4  0.000e+00
          0   2435.417   2401.527   45.82462 -129.75974     1.8469     1.8500   3.136959   3.136984    34.6119    34.6089     0.8678     1.6517    7.66044    -0.0314     0.0040    99.8990      91430          4  0.000e+00
          0   2435.433   2401.542   45.82462 -129.75974     1.8470     1.8500   3.136983   3.136997    34.6120    34.6091     0.8678     1.6517    7.66040    -0.0387     0.0030    99.9262      91431          4  0.000e+00
          0   2435.417   2401.527   45.82462 -129.75974     1.8470     1.8500   3.136947   3.137021    34.6116    34.6094     0.8678     1.6517    7.66043    -0.0314     0.0040    99.8990      91432          4  0.000e+00
          0   2435.433   2401.542   45.82462 -129.75974     1.8472     1.8498   3.136977   3.136987    34.6118    34.6091     0.8678     1.6517    7.66038    -0.0314     0.0040    99.8990      91433          4  0.000e+00
          0   2435.417   2401.527   45.82462 -129.75974     1.8472     1.8498   3.136959   3.136977    34.6116    34.6090     0.8678     1.6517    7.66040    -0.0387     0.0030    99.9262      91434          4  0.000e+00
          0   2435.433   2401.542   45.82462 -129.75974     1.8469     1.8498   3.136936   3.136997    34.6117    34.6092     0.8690     1.6591    7.66046    -0.0314     0.0030    99.9262      91435          4  0.000e+00
          0   2435.417   2401.527   45.82462 -129.75974     1.8473     1.8498   3.136977   3.137004    34.6117    34.6093     0.8678     1.6530    7.66037    -0.0314     0.0030    99.9262      91436          4  0.000e+00
          0   2435.433   2401.542   45.82462 -129.75974     1.8472     1.8498   3.136971   3.137004    34.6117    34.6093     0.8678     1.6544    7.66039    -0.0387     0.0030    99.9262      91437          4  0.000e+00
