TN422/CTD Data/TN-422_CTD-002.ros
* Sea-Bird SBE 9 Data File:
* FileName = C:\data\TN422\TN-422_CTD_02.hex
* Software Version Seasave V 7.26.7.107
* Temperature SN = 2195
* Conductivity SN = 2903
* Number of Bytes Per Scan = 41
* Number of Voltage Words = 4
* Number of Scans Averaged by the Deck Unit = 1
* NMEA Latitude = 44 31.97 N
* NMEA Longitude = 125 23.50 W
* NMEA UTC (Time) = Aug 16 2023  22:53:46
* NMEA baud rate = 4800
** Cruise: TN-422
** Cast: CTD-002
** Location: 500 m downcurrent of SP at S;ope Base
** Date: Aug 16, 2023
** Water Depth: 2909
** Operator: JN
# nquan = 20
# nvalues = 2328                                  
# units = specified
# name 0 = modError: Modulo Error Count
# name 1 = prDM: Pressure, Digiquartz [db]
# name 2 = depSM: Depth [salt water, m]
# name 3 = latitude: Latitude [deg]
# name 4 = longitude: Longitude [deg]
# name 5 = t090C: Temperature [ITS-90, deg C]
# name 6 = t190C: Temperature, 2 [ITS-90, deg C]
# name 7 = c0S/m: Conductivity [S/m]
# name 8 = c1S/m: Conductivity, 2 [S/m]
# name 9 = sal00: Salinity, Practical [PSU]
# name 10 = sal11: Salinity, Practical, 2 [PSU]
# name 11 = sbeox0V: Oxygen raw, SBE 43 [V]
# name 12 = sbeox0ML/L: Oxygen, SBE 43 [ml/l]
# name 13 = oxsolML/L: Oxygen Saturation, Garcia & Gordon [ml/l]
# name 14 = flECO-AFL: Fluorescence, WET Labs ECO-AFL/FL [mg/m^3]
# name 15 = CStarAt0: Beam Attenuation, WET Labs C-Star [1/m]
# name 16 = CStarTr0: Beam Transmission, WET Labs C-Star [%]
# name 17 = scan: Scan Count
# name 18 = nbf: Bottles Fired
# name 19 = flag:  0.000e+00
# interval = seconds: 0.0416667
# start_time = Aug 16 2023 22:53:46 [NMEA time, header]
# bad_flag = -9.990e-29
*END*
[from data line 797]
          0    202.110    200.380   44.53274 -125.39164     7.4028     7.4043   3.480538   3.480338    33.9738    33.9702     1.1464     1.9255    6.73451    -0.0387     0.0248    99.3826     162387          9  0.000e+00
          0    202.095    200.365   44.53274 -125.39164     7.4028     7.4044   3.480556   3.480338    33.9740    33.9701     1.1464     1.9256    6.73450    -0.0387     0.0248    99.3826     162388          9  0.000e+00
          0    202.110    200.380   44.53274 -125.39164     7.4030     7.4044   3.480568   3.480352    33.9740    33.9702     1.1464     1.9257    6.73448    -0.0387     0.0237    99.4098     162389          9  0.000e+00
          0    202.162    200.432   44.53274 -125.39164     7.4030     7.4043   3.480538   3.480359    33.9736    33.9704     1.1464     1.9263    6.73449    -0.0460     0.0237    99.4098     162390          9  0.000e+00
          0    202.155    200.424   44.53274 -125.39164     7.4026     7.4044   3.480580   3.480359    33.9744    33.9703     1.1452     1.9222    6.73451    -0.0460     0.0226    99.4370     162391          9  0.000e+00
          0    202.162    200.432   44.53274 -125.39164     7.4028     7.4044   3.480574   3.480362    33.9742    33.9703     1.1452     1.9224    6.73449    -0.0460     0.0226    99.4370     162392          9  0.000e+00
          0    202.162    200.432   44.53274 -125.39164     7.4030     7.4045   3.480568   3.480341    33.9740    33.9700     1.1452     1.9221    6.73448    -0.0387     0.0226    99.4370     162393          9  0.000e+00
          0    202.155    200.424   44.53276 -125.39164     7.4030     7.4044   3.480586   3.480352    33.9742    33.9702     1.1452     1.9214    6.73447    -0.0387     0.0226    99.4370     162394          9  0.000e+00
          0    202.215    200.484   44.53276 -125.39164     7.4028     7.4044   3.480574   3.480338    33.9742    33.9700     1.1452     1.9212    6.73450    -0.0387     0.0226    99.4370     162395          9  0.000e+00
          0    202.215    200.484   44.53276 -125.39164     7.4030     7.4046   3.480544   3.480352    33.9737    33.9700     1.1464     1.9252    6.73449    -0.0314     0.0226    99.4370     162396          9  0.000e+00
          0    202.207    200.476   44.53276 -125.39164     7.4028     7.4045   3.480556   3.480384    33.9740    33.9704     1.1464     1.9249    6.73450    -0.0314     0.0237    99.4098     162397          9  0.000e+00
          0    202.215    200.484   44.53276 -125.39164     7.4028     7.4045   3.480568   3.480348    33.9741    33.9701     1.1464     1.9251    6.73450    -0.0314     0.0237    99.4098     162398          9  0.000e+00
          0    202.274    200.543   44.53276 -125.39164     7.4026     7.4044   3.480586   3.480352    33.9744    33.9702     1.1464     1.9258    6.73451    -0.0314     0.0237    99.4098     162399          9  0.000e+00
          0    202.207    200.476   44.53276 -125.39164     7.4031     7.4044   3.480599   3.480359    33.9741    33.9703     1.1464     1.9260    6.73445    -0.0314     0.0237    99.4098     162400          9  0.000e+00
          0    202.274    200.543   44.53276 -125.39164     7.4028     7.4045   3.480574   3.480363    33.9741    33.9702     1.1464     1.9263    6.73450    -0.0314     0.0226    99.4370     162401          9  0.000e+00
          0    202.274    200.543   44.53276 -125.39164     7.4028     7.4044   3.480568   3.480341    33.9741    33.9700     1.1464     1.9270    6.73450    -0.0314     0.0226    99.4370     162402          9  0.000e+00
          0    202.319    200.587   44.53276 -125.39164     7.4028     7.4044   3.480586   3.480352    33.9743    33.9701     1.1464     1.9272    6.73449    -0.0314     0.0226    99.4370     162403          9  0.000e+00
          0    202.274    200.543   44.53276 -125.39164     7.4028     7.4043   3.480599   3.480359    33.9744    33.9704     1.1464     1.9274    6.73449    -0.0387     0.0226    99.4370     162404          9  0.000e+00
          0    202.327    200.595   44.53276 -125.39164     7.4030     7.4043   3.480599   3.480359    33.9742    33.9704     1.1452     1.9235    6.73447    -0.0387     0.0226    99.4370     162405          9  0.000e+00
          0    202.274    200.543   44.53276 -125.39164     7.4028     7.4044   3.480617   3.480363    33.9746    33.9703     1.1452     1.9237    6.73448    -0.0387     0.0259    99.3555     162406          9  0.000e+00
          0    202.371    200.639   44.53276 -125.39164     7.4026     7.4045   3.480580   3.480341    33.9743    33.9699     1.1452     1.9236    6.73451    -0.0387     0.0281    99.3011     162407          9  0.000e+00
          0    202.327    200.595   44.53276 -125.39164     7.4028     7.4044   3.480568   3.480373    33.9741    33.9704     1.1452     1.9230    6.73450    -0.0387     0.0291    99.2739     162408          9  0.000e+00
          0    202.327    200.595   44.53276 -125.39164     7.4026     7.4046   3.480586   3.480366    33.9744    33.9701     1.1452     1.9229    6.73451    -0.0314     0.0291    99.2739     162409          9  0.000e+00
          0    202.371    200.639   44.53276 -125.39164     7.4028     7.4044   3.480617   3.480384    33.9746    33.9705     1.1464     1.9270    6.73448    -0.0314     0.0291    99.2739     162410          9  0.000e+00
          0    202.386    200.654   44.53276 -125.39164     7.4028     7.4044   3.480556   3.480366    33.9739    33.9703     1.1464     1.9269    6.73451    -0.0314     0.0270    99.3283     162411          9  0.000e+00
          0    202.274    200.543   44.53276 -125.39164     7.4026     7.4045   3.480580   3.480359    33.9744    33.9702     1.1464     1.9267    6.73451    -0.0387     0.0259    99.3555     162412          9  0.000e+00
          0    202.483    200.750   44.53276 -125.39164     7.4030     7.4045   3.480574   3.480359    33.9739    33.9700     1.1452     1.9228    6.73448    -0.0387     0.0259    99.3555     162413          9  0.000e+00
          0    202.327    200.595   44.53276 -125.39164     7.4026     7.4045   3.480586   3.480316    33.9744    33.9696     1.1452     1.9227    6.73451    -0.0387     0.0248    99.3826     162414          9  0.000e+00
          0    202.386    200.654   44.53276 -125.39164     7.4028     7.4045   3.480574   3.480309    33.9741    33.9696     1.1452     1.9221    6.73450    -0.0387     0.0248    99.3826     162415          9  0.000e+00
          0    202.431    200.698   44.53276 -125.39164     7.4026     7.4044   3.480568   3.480345    33.9742    33.9700     1.1464     1.9258    6.73452    -0.0387     0.0248    99.3826     162416          9  0.000e+00
          0    202.327    200.595   44.53276 -125.39164     7.4028     7.4044   3.480568   3.480401    33.9741    33.9707     1.1464     1.9260    6.73450    -0.0387     0.0248    99.3826     162417          9  0.000e+00
          0    202.439    200.706   44.53274 -125.39164     7.4028     7.4041   3.480587   3.480373    33.9742    33.9706     1.1452     1.9222    6.73449    -0.0387     0.0259    99.3555     162418          9  0.000e+00
          0    202.371    200.639   44.53274 -125.39164     7.4030     7.4044   3.480574   3.480363    33.9739    33.9702     1.1452     1.9220    6.73448    -0.0314     0.0259    99.3555     162419          9  0.000e+00
          0    202.386    200.654   44.53274 -125.39164     7.4028     7.4045   3.480544   3.480359    33.9738    33.9701     1.1464     1.9262    6.73451    -0.0314     0.0259    99.3555     162420          9  0.000e+00
          0    202.439    200.706   44.53274 -125.39164     7.4026     7.4043   3.480580   3.480380    33.9743    33.9705     1.1464     1.9265    6.73452    -0.0314     0.0248    99.3826     162421          9  0.000e+00
          0    202.371    200.639   44.53274 -125.39164     7.4028     7.4044   3.480574   3.480409    33.9741    33.9707     1.1452     1.9226    6.73450    -0.0387     0.0259    99.3555     162422          9  0.000e+00
          0    202.386    200.654   44.53274 -125.39164     7.4026     7.4043   3.480568   3.480373    33.9742    33.9705     1.1452     1.9226    6.73452    -0.0387     0.0259    99.3555     162423          9  0.000e+00
          0    202.439    200.706   44.53274 -125.39164     7.4028     7.4043   3.480568   3.480363    33.9740    33.9703     1.1452     1.9230    6.73450    -0.0387     0.0248    99.3826     162424          9  0.000e+00
          0    202.327    200.595   44.53274 -125.39164     7.4028     7.4043   3.480586   3.480380    33.9743    33.9706     1.1464     1.9272    6.73449    -0.0314     0.0259    99.3555     162425          9  0.000e+00
          0    202.431    200.698   44.53274 -125.39164     7.4026     7.4043   3.480599   3.480366    33.9745    33.9704     1.1464     1.9272    6.73451    -0.0314     0.0259    99.3555     162426          9  0.000e+00
          0    202.386    200.654   44.53274 -125.39164     7.4025     7.4041   3.480574   3.480380    33.9744    33.9708     1.1464     1.9271    6.73453    -0.0387     0.0248    99.3826     162427          9  0.000e+00
          0    202.386    200.654   44.53274 -125.39164     7.4025     7.4041   3.480568   3.480366    33.9743    33.9706     1.1452     1.9228    6.73454    -0.0387     0.0248    99.3826     162428          9  0.000e+00
          0    202.372    200.639   44.53274 -125.39164     7.4023     7.4041   3.480568   3.480384    33.9745    33.9707     1.1452     1.9223    6.73455    -0.0314     0.0248    99.3826     162429          9  0.000e+00
          0    202.327    200.595   44.53274 -125.39164     7.4023     7.4043   3.480586   3.480366    33.9747    33.9704     1.1464     1.9260    6.73454    -0.0314     0.0270    99.3283     162430          9  0.000e+00
          0    202.386    200.654   44.53274 -125.39164     7.4025     7.4041   3.480550   3.480380    33.9741    33.9707     1.1452     1.9221    6.73455    -0.0314     0.0270    99.3283     162431          9  0.000e+00
          0    202.372    200.639   44.53274 -125.39164     7.4023     7.4041   3.480580   3.480366    33.9746    33.9706     1.1452     1.9221    6.73455    -0.0387     0.0259    99.3555     162432          9  0.000e+00
          0    202.327    200.595   44.53274 -125.39164     7.4022     7.4041   3.480550   3.480384    33.9745    33.9708     1.1452     1.9220    6.73458    -0.0387     0.0248    99.3826     162433          9  0.000e+00
          0    202.327    200.595   44.53274 -125.39164     7.4023     7.4041   3.480556   3.480366    33.9744    33.9706     1.1464     1.9262    6.73456    -0.0314     0.0248    99.3826     162434          9  0.000e+00
          0    202.372    200.639   44.53274 -125.39164     7.4023     7.4041   3.480568   3.480380    33.9745    33.9708     1.1464     1.9267    6.73455    -0.0314     0.0248    99.3826     162435          9  0.000e+00
          0    202.327    200.595   44.53274 -125.39164     7.4023     7.4039   3.480544   3.480366    33.9743    33.9708     1.1464     1.9271    6.73457    -0.0314     0.0237    99.4098     162436          9  0.000e+00
          0    202.275    200.543   44.53274 -125.39164     7.4022     7.4043   3.480532   3.480380    33.9743    33.9706     1.1452     1.9233    6.73459    -0.0387     0.0237    99.4098     162437          9  0.000e+00
          0    202.319    200.587   44.53274 -125.39164     7.4023     7.4041   3.480556   3.480352    33.9744    33.9705     1.1452     1.9233    6.73456    -0.0460     0.0237    99.4098     162438          9  0.000e+00
          0    202.275    200.543   44.53274 -125.39164     7.4020     7.4041   3.480568   3.480352    33.9749    33.9704     1.1452     1.9233    6.73459    -0.0460     0.0237    99.4098     162439          9  0.000e+00
          0    202.327    200.595   44.53274 -125.39164     7.4022     7.4041   3.480544   3.480359    33.9744    33.9706     1.1452     1.9229    6.73458    -0.0460     0.0248    99.3826     162440          9  0.000e+00
          0    202.267    200.536   44.53274 -125.39164     7.4022     7.4041   3.480556   3.480401    33.9746    33.9710     1.1452     1.9225    6.73458    -0.0460     0.0259    99.3555     162441          9  0.000e+00
          0    202.275    200.543   44.53274 -125.39164     7.4020     7.4038   3.480568   3.480359    33.9749    33.9709     1.1464     1.9263    6.73459    -0.0460     0.0248    99.3826     162442          9  0.000e+00
          0    202.215    200.484   44.53274 -125.39164     7.4020     7.4039   3.480519   3.480373    33.9744    33.9709     1.1452     1.9220    6.73461    -0.0533     0.0259    99.3555     162443          9  0.000e+00
          0    202.215    200.484   44.53274 -125.39164     7.4022     7.4041   3.480525   3.480366    33.9743    33.9707     1.1452     1.9216    6.73459    -0.0533     0.0270    99.3283     162444          9  0.000e+00
          0    202.208    200.477   44.53274 -125.39164     7.4018     7.4040   3.480532   3.480380    33.9746    33.9709     1.1452     1.9216    6.73462    -0.0533     0.0270    99.3283     162445          9  0.000e+00
          0    202.215    200.484   44.53274 -125.39164     7.4022     7.4039   3.480538   3.480366    33.9744    33.9708     1.1464     1.9259    6.73458    -0.0460     0.0259    99.3555     162446          9  0.000e+00
          0    202.163    200.432   44.53274 -125.39164     7.4018     7.4039   3.480532   3.480345    33.9747    33.9706     1.1464     1.9263    6.73462    -0.0460     0.0259    99.3555     162447          9  0.000e+00
          0    202.155    200.425   44.53274 -125.39164     7.4018     7.4038   3.480532   3.480373    33.9747    33.9711     1.1464     1.9268    6.73462    -0.0460     0.0248    99.3826     162448          9  0.000e+00
          0    202.163    200.432   44.53274 -125.39164     7.4018     7.4038   3.480483   3.480366    33.9741    33.9710     1.1452     1.9231    6.73464    -0.0533     0.0237    99.4098     162449          9  0.000e+00
          0    202.163    200.432   44.53274 -125.39164     7.4018     7.4038   3.480519   3.480359    33.9745    33.9709     1.1452     1.9231    6.73463    -0.0533     0.0237    99.4098     162450          9  0.000e+00
          0    202.155    200.425   44.53274 -125.39164     7.4017     7.4038   3.480513   3.480362    33.9746    33.9710     1.1452     1.9232    6.73465    -0.0460     0.0237    99.4098     162451          9  0.000e+00
          0    202.051    200.322   44.53274 -125.39164     7.4017     7.4036   3.480501   3.480359    33.9745    33.9711     1.1452     1.9233    6.73465    -0.0460     0.0237    99.4098     162452          9  0.000e+00
          0    202.111    200.381   44.53274 -125.39164     7.4017     7.4036   3.480501   3.480401    33.9745    33.9715     1.1464     1.9276    6.73465    -0.0460     0.0237    99.4098     162453          9  0.000e+00
          0    202.044    200.314   44.53274 -125.39164     7.4017     7.4036   3.480501   3.480352    33.9746    33.9710     1.1464     1.9277    6.73465    -0.0460     0.0226    99.4370     162454          9  0.000e+00
          0    202.111    200.381   44.53274 -125.39164     7.4015     7.4036   3.480501   3.480352    33.9747    33.9710     1.1452     1.9236    6.73467    -0.0533     0.0226    99.4370     162455          9  0.000e+00
          0    201.999    200.270   44.53274 -125.39164     7.4018     7.4036   3.480483   3.480362    33.9742    33.9712     1.1452     1.9232    6.73464    -0.0533     0.0237    99.4098     162456          9  0.000e+00
          0    202.044    200.314   44.53274 -125.39164     7.4017     7.4036   3.480495   3.480359    33.9745    33.9711     1.1452     1.9228    6.73465    -0.0533     0.0248    99.3826     162457          9  0.000e+00
