TN422/CTD Data/TN-422_CTD-007.ros
* Sea-Bird SBE 9 Data File:
* FileName = C:\data\TN422\TN-422_CTD_07.hex
* Software Version Seasave V 7.26.7.107
* Temperature SN = 2195
* Conductivity SN = 2903
* Number of Bytes Per Scan = 41
* Number of Voltage Words = 4
* Number of Scans Averaged by the Deck Unit = 1
* NMEA Latitude = 44 31.42 N
* NMEA Longitude = 125 22.54 W
* NMEA UTC (Time) = Sep 11 2023  19:35:36
* NMEA baud rate = 4800
** Cruise: TN-422_CTD_007
** Cast: CTD_03_RS03AXPD
** Location: Slope Base DP
** Date: Sep 11, 2023
** Water Depth: 2905
** Operator: JN
** 500 m SE of DP
# nquan = 20
# nvalues = 2328                                  
# units = specified
# name 0 = modError: Modulo Error Count
# name 1 = prDM: Pressure, Digiquartz [db]
# name 2 = depSM: Depth [salt water, m]
# name 3 = latitude: Latitude [deg]
# name 4 = longitude: Longitude [deg]
# name 5 = t090C: Temperature [ITS-90, deg C]
# name 6 = t190C: Temperature, 2 [ITS-90, deg C]
# name 7 = c0S/m: Conductivity [S/m]
# name 8 = c1S/m: Conductivity, 2 [S/m]
# name 9 = sal00: Salinity, Practical [PSU]
# name 10 = sal11: Salinity, Practical, 2 [PSU]
# name 11 = sbeox0V: Oxygen raw, SBE 43 [V]
# name 12 = sbeox0ML/L: Oxygen, SBE 43 [ml/l]
# name 13 = oxsolML/L: Oxygen Saturation, Garcia & Gordon [ml/l]
# name 14 = flECO-AFL: Fluorescence, WET Labs ECO-AFL/FL [mg/m^3]
# name 15 = CStarAt0: Beam Attenuation, WET Labs C-Star [1/m]
# name 16 = CStarTr0: Beam Transmission, WET Labs C-Star [%]
# name 17 = scan: Scan Count
# name 18 = nbf: Bottles Fired
# name 19 = flag:  0.000e+00
# interval = seconds: 0.0416667
# start_time = Sep 11 2023 19:35:36 [NMEA time, header]
# bad_flag = -9.990e-29
*END*
[from data line 1593]
          0    757.251    749.767   44.52360 -125.37584     4.4322     4.4340   3.265147   3.265157    34.2618    34.2600     0.5950     0.2581    7.20540    -0.0314     0.0084    99.7903     163350         17  0.000e+00
          0    757.304    749.819   44.52360 -125.37584     4.4322     4.4340   3.265147   3.265171    34.2617    34.2602     0.5950     0.2582    7.20540    -0.0314     0.0084    99.7903     163351         17  0.000e+00
          0    757.251    749.767   44.52360 -125.37584     4.4322     4.4338   3.265153   3.265178    34.2618    34.2605     0.5950     0.2583    7.20540    -0.0314     0.0084    99.7903     163352         17  0.000e+00
          0    757.304    749.819   44.52360 -125.37584     4.4322     4.4338   3.265153   3.265188    34.2618    34.2606     0.5950     0.2577    7.20540    -0.0314     0.0084    99.7903     163353         17  0.000e+00
          0    757.251    749.767   44.52360 -125.37584     4.4322     4.4338   3.265171   3.265181    34.2620    34.2605     0.5950     0.2571    7.20539    -0.0314     0.0095    99.7631     163354         17  0.000e+00
          0    757.304    749.820   44.52360 -125.37584     4.4320     4.4340   3.265177   3.265178    34.2623    34.2602     0.5950     0.2564    7.20540    -0.0240     0.0084    99.7903     163355         17  0.000e+00
          0    757.304    749.820   44.52360 -125.37584     4.4323     4.4340   3.265159   3.265195    34.2617    34.2604     0.5950     0.2564    7.20537    -0.0240     0.0084    99.7903     163356         17  0.000e+00
          0    757.304    749.820   44.52360 -125.37584     4.4322     4.4340   3.265171   3.265181    34.2620    34.2603     0.5950     0.2564    7.20539    -0.0240     0.0084    99.7903     163357         17  0.000e+00
          0    757.304    749.820   44.52360 -125.37584     4.4322     4.4338   3.265183   3.265178    34.2622    34.2605     0.5950     0.2571    7.20538    -0.0240     0.0084    99.7903     163358         17  0.000e+00
          0    757.364    749.879   44.52360 -125.37584     4.4322     4.4340   3.265177   3.265188    34.2621    34.2603     0.5950     0.2571    7.20539    -0.0314     0.0084    99.7903     163359         17  0.000e+00
          0    757.251    749.768   44.52360 -125.37584     4.4322     4.4340   3.265177   3.265161    34.2621    34.2601     0.5950     0.2571    7.20538    -0.0387     0.0084    99.7903     163360         17  0.000e+00
          0    757.364    749.879   44.52360 -125.37584     4.4323     4.4335   3.265183   3.265188    34.2619    34.2609     0.5950     0.2572    7.20536    -0.0387     0.0084    99.7903     163361         17  0.000e+00
          0    757.304    749.820   44.52360 -125.37584     4.4323     4.4339   3.265201   3.265161    34.2622    34.2601     0.5950     0.2572    7.20535    -0.0314     0.0084    99.7903     163362         17  0.000e+00
          0    757.364    749.879   44.52360 -125.37584     4.4323     4.4338   3.265183   3.265151    34.2619    34.2601     0.5950     0.2572    7.20536    -0.0314     0.0084    99.7903     163363         17  0.000e+00
          0    757.364    749.879   44.52360 -125.37584     4.4323     4.4340   3.265177   3.265182    34.2619    34.2602     0.5950     0.2573    7.20537    -0.0387     0.0084    99.7903     163364         17  0.000e+00
          0    757.304    749.820   44.52360 -125.37584     4.4322     4.4340   3.265183   3.265181    34.2622    34.2603     0.5950     0.2566    7.20538    -0.0314     0.0084    99.7903     163365         17  0.000e+00
          0    757.364    749.879   44.52360 -125.37584     4.4323     4.4338   3.265183   3.265178    34.2619    34.2604     0.5950     0.2566    7.20536    -0.0314     0.0084    99.7903     163366         17  0.000e+00
          0    757.364    749.879   44.52360 -125.37584     4.4323     4.4336   3.265183   3.265157    34.2619    34.2603     0.5950     0.2566    7.20536    -0.0314     0.0084    99.7903     163367         17  0.000e+00
          0    757.364    749.879   44.52360 -125.37584     4.4320     4.4340   3.265177   3.265171    34.2622    34.2601     0.5950     0.2566    7.20541    -0.0314     0.0084    99.7903     163368         17  0.000e+00
          0    757.364    749.879   44.52360 -125.37584     4.4323     4.4336   3.265177   3.265178    34.2619    34.2606     0.5950     0.2566    7.20537    -0.0387     0.0084    99.7903     163369         17  0.000e+00
          0    757.417    749.931   44.52360 -125.37584     4.4322     4.4338   3.265183   3.265188    34.2621    34.2605     0.5950     0.2566    7.20538    -0.0387     0.0084    99.7903     163370         17  0.000e+00
          0    757.364    749.879   44.52360 -125.37584     4.4320     4.4338   3.265159   3.265182    34.2620    34.2605     0.5950     0.2566    7.20542    -0.0314     0.0095    99.7631     163371         17  0.000e+00
          0    757.364    749.879   44.52360 -125.37584     4.4323     4.4335   3.265171   3.265178    34.2618    34.2607     0.5962     0.2617    7.20537    -0.0314     0.0095    99.7631     163372         17  0.000e+00
          0    757.417    749.932   44.52360 -125.37584     4.4323     4.4335   3.265201   3.265137    34.2621    34.2602     0.5962     0.2623    7.20535    -0.0314     0.0095    99.7631     163373         17  0.000e+00
          0    757.364    749.879   44.52360 -125.37584     4.4320     4.4336   3.265213   3.265164    34.2626    34.2604     0.5950     0.2578    7.20539    -0.0314     0.0095    99.7631     163374         17  0.000e+00
          0    757.417    749.932   44.52360 -125.37584     4.4325     4.4336   3.265165   3.265178    34.2615    34.2606     0.5950     0.2578    7.20535    -0.0314     0.0095    99.7631     163375         17  0.000e+00
          0    757.417    749.932   44.52360 -125.37584     4.4323     4.4333   3.265195   3.265147    34.2621    34.2605     0.5950     0.2577    7.20536    -0.0314     0.0095    99.7631     163376         17  0.000e+00
          0    757.417    749.932   44.52360 -125.37584     4.4325     4.4335   3.265183   3.265168    34.2618    34.2606     0.5950     0.2577    7.20534    -0.0314     0.0095    99.7631     163377         17  0.000e+00
          0    757.364    749.880   44.52360 -125.37584     4.4323     4.4338   3.265177   3.265178    34.2619    34.2604     0.5950     0.2576    7.20537    -0.0314     0.0095    99.7631     163378         17  0.000e+00
          0    757.417    749.932   44.52360 -125.37584     4.4325     4.4336   3.265201   3.265178    34.2620    34.2606     0.5950     0.2576    7.20533    -0.0387     0.0095    99.7631     163379         17  0.000e+00
          0    757.477    749.991   44.52360 -125.37584     4.4325     4.4336   3.265213   3.265178    34.2621    34.2605     0.5950     0.2575    7.20533    -0.0387     0.0095    99.7631     163380         17  0.000e+00
          0    757.417    749.932   44.52360 -125.37584     4.4322     4.4336   3.265207   3.265188    34.2624    34.2607     0.5950     0.2574    7.20537    -0.0387     0.0095    99.7631     163381         17  0.000e+00
          0    757.417    749.932   44.52360 -125.37584     4.4323     4.4340   3.265189   3.265161    34.2620    34.2600     0.5950     0.2574    7.20536    -0.0314     0.0095    99.7631     163382         17  0.000e+00
          0    757.417    749.932   44.52360 -125.37584     4.4325     4.4335   3.265183   3.265151    34.2618    34.2604     0.5950     0.2573    7.20534    -0.0167     0.0095    99.7631     163383         17  0.000e+00
          0    757.477    749.991   44.52360 -125.37584     4.4322     4.4336   3.265201   3.265151    34.2623    34.2602     0.5950     0.2573    7.20537    -0.0167     0.0095    99.7631     163384         17  0.000e+00
          0    757.417    749.932   44.52360 -125.37584     4.4323     4.4336   3.265213   3.265171    34.2623    34.2605     0.5950     0.2572    7.20535    -0.0167     0.0095    99.7631     163385         17  0.000e+00
          0    757.478    749.991   44.52360 -125.37584     4.4323     4.4335   3.265207   3.265157    34.2622    34.2604     0.5950     0.2572    7.20535    -0.0167     0.0095    99.7631     163386         17  0.000e+00
          0    757.417    749.932   44.52360 -125.37584     4.4325     4.4335   3.265165   3.265182    34.2615    34.2607     0.5950     0.2571    7.20535    -0.0167     0.0084    99.7903     163387         17  0.000e+00
          0    757.478    749.991   44.52360 -125.37584     4.4323     4.4338   3.265153   3.265161    34.2615    34.2602     0.5962     0.2621    7.20538    -0.0167     0.0084    99.7903     163388         17  0.000e+00
          0    757.478    749.991   44.52360 -125.37584     4.4325     4.4336   3.265195   3.265188    34.2619    34.2606     0.5950     0.2576    7.20534    -0.0167     0.0084    99.7903     163389         17  0.000e+00
          0    757.478    749.991   44.52360 -125.37584     4.4325     4.4335   3.265231   3.265182    34.2623    34.2607     0.5950     0.2576    7.20532    -0.0167     0.0084    99.7903     163390         17  0.000e+00
          0    757.417    749.932   44.52360 -125.37584     4.4325     4.4336   3.265195   3.265195    34.2619    34.2608     0.5950     0.2575    7.20534    -0.0167     0.0084    99.7903     163391         17  0.000e+00
          0    757.530    750.044   44.52360 -125.37584     4.4325     4.4338   3.265183   3.265192    34.2617    34.2605     0.5950     0.2574    7.20535    -0.0167     0.0084    99.7903     163392         17  0.000e+00
          0    757.478    749.992   44.52360 -125.37584     4.4325     4.4336   3.265183   3.265161    34.2617    34.2603     0.5950     0.2573    7.20534    -0.0167     0.0084    99.7903     163393         17  0.000e+00
          0    757.478    749.992   44.52360 -125.37584     4.4323     4.4338   3.265201   3.265171    34.2621    34.2603     0.5950     0.2572    7.20535    -0.0167     0.0084    99.7903     163394         17  0.000e+00
          0    757.478    749.992   44.52360 -125.37584     4.4327     4.4338   3.265207   3.265195    34.2618    34.2606     0.5950     0.2571    7.20531    -0.0167     0.0084    99.7903     163395         17  0.000e+00
          0    757.530    750.044   44.52360 -125.37584     4.4323     4.4336   3.265165   3.265202    34.2617    34.2608     0.5950     0.2571    7.20538    -0.0167     0.0095    99.7631     163396         17  0.000e+00
          0    757.478    749.992   44.52360 -125.37584     4.4325     4.4338   3.265171   3.265182    34.2616    34.2604     0.5962     0.2620    7.20535    -0.0167     0.0084    99.7903     163397         17  0.000e+00
          0    757.531    750.044   44.52360 -125.37584     4.4325     4.4338   3.265201   3.265168    34.2619    34.2602     0.5950     0.2575    7.20534    -0.0167     0.0084    99.7903     163398         17  0.000e+00
          0    757.478    749.992   44.52360 -125.37584     4.4325     4.4341   3.265207   3.265175    34.2620    34.2600     0.5950     0.2574    7.20533    -0.0167     0.0084    99.7903     163399         17  0.000e+00
          0    757.531    750.044   44.52360 -125.37584     4.4325     4.4338   3.265189   3.265195    34.2618    34.2605     0.5950     0.2573    7.20534    -0.0167     0.0084    99.7903     163400         17  0.000e+00
          0    757.531    750.044   44.52360 -125.37584     4.4323     4.4340   3.265225   3.265182    34.2624    34.2602     0.5950     0.2572    7.20534    -0.0167     0.0084    99.7903     163401         17  0.000e+00
          0    757.531    750.044   44.52360 -125.37584     4.4326     4.4341   3.265219   3.265195    34.2620    34.2602     0.5950     0.2571    7.20531    -0.0167     0.0084    99.7903     163402         17  0.000e+00
          0    757.531    750.044   44.52360 -125.37584     4.4323     4.4336   3.265189   3.265192    34.2619    34.2607     0.5950     0.2570    7.20536    -0.0167     0.0084    99.7903     163403         17  0.000e+00
          0    757.531    750.044   44.52360 -125.37584     4.4325     4.4341   3.265201   3.265182    34.2619    34.2600     0.5950     0.2569    7.20534    -0.0167     0.0084    99.7903     163404         17  0.000e+00
          0    757.531    750.044   44.52360 -125.37584     4.4325     4.4338   3.265207   3.265157    34.2620    34.2601     0.5950     0.2568    7.20533    -0.0167     0.0084    99.7903     163405         17  0.000e+00
          0    757.379    749.894   44.52360 -125.37584     4.4333     4.4344   3.265237   3.265206    34.2616    34.2601     0.5949     0.2573    7.20522    -0.0314     0.0095    99.7631     164044         18  0.000e+00
          0    757.379    749.894   44.52360 -125.37584     4.4333     4.4344   3.265242   3.265230    34.2617    34.2603     0.5949     0.2572    7.20521    -0.0314     0.0095    99.7631     164045         18  0.000e+00
          0    757.379    749.894   44.52360 -125.37584     4.4331     4.4343   3.265242   3.265230    34.2618    34.2605     0.5949     0.2571    7.20523    -0.0314     0.0095    99.7631     164046         18  0.000e+00
          0    757.431    749.946   44.52360 -125.37584     4.4331     4.4344   3.265260   3.265226    34.2620    34.2603     0.5949     0.2571    7.20522    -0.0314     0.0095    99.7631     164047         18  0.000e+00
          0    757.379    749.894   44.52360 -125.37584     4.4331     4.4346   3.265248   3.265206    34.2619    34.2599     0.5949     0.2570    7.20523    -0.0314     0.0095    99.7631     164048         18  0.000e+00
          0    757.379    749.894   44.52360 -125.37584     4.4333     4.4344   3.265260   3.265202    34.2619    34.2600     0.5949     0.2569    7.20520    -0.0314     0.0095    99.7631     164049         18  0.000e+00
          0    757.432    749.946   44.52360 -125.37584     4.4329     4.4343   3.265248   3.265202    34.2620    34.2601     0.5949     0.2568    7.20525    -0.0314     0.0106    99.7359     164050         18  0.000e+00
          0    757.432    749.946   44.52360 -125.37584     4.4334     4.4343   3.265242   3.265212    34.2615    34.2603     0.5949     0.2567    7.20519    -0.0314     0.0095    99.7631     164051         18  0.000e+00
          0    757.432    749.946   44.52360 -125.37584     4.4333     4.4346   3.265213   3.265223    34.2613    34.2601     0.5949     0.2566    7.20523    -0.0314     0.0095    99.7631     164052         18  0.000e+00
          0    757.432    749.946   44.52360 -125.37584     4.4333     4.4343   3.265231   3.265206    34.2615    34.2602     0.5949     0.2566    7.20522    -0.0314     0.0095    99.7631     164053         18  0.000e+00
          0    757.432    749.946   44.52360 -125.37584     4.4333     4.4344   3.265219   3.265240    34.2614    34.2604     0.5949     0.2565    7.20523    -0.0240     0.0095    99.7631     164054         18  0.000e+00
          0    757.432    749.946   44.52360 -125.37584     4.4333     4.4347   3.265254   3.265254    34.2618    34.2603     0.5949     0.2564    7.20521    -0.0167     0.0095    99.7631     164055         18  0.000e+00
          0    757.492    750.006   44.52360 -125.37584     4.4331     4.4346   3.265242   3.265223    34.2618    34.2601     0.5962     0.2614    7.20524    -0.0167     0.0106    99.7359     164056         18  0.000e+00
          0    757.432    749.946   44.52360 -125.37584     4.4333     4.4346   3.265237   3.265243    34.2616    34.2603     0.5962     0.2619    7.20522    -0.0167     0.0106    99.7359     164057         18  0.000e+00
          0    757.492    750.006   44.52360 -125.37584     4.4328     4.4346   3.265243   3.265233    34.2621    34.2602     0.5949     0.2574    7.20528    -0.0167     0.0106    99.7359     164058         18  0.000e+00
          0    757.492    750.006   44.52360 -125.37584     4.4334     4.4346   3.265260   3.265247    34.2616    34.2603     0.5949     0.2573    7.20518    -0.0167     0.0095    99.7631     164059         18  0.000e+00
