TN422/CTD Data/TN-422_CTD-009.ros
* Sea-Bird SBE 9 Data File:
* FileName = C:\data\TN422\TN-422_CTD_09hex.hex
* Software Version Seasave V 7.26.7.107
* Temperature SN = 2195
* Conductivity SN = 2903
* Number of Bytes Per Scan = 41
* Number of Voltage Words = 4
* Number of Scans Averaged by the Deck Unit = 1
* NMEA Latitude = 44 22.34 N
* NMEA Longitude = 124 57.06 W
* NMEA UTC (Time) = Sep 15 2023  15:40:56
* NMEA baud rate = 4800
** Cruise: TN-422_CTD_009
** Cast: CTD_03_RS03AXPD
** Location: Endurance Offshore DP
** Date: Sep 15, 2023
** Water Depth: 571
** Operator: JN
** 500 m NNE of DP mooring
# nquan = 20
# nvalues = 2328                                  
# units = specified
# name 0 = modError: Modulo Error Count
# name 1 = prDM: Pressure, Digiquartz [db]
# name 2 = depSM: Depth [salt water, m]
# name 3 = latitude: Latitude [deg]
# name 4 = longitude: Longitude [deg]
# name 5 = t090C: Temperature [ITS-90, deg C]
# name 6 = t190C: Temperature, 2 [ITS-90, deg C]
# name 7 = c0S/m: Conductivity [S/m]
# name 8 = c1S/m: Conductivity, 2 [S/m]
# name 9 = sal00: Salinity, Practical [PSU]
# name 10 = sal11: Salinity, Practical, 2 [PSU]
# name 11 = sbeox0V: Oxygen raw, SBE 43 [V]
# name 12 = sbeox0ML/L: Oxygen, SBE 43 [ml/l]
# name 13 = oxsolML/L: Oxygen Saturation, Garcia & Gordon [ml/l]
# name 14 = flECO-AFL: Fluorescence, WET Labs ECO-AFL/FL [mg/m^3]
# name 15 = CStarAt0: Beam Attenuation, WET Labs C-Star [1/m]
# name 16 = CStarTr0: Beam Transmission, WET Labs C-Star [%]
# name 17 = scan: Scan Count
# name 18 = nbf: Bottles Fired
# name 19 = flag:  0.000e+00
# interval = seconds: 0.0416667
# start_time = Sep 15 2023 15:40:56 [NMEA time, header]
# bad_flag = -9.990e-29
*END*
[from data line 1955]
          0    226.955    225.002   44.37224 -124.95114     7.9003     7.9028   3.525791   3.525692    33.9649    33.9614     1.1647     1.9657    6.65937    -0.0387     0.0599    98.5129      76851         21  0.000e+00
          0    226.903    224.951   44.37224 -124.95114     7.9006     7.9023   3.525785   3.525667    33.9646    33.9617     1.1635     1.9617    6.65935    -0.0460     0.0599    98.5129      76852         21  0.000e+00
          0    226.955    225.002   44.37224 -124.95114     7.9004     7.9018   3.525797   3.525620    33.9649    33.9616     1.1647     1.9660    6.65936    -0.0460     0.0621    98.4586      76853         21  0.000e+00
          0    226.888    224.936   44.37224 -124.95114     7.9004     7.9013   3.525809   3.525574    33.9650    33.9616     1.1635     1.9620    6.65935    -0.0460     0.0632    98.4314      76854         21  0.000e+00
          0    226.955    225.002   44.37224 -124.95114     7.9004     7.9012   3.525809   3.525535    33.9650    33.9613     1.1647     1.9659    6.65935    -0.0460     0.0621    98.4586      76855         21  0.000e+00
          0    226.903    224.951   44.37224 -124.95114     7.9003     7.9008   3.525760   3.525546    33.9646    33.9618     1.1647     1.9660    6.65938    -0.0460     0.0621    98.4586      76856         21  0.000e+00
          0    226.888    224.936   44.37224 -124.95114     7.9006     7.9008   3.525748   3.525499    33.9642    33.9613     1.1647     1.9661    6.65936    -0.0460     0.0610    98.4857      76857         21  0.000e+00
          0    226.903    224.951   44.37224 -124.95114     7.9007     7.9008   3.525766   3.525535    33.9643    33.9617     1.1647     1.9662    6.65934    -0.0460     0.0610    98.4857      76858         21  0.000e+00
          0    226.955    225.002   44.37224 -124.95114     7.9007     7.9008   3.525778   3.525510    33.9644    33.9614     1.1635     1.9621    6.65933    -0.0533     0.0588    98.5401      76859         21  0.000e+00
          0    226.903    224.951   44.37224 -124.95114     7.9008     7.9008   3.525778   3.525517    33.9643    33.9615     1.1635     1.9617    6.65932    -0.0460     0.0588    98.5401      76860         21  0.000e+00
          0    226.888    224.936   44.37224 -124.95114     7.9007     7.9008   3.525797   3.525492    33.9646    33.9612     1.1635     1.9618    6.65932    -0.0460     0.0577    98.5673      76861         21  0.000e+00
          0    226.851    224.899   44.37224 -124.95114     7.9004     7.9010   3.525760   3.525535    33.9645    33.9616     1.1635     1.9614    6.65937    -0.0533     0.0577    98.5673      76862         21  0.000e+00
          0    226.903    224.951   44.37224 -124.95114     7.9006     7.9013   3.525748   3.525553    33.9642    33.9614     1.1635     1.9616    6.65936    -0.0460     0.0588    98.5401      76863         21  0.000e+00
          0    226.888    224.936   44.37224 -124.95114     7.9006     7.9017   3.525791   3.525606    33.9647    33.9616     1.1635     1.9612    6.65934    -0.0460     0.0588    98.5401      76864         21  0.000e+00
          0    226.903    224.951   44.37224 -124.95114     7.9007     7.9023   3.525785   3.525670    33.9645    33.9617     1.1647     1.9655    6.65934    -0.0460     0.0588    98.5401      76865         21  0.000e+00
          0    226.903    224.951   44.37224 -124.95114     7.9006     7.9025   3.525754   3.525710    33.9643    33.9619     1.1635     1.9615    6.65936    -0.0460     0.0588    98.5401      76866         21  0.000e+00
          0    226.851    224.899   44.37224 -124.95114     7.9004     7.9031   3.525766   3.525695    33.9646    33.9612     1.1635     1.9616    6.65937    -0.0460     0.0588    98.5401      76867         21  0.000e+00
          0    226.888    224.936   44.37224 -124.95114     7.9006     7.9030   3.525754   3.525699    33.9643    33.9613     1.1635     1.9617    6.65936    -0.0533     0.0577    98.5673      76868         21  0.000e+00
          0    226.903    224.951   44.37224 -124.95114     7.9002     7.9031   3.525723   3.525713    33.9643    33.9613     1.1635     1.9615    6.65942    -0.0460     0.0588    98.5401      76869         21  0.000e+00
          0    226.851    224.899   44.37224 -124.95114     7.9001     7.9030   3.525717   3.525674    33.9644    33.9611     1.1635     1.9616    6.65943    -0.0533     0.0577    98.5673      76870         21  0.000e+00
          0    226.888    224.936   44.37224 -124.95114     7.8999     7.9033   3.525717   3.525674    33.9645    33.9608     1.1647     1.9656    6.65945    -0.0460     0.0566    98.5945      76871         21  0.000e+00
          0    226.903    224.951   44.37224 -124.95114     7.8998     7.9033   3.525717   3.525706    33.9647    33.9611     1.1635     1.9620    6.65946    -0.0460     0.0566    98.5945      76872         21  0.000e+00
          0    226.851    224.899   44.37224 -124.95114     7.8997     7.9033   3.525686   3.525717    33.9644    33.9613     1.1635     1.9617    6.65948    -0.0533     0.0566    98.5945      76873         21  0.000e+00
          0    226.903    224.951   44.37224 -124.95114     7.8999     7.9031   3.525705   3.525727    33.9644    33.9615     1.1635     1.9614    6.65945    -0.0460     0.0577    98.5673      76874         21  0.000e+00
          0    226.888    224.936   44.37224 -124.95114     7.8996     7.9033   3.525717   3.525720    33.9648    33.9613     1.1635     1.9616    6.65948    -0.0533     0.0577    98.5673      76875         21  0.000e+00
          0    226.851    224.899   44.37224 -124.95114     7.8998     7.9031   3.525717   3.525717    33.9647    33.9614     1.1635     1.9618    6.65946    -0.0460     0.0588    98.5401      76876         21  0.000e+00
          0    226.903    224.951   44.37224 -124.95114     7.8999     7.9030   3.525735   3.525738    33.9647    33.9617     1.1635     1.9620    6.65944    -0.0533     0.0588    98.5401      76877         21  0.000e+00
          0    226.836    224.884   44.37224 -124.95114     7.8997     7.9030   3.525693   3.525777    33.9645    33.9622     1.1635     1.9618    6.65948    -0.0460     0.0599    98.5129      76878         21  0.000e+00
          0    226.903    224.951   44.37224 -124.95114     7.8999     7.9030   3.525729   3.525713    33.9646    33.9615     1.1635     1.9620    6.65944    -0.0460     0.0599    98.5129      76879         21  0.000e+00
          0    226.903    224.951   44.37224 -124.95114     7.8999     7.9023   3.525693   3.525645    33.9643    33.9614     1.1635     1.9618    6.65946    -0.0387     0.0599    98.5129      76880         21  0.000e+00
          0    226.889    224.936   44.37224 -124.95114     7.8999     7.9020   3.525729   3.525645    33.9647    33.9618     1.1635     1.9616    6.65944    -0.0387     0.0599    98.5129      76881         21  0.000e+00
          0    226.851    224.899   44.37224 -124.95114     7.9000     7.9018   3.525693   3.525638    33.9642    33.9619     1.1635     1.9614    6.65945    -0.0460     0.0588    98.5401      76882         21  0.000e+00
          0    226.904    224.951   44.37224 -124.95114     7.8999     7.9020   3.525680   3.525613    33.9641    33.9614     1.1635     1.9613    6.65946    -0.0460     0.0588    98.5401      76883         21  0.000e+00
          0    226.851    224.899   44.37224 -124.95114     7.8998     7.9022   3.525680   3.525574    33.9643    33.9608     1.1635     1.9611    6.65948    -0.0387     0.0588    98.5401      76884         21  0.000e+00
          0    226.948    224.995   44.37224 -124.95114     7.8998     7.9022   3.525656   3.525638    33.9640    33.9615     1.1635     1.9609    6.65949    -0.0387     0.0588    98.5401      76885         21  0.000e+00
          0    226.851    224.899   44.37224 -124.95114     7.8996     7.9024   3.525668   3.525702    33.9643    33.9619     1.1635     1.9611    6.65950    -0.0460     0.0588    98.5401      76886         21  0.000e+00
          0    226.904    224.951   44.37224 -124.95114     7.8994     7.9023   3.525631   3.525653    33.9641    33.9615     1.1635     1.9610    6.65954    -0.0460     0.0588    98.5401      76887         21  0.000e+00
          0    226.889    224.936   44.37224 -124.95114     7.8994     7.9022   3.525637   3.525645    33.9641    33.9616     1.1635     1.9612    6.65954    -0.0387     0.0599    98.5129      76888         21  0.000e+00
          0    226.904    224.951   44.37224 -124.95114     7.8994     7.9015   3.525650   3.525617    33.9643    33.9619     1.1635     1.9611    6.65953    -0.0460     0.0599    98.5129      76889         21  0.000e+00
          0    226.904    224.951   44.37224 -124.95114     7.8991     7.9008   3.525650   3.525524    33.9646    33.9616     1.1635     1.9609    6.65957    -0.0387     0.0588    98.5401      76890         21  0.000e+00
          0    226.904    224.951   44.37224 -124.95114     7.8992     7.8997   3.525668   3.525424    33.9647    33.9616     1.1635     1.9607    6.65954    -0.0387     0.0599    98.5129      76891         21  0.000e+00
          0    226.948    224.996   44.37224 -124.95114     7.8991     7.8988   3.525656   3.525328    33.9647    33.9615     1.1635     1.9606    6.65957    -0.0460     0.0610    98.4857      76892         21  0.000e+00
          0    226.904    224.951   44.37224 -124.95114     7.8992     7.8978   3.525625   3.525264    33.9642    33.9617     1.1635     1.9604    6.65956    -0.0460     0.0610    98.4857      76893         21  0.000e+00
          0    226.956    225.003   44.37224 -124.95114     7.8992     7.8975   3.525662   3.525207    33.9646    33.9614     1.1635     1.9603    6.65955    -0.0387     0.0610    98.4857      76894         21  0.000e+00
          0    226.889    224.937   44.37224 -124.95114     7.8994     7.8976   3.525656   3.525228    33.9644    33.9615     1.1623     1.9559    6.65953    -0.0387     0.0599    98.5129      76895         21  0.000e+00
          0    226.956    225.003   44.37224 -124.95114     7.8991     7.8981   3.525668   3.525268    33.9648    33.9615     1.1623     1.9554    6.65956    -0.0460     0.0599    98.5129      76896         21  0.000e+00
          0    226.904    224.951   44.37224 -124.95114     7.8992     7.8985   3.525656   3.525257    33.9645    33.9610     1.1635     1.9590    6.65955    -0.0387     0.0610    98.4857      76897         21  0.000e+00
          0    226.956    225.003   44.37224 -124.95114     7.8994     7.8988   3.525699   3.525271    33.9648    33.9608     1.1635     1.9593    6.65951    -0.0387     0.0621    98.4586      76898         21  0.000e+00
          0    226.889    224.937   44.37224 -124.95114     7.8992     7.8992   3.525686   3.525332    33.9649    33.9611     1.1623     1.9550    6.65954    -0.0460     0.0621    98.4586      76899         21  0.000e+00
          0    226.956    225.003   44.37224 -124.95114     7.8992     7.9001   3.525705   3.525460    33.9650    33.9615     1.1635     1.9591    6.65953    -0.0460     0.0621    98.4586      76900         21  0.000e+00
          0    226.956    225.003   44.37224 -124.95114     7.8991     7.9011   3.525686   3.525599    33.9650    33.9621     1.1635     1.9590    6.65955    -0.0460     0.0632    98.4314      76901         21  0.000e+00
          0    226.949    224.996   44.37224 -124.95114     7.8992     7.9022   3.525680   3.525706    33.9648    33.9622     1.1635     1.9594    6.65954    -0.0460     0.0621    98.4586      76902         21  0.000e+00
          0    226.956    225.003   44.37224 -124.95114     7.8989     7.9022   3.525680   3.525742    33.9651    33.9626     1.1635     1.9594    6.65957    -0.0387     0.0621    98.4586      76903         21  0.000e+00
          0    226.956    225.003   44.37224 -124.95114     7.8991     7.9022   3.525705   3.525745    33.9652    33.9626     1.1635     1.9598    6.65955    -0.0387     0.0610    98.4857      76904         21  0.000e+00
          0    226.956    225.003   44.37224 -124.95114     7.8991     7.9016   3.525686   3.525670    33.9650    33.9624     1.1623     1.9560    6.65955    -0.0460     0.0610    98.4857      76905         21  0.000e+00
          0    226.949    224.996   44.37224 -124.95114     7.8992     7.9018   3.525680   3.525720    33.9648    33.9627     1.1623     1.9560    6.65954    -0.0460     0.0610    98.4857      76906         21  0.000e+00
          0    227.016    225.062   44.37224 -124.95114     7.8994     7.9018   3.525705   3.525745    33.9648    33.9629     1.1635     1.9603    6.65951    -0.0387     0.0610    98.4857      76907         21  0.000e+00
          0    226.956    225.003   44.37224 -124.95114     7.8991     7.9022   3.525717   3.525763    33.9653    33.9628     1.1623     1.9561    6.65954    -0.0387     0.0610    98.4857      76908         21  0.000e+00
          0    227.001    225.048   44.37224 -124.95114     7.8992     7.9018   3.525686   3.525759    33.9648    33.9631     1.1635     1.9600    6.65954    -0.0460     0.0610    98.4857      76909         21  0.000e+00
          0    226.956    225.003   44.37224 -124.95114     7.8996     7.9023   3.525680   3.525809    33.9644    33.9632     1.1635     1.9600    6.65950    -0.0387     0.0610    98.4857      76910         21  0.000e+00
          0    227.016    225.062   44.37224 -124.95114     7.8994     7.9027   3.525705   3.525806    33.9648    33.9628     1.1623     1.9559    6.65951    -0.0460     0.0610    98.4857      76911         21  0.000e+00
          0    226.904    224.952   44.37224 -124.95114     7.8996     7.9031   3.525717   3.525809    33.9648    33.9624     1.1635     1.9597    6.65948    -0.0460     0.0610    98.4857      76912         21  0.000e+00
          0    227.061    225.107   44.37224 -124.95114     7.8996     7.9033   3.525717   3.525884    33.9648    33.9630     1.1635     1.9598    6.65949    -0.0387     0.0610    98.4857      76913         21  0.000e+00
          0    227.016    225.063   44.37224 -124.95114     7.8994     7.9030   3.525686   3.525866    33.9646    33.9631     1.1623     1.9562    6.65952    -0.0460     0.0599    98.5129      76914         21  0.000e+00
          0    227.016    225.063   44.37224 -124.95114     7.8994     7.9020   3.525680   3.525863    33.9645    33.9640     1.1635     1.9601    6.65952    -0.0387     0.0610    98.4857      76915         21  0.000e+00
          0    227.001    225.048   44.37224 -124.95114     7.8996     7.9018   3.525705   3.525813    33.9646    33.9637     1.1623     1.9560    6.65949    -0.0387     0.0610    98.4857      76916         21  0.000e+00
          0    227.016    225.063   44.37224 -124.95114     7.8996     7.9023   3.525686   3.525838    33.9645    33.9634     1.1623     1.9557    6.65950    -0.0460     0.0599    98.5129      76917         21  0.000e+00
          0    227.016    225.063   44.37224 -124.95114     7.8994     7.9020   3.525705   3.525788    33.9648    33.9632     1.1635     1.9596    6.65951    -0.0387     0.0588    98.5401      76918         21  0.000e+00
          0    227.061    225.107   44.37224 -124.95114     7.8994     7.9017   3.525686   3.525759    33.9646    33.9632     1.1623     1.9556    6.65952    -0.0460     0.0588    98.5401      76919         21  0.000e+00
          0    227.016    225.063   44.37224 -124.95114     7.8996     7.9015   3.525680   3.525788    33.9644    33.9637     1.1623     1.9558    6.65950    -0.0460     0.0577    98.5673      76920         21  0.000e+00
          0    227.068    225.114   44.37224 -124.95114     7.8996     7.9012   3.525705   3.525777    33.9646    33.9638     1.1635     1.9598    6.65949    -0.0387     0.0588    98.5401      76921         21  0.000e+00
          0    227.016    225.063   44.37224 -124.95114     7.8996     7.9015   3.525686   3.525738    33.9645    33.9631     1.1623     1.9558    6.65950    -0.0387     0.0599    98.5129      76922         21  0.000e+00
