TN422/CTD Data/TN-422_CTD-007.ros
* Sea-Bird SBE 9 Data File:
* FileName = C:\data\TN422\TN-422_CTD_07.hex
* Software Version Seasave V 7.26.7.107
* Temperature SN = 2195
* Conductivity SN = 2903
* Number of Bytes Per Scan = 41
* Number of Voltage Words = 4
* Number of Scans Averaged by the Deck Unit = 1
* NMEA Latitude = 44 31.42 N
* NMEA Longitude = 125 22.54 W
* NMEA UTC (Time) = Sep 11 2023  19:35:36
* NMEA baud rate = 4800
** Cruise: TN-422_CTD_007
** Cast: CTD_03_RS03AXPD
** Location: Slope Base DP
** Date: Sep 11, 2023
** Water Depth: 2905
** Operator: JN
** 500 m SE of DP
# nquan = 20
# nvalues = 2328                                  
# units = specified
# name 0 = modError: Modulo Error Count
# name 1 = prDM: Pressure, Digiquartz [db]
# name 2 = depSM: Depth [salt water, m]
# name 3 = latitude: Latitude [deg]
# name 4 = longitude: Longitude [deg]
# name 5 = t090C: Temperature [ITS-90, deg C]
# name 6 = t190C: Temperature, 2 [ITS-90, deg C]
# name 7 = c0S/m: Conductivity [S/m]
# name 8 = c1S/m: Conductivity, 2 [S/m]
# name 9 = sal00: Salinity, Practical [PSU]
# name 10 = sal11: Salinity, Practical, 2 [PSU]
# name 11 = sbeox0V: Oxygen raw, SBE 43 [V]
# name 12 = sbeox0ML/L: Oxygen, SBE 43 [ml/l]
# name 13 = oxsolML/L: Oxygen Saturation, Garcia & Gordon [ml/l]
# name 14 = flECO-AFL: Fluorescence, WET Labs ECO-AFL/FL [mg/m^3]
# name 15 = CStarAt0: Beam Attenuation, WET Labs C-Star [1/m]
# name 16 = CStarTr0: Beam Transmission, WET Labs C-Star [%]
# name 17 = scan: Scan Count
# name 18 = nbf: Bottles Fired
# name 19 = flag:  0.000e+00
# interval = seconds: 0.0416667
# start_time = Sep 11 2023 19:35:36 [NMEA time, header]
# bad_flag = -9.990e-29
*END*
[from data line 507]
          0   2535.172   2499.614   44.52368 -125.37568     1.7266     1.7292   3.132179   3.132203    34.6339    34.6314     0.9188     1.9311    7.68255    -0.0314     0.0062    99.8447     100464          6  0.000e+00
          0   2535.180   2499.622   44.52368 -125.37568     1.7263     1.7290   3.132197   3.132210    34.6344    34.6317     0.9188     1.9316    7.68258    -0.0314     0.0062    99.8447     100465          6  0.000e+00
          0   2535.110   2499.553   44.52368 -125.37568     1.7265     1.7290   3.132185   3.132196    34.6342    34.6316     0.9188     1.9320    7.68257    -0.0387     0.0062    99.8447     100466          6  0.000e+00
          0   2535.118   2499.561   44.52368 -125.37568     1.7265     1.7290   3.132220   3.132230    34.6345    34.6320     0.9188     1.9324    7.68254    -0.0387     0.0062    99.8447     100467          6  0.000e+00
          0   2535.180   2499.622   44.52368 -125.37568     1.7267     1.7290   3.132191   3.132203    34.6339    34.6316     0.9188     1.9328    7.68253    -0.0314     0.0073    99.8175     100468          6  0.000e+00
          0   2535.111   2499.554   44.52368 -125.37568     1.7263     1.7292   3.132197   3.132193    34.6345    34.6313     0.9175     1.9257    7.68258    -0.0314     0.0062    99.8447     100469          6  0.000e+00
          0   2535.056   2499.500   44.52368 -125.37568     1.7263     1.7290   3.132208   3.132210    34.6346    34.6318     0.9175     1.9247    7.68257    -0.0387     0.0062    99.8447     100470          6  0.000e+00
          0   2535.111   2499.554   44.52368 -125.37568     1.7263     1.7290   3.132208   3.132179    34.6346    34.6314     0.9188     1.9314    7.68258    -0.0387     0.0062    99.8447     100471          6  0.000e+00
          0   2535.056   2499.500   44.52368 -125.37568     1.7263     1.7292   3.132208   3.132169    34.6346    34.6310     0.9188     1.9319    7.68257    -0.0314     0.0062    99.8447     100472          6  0.000e+00
          0   2535.119   2499.561   44.52368 -125.37568     1.7265     1.7290   3.132185   3.132203    34.6341    34.6317     0.9188     1.9325    7.68256    -0.0387     0.0062    99.8447     100473          6  0.000e+00
          0   2535.049   2499.493   44.52368 -125.37568     1.7265     1.7292   3.132197   3.132233    34.6343    34.6318     0.9188     1.9330    7.68256    -0.0387     0.0062    99.8447     100474          6  0.000e+00
          0   2535.056   2499.501   44.52368 -125.37568     1.7265     1.7292   3.132185   3.132186    34.6341    34.6312     0.9188     1.9335    7.68256    -0.0314     0.0062    99.8447     100475          6  0.000e+00
          0   2535.049   2499.493   44.52368 -125.37568     1.7266     1.7290   3.132179   3.132203    34.6339    34.6317     0.9175     1.9265    7.68255    -0.0314     0.0062    99.8447     100476          6  0.000e+00
          0   2535.057   2499.501   44.52368 -125.37568     1.7265     1.7290   3.132197   3.132179    34.6343    34.6314     0.9188     1.9317    7.68255    -0.0387     0.0051    99.8718     100477          6  0.000e+00
          0   2535.057   2499.501   44.52368 -125.37568     1.7263     1.7288   3.132208   3.132203    34.6346    34.6319     0.9200     1.9383    7.68257    -0.0387     0.0051    99.8718     100478          6  0.000e+00
          0   2535.049   2499.493   44.52368 -125.37568     1.7265     1.7292   3.132208   3.132217    34.6345    34.6316     0.9188     1.9326    7.68255    -0.0314     0.0051    99.8718     100479          6  0.000e+00
          0   2535.057   2499.501   44.52368 -125.37568     1.7265     1.7288   3.132208   3.132163    34.6344    34.6314     0.9188     1.9331    7.68254    -0.0314     0.0051    99.8718     100480          6  0.000e+00
          0   2535.049   2499.493   44.52368 -125.37568     1.7263     1.7290   3.132208   3.132196    34.6347    34.6316     0.9188     1.9320    7.68258    -0.0387     0.0051    99.8718     100481          6  0.000e+00
          0   2535.057   2499.501   44.52368 -125.37568     1.7263     1.7290   3.132208   3.132196    34.6346    34.6316     0.9188     1.9323    7.68257    -0.0314     0.0062    99.8447     100482          6  0.000e+00
          0   2535.003   2499.448   44.52368 -125.37568     1.7267     1.7290   3.132185   3.132210    34.6340    34.6318     0.9188     1.9327    7.68253    -0.0314     0.0051    99.8718     100483          6  0.000e+00
          0   2535.049   2499.493   44.52368 -125.37568     1.7265     1.7294   3.132197   3.132217    34.6343    34.6315     0.9188     1.9315    7.68256    -0.0387     0.0051    99.8718     100484          6  0.000e+00
          0   2535.057   2499.501   44.52368 -125.37568     1.7267     1.7294   3.132185   3.132217    34.6339    34.6315     0.9188     1.9303    7.68253    -0.0387     0.0051    99.8718     100485          6  0.000e+00
          0   2535.049   2499.494   44.52368 -125.37568     1.7263     1.7294   3.132197   3.132196    34.6345    34.6312     0.9188     1.9306    7.68258    -0.0387     0.0051    99.8718     100486          6  0.000e+00
          0   2535.119   2499.562   44.52368 -125.37568     1.7265     1.7294   3.132185   3.132173    34.6341    34.6309     0.9175     1.9233    7.68256    -0.0314     0.0051    99.8718     100487          6  0.000e+00
          0   2535.003   2499.448   44.52368 -125.37568     1.7265     1.7294   3.132179   3.132186    34.6341    34.6311     0.9188     1.9281    7.68256    -0.0387     0.0051    99.8718     100488          6  0.000e+00
          0   2535.112   2499.555   44.52368 -125.37568     1.7265     1.7294   3.132197   3.132230    34.6343    34.6316     0.9188     1.9284    7.68256    -0.0387     0.0062    99.8447     100489          6  0.000e+00
          0   2535.057   2499.501   44.52368 -125.37568     1.7265     1.7294   3.132185   3.132223    34.6341    34.6315     0.9188     1.9286    7.68256    -0.0387     0.0062    99.8447     100490          6  0.000e+00
          0   2535.050   2499.494   44.52368 -125.37568     1.7265     1.7294   3.132197   3.132196    34.6343    34.6312     0.9188     1.9273    7.68256    -0.0314     0.0062    99.8447     100491          6  0.000e+00
          0   2535.057   2499.501   44.52368 -125.37568     1.7263     1.7295   3.132185   3.132193    34.6343    34.6310     0.9188     1.9275    7.68258    -0.0314     0.0062    99.8447     100492          6  0.000e+00
          0   2535.120   2499.562   44.52368 -125.37568     1.7265     1.7292   3.132202   3.132210    34.6343    34.6315     0.9188     1.9277    7.68255    -0.0314     0.0062    99.8447     100493          6  0.000e+00
          0   2535.050   2499.494   44.52368 -125.37568     1.7263     1.7295   3.132185   3.132237    34.6344    34.6315     0.9188     1.9279    7.68259    -0.0314     0.0062    99.8447     100494          6  0.000e+00
          0   2535.182   2499.623   44.52368 -125.37568     1.7263     1.7294   3.132179   3.132223    34.6342    34.6315     0.9188     1.9281    7.68259    -0.0387     0.0051    99.8718     100495          6  0.000e+00
          0   2535.112   2499.555   44.52368 -125.37568     1.7265     1.7295   3.132220   3.132196    34.6346    34.6310     0.9188     1.9298    7.68255    -0.0387     0.0062    99.8447     100496          6  0.000e+00
          0   2535.120   2499.563   44.52368 -125.37568     1.7263     1.7294   3.132191   3.132230    34.6343    34.6316     0.9188     1.9300    7.68258    -0.0387     0.0062    99.8447     100497          6  0.000e+00
          0   2535.182   2499.624   44.52368 -125.37568     1.7265     1.7295   3.132197   3.132223    34.6342    34.6313     0.9188     1.9303    7.68255    -0.0314     0.0062    99.8447     100498          6  0.000e+00
          0   2535.174   2499.616   44.52368 -125.37568     1.7265     1.7294   3.132185   3.132237    34.6341    34.6316     0.9188     1.9290    7.68257    -0.0314     0.0062    99.8447     100499          6  0.000e+00
          0   2535.182   2499.624   44.52368 -125.37568     1.7263     1.7294   3.132220   3.132223    34.6347    34.6315     0.9175     1.9217    7.68256    -0.0314     0.0062    99.8447     100500          6  0.000e+00
          0   2535.174   2499.616   44.52368 -125.37568     1.7265     1.7295   3.132191   3.132254    34.6341    34.6317     0.9175     1.9204    7.68256    -0.0387     0.0062    99.8447     100501          6  0.000e+00
          0   2535.237   2499.677   44.52368 -125.37568     1.7263     1.7295   3.132220   3.132227    34.6347    34.6313     0.9188     1.9269    7.68257    -0.0387     0.0062    99.8447     100502          6  0.000e+00
          0   2535.237   2499.677   44.52368 -125.37568     1.7265     1.7294   3.132238   3.132237    34.6347    34.6316     0.9188     1.9271    7.68253    -0.0387     0.0062    99.8447     100503          6  0.000e+00
          0   2535.229   2499.670   44.52368 -125.37568     1.7265     1.7295   3.132220   3.132203    34.6345    34.6310     0.9188     1.9275    7.68255    -0.0314     0.0062    99.8447     100504          6  0.000e+00
          0   2535.299   2499.738   44.52368 -125.37568     1.7267     1.7295   3.132232   3.132227    34.6344    34.6313     0.9188     1.9278    7.68251    -0.0314     0.0073    99.8175     100505          6  0.000e+00
          0   2535.229   2499.670   44.52368 -125.37568     1.7265     1.7294   3.132214   3.132240    34.6344    34.6317     0.9188     1.9281    7.68254    -0.0314     0.0062    99.8447     100506          6  0.000e+00
          0   2535.299   2499.738   44.52368 -125.37568     1.7265     1.7295   3.132208   3.132244    34.6344    34.6315     0.9188     1.9284    7.68256    -0.0314     0.0062    99.8447     100507          6  0.000e+00
          0   2535.361   2499.799   44.52368 -125.37568     1.7265     1.7295   3.132226   3.132223    34.6345    34.6312     0.9188     1.9287    7.68254    -0.0387     0.0062    99.8447     100508          6  0.000e+00
          0   2535.353   2499.792   44.52368 -125.37568     1.7262     1.7295   3.132191   3.132217    34.6344    34.6311     0.9188     1.9290    7.68261    -0.0460     0.0051    99.8718     100509          6  0.000e+00
          0   2535.361   2499.799   44.52368 -125.37568     1.7263     1.7295   3.132197   3.132254    34.6343    34.6316     0.9188     1.9293    7.68258    -0.0533     0.0051    99.8718     100510          6  0.000e+00
          0   2535.354   2499.792   44.52368 -125.37568     1.7265     1.7295   3.132208   3.132227    34.6343    34.6313     0.9188     1.9296    7.68255    -0.0607     0.0062    99.8447     100511          6  0.000e+00
          0   2535.416   2499.853   44.52368 -125.37568     1.7265     1.7295   3.132226   3.132237    34.6345    34.6314     0.9188     1.9299    7.68255    -0.0607     0.0062    99.8447     100512          6  0.000e+00
          0   2535.416   2499.853   44.52368 -125.37568     1.7263     1.7295   3.132238   3.132244    34.6348    34.6315     0.9188     1.9302    7.68256    -0.0607     0.0051    99.8718     100513          6  0.000e+00
          0   2535.470   2499.906   44.52368 -125.37568     1.7266     1.7295   3.132197   3.132244    34.6339    34.6314     0.9188     1.9306    7.68255    -0.0607     0.0051    99.8718     100514          6  0.000e+00
          0   2535.478   2499.914   44.52368 -125.37568     1.7263     1.7295   3.132220   3.132223    34.6345    34.6312     0.9188     1.9309    7.68257    -0.0607     0.0051    99.8718     100515          6  0.000e+00
          0   2535.470   2499.906   44.52368 -125.37568     1.7267     1.7295   3.132238   3.132234    34.6344    34.6313     0.9188     1.9312    7.68251    -0.0607     0.0051    99.8718     100516          6  0.000e+00
          0   2535.540   2499.975   44.52368 -125.37568     1.7265     1.7295   3.132238   3.132240    34.6346    34.6314     0.9188     1.9315    7.68254    -0.0607     0.0051    99.8718     100517          6  0.000e+00
          0   2535.540   2499.975   44.52368 -125.37568     1.7265     1.7294   3.132214   3.132244    34.6343    34.6316     0.9188     1.9303    7.68255    -0.0533     0.0062    99.8447     100518          6  0.000e+00
          0   2535.587   2500.021   44.52368 -125.37568     1.7265     1.7295   3.132226   3.132261    34.6344    34.6316     0.9188     1.9290    7.68255    -0.0607     0.0051    99.8718     100519          6  0.000e+00
          0   2535.540   2499.975   44.52368 -125.37568     1.7268     1.7295   3.132238   3.132267    34.6342    34.6317     0.9188     1.9292    7.68250    -0.0607     0.0051    99.8718     100520          6  0.000e+00
          0   2535.587   2500.021   44.52368 -125.37568     1.7265     1.7297   3.132255   3.132247    34.6347    34.6312     0.9188     1.9294    7.68253    -0.0533     0.0051    99.8718     100521          6  0.000e+00
          0   2535.711   2500.143   44.52368 -125.37568     1.7266     1.7297   3.132244   3.132240    34.6344    34.6311     0.9188     1.9296    7.68252    -0.0607     0.0051    99.8718     100522          6  0.000e+00
          0   2535.657   2500.089   44.52368 -125.37568     1.7263     1.7298   3.132238   3.132244    34.6347    34.6310     0.9188     1.9298    7.68256    -0.0607     0.0051    99.8718     100523          6  0.000e+00
          0   2535.712   2500.143   44.52368 -125.37568     1.7266     1.7295   3.132238   3.132261    34.6343    34.6315     0.9188     1.9299    7.68252    -0.0607     0.0051    99.8718     100524          6  0.000e+00
          0   2535.712   2500.143   44.52368 -125.37568     1.7265     1.7297   3.132238   3.132284    34.6345    34.6316     0.9188     1.9286    7.68254    -0.0607     0.0040    99.8990     100525          6  0.000e+00
          0   2535.712   2500.143   44.52368 -125.37568     1.7265     1.7295   3.132214   3.132234    34.6342    34.6312     0.9188     1.9287    7.68256    -0.0607     0.0040    99.8990     100526          6  0.000e+00
          0   2535.828   2500.257   44.52368 -125.37568     1.7268     1.7294   3.132226   3.132291    34.6340    34.6320     0.9188     1.9304    7.68252    -0.0533     0.0051    99.8718     100527          6  0.000e+00
          0   2535.774   2500.204   44.52368 -125.37568     1.7267     1.7295   3.132214   3.132298    34.6340    34.6320     0.9175     1.9230    7.68253    -0.0533     0.0051    99.8718     100528          6  0.000e+00
          0   2535.828   2500.257   44.52368 -125.37568     1.7265     1.7297   3.132250   3.132271    34.6346    34.6314     0.9188     1.9294    7.68254    -0.0607     0.0040    99.8990     100529          6  0.000e+00
          0   2535.836   2500.265   44.52368 -125.37568     1.7263     1.7295   3.132244   3.132227    34.6347    34.6310     0.9188     1.9296    7.68256    -0.0533     0.0051    99.8718     100530          6  0.000e+00
          0   2535.890   2500.318   44.52368 -125.37568     1.7267     1.7295   3.132238   3.132271    34.6342    34.6316     0.9188     1.9299    7.68252    -0.0607     0.0062    99.8447     100531          6  0.000e+00
          0   2535.945   2500.371   44.52368 -125.37568     1.7263     1.7297   3.132255   3.132271    34.6348    34.6314     0.9188     1.9301    7.68257    -0.0533     0.0062    99.8447     100532          6  0.000e+00
          0   2535.836   2500.265   44.52368 -125.37568     1.7265     1.7295   3.132267   3.132267    34.6348    34.6315     0.9188     1.9303    7.68252    -0.0460     0.0062    99.8447     100533          6  0.000e+00
          0   2536.062   2500.486   44.52368 -125.37568     1.7265     1.7297   3.132267   3.132247    34.6347    34.6310     0.9200     1.9382    7.68254    -0.0387     0.0051    99.8718     100534          6  0.000e+00
          0   2536.015   2500.440   44.52368 -125.37568     1.7265     1.7295   3.132267   3.132261    34.6347    34.6314     0.9188     1.9323    7.68253    -0.0387     0.0051    99.8718     100535          6  0.000e+00
