TN422/CTD Data/TN-422_CTD-002.ros
* Sea-Bird SBE 9 Data File:
* FileName = C:\data\TN422\TN-422_CTD_02.hex
* Software Version Seasave V 7.26.7.107
* Temperature SN = 2195
* Conductivity SN = 2903
* Number of Bytes Per Scan = 41
* Number of Voltage Words = 4
* Number of Scans Averaged by the Deck Unit = 1
* NMEA Latitude = 44 31.97 N
* NMEA Longitude = 125 23.50 W
* NMEA UTC (Time) = Aug 16 2023  22:53:46
* NMEA baud rate = 4800
** Cruise: TN-422
** Cast: CTD-002
** Location: 500 m downcurrent of SP at S;ope Base
** Date: Aug 16, 2023
** Water Depth: 2909
** Operator: JN
# nquan = 20
# nvalues = 2328                                  
# units = specified
# name 0 = modError: Modulo Error Count
# name 1 = prDM: Pressure, Digiquartz [db]
# name 2 = depSM: Depth [salt water, m]
# name 3 = latitude: Latitude [deg]
# name 4 = longitude: Longitude [deg]
# name 5 = t090C: Temperature [ITS-90, deg C]
# name 6 = t190C: Temperature, 2 [ITS-90, deg C]
# name 7 = c0S/m: Conductivity [S/m]
# name 8 = c1S/m: Conductivity, 2 [S/m]
# name 9 = sal00: Salinity, Practical [PSU]
# name 10 = sal11: Salinity, Practical, 2 [PSU]
# name 11 = sbeox0V: Oxygen raw, SBE 43 [V]
# name 12 = sbeox0ML/L: Oxygen, SBE 43 [ml/l]
# name 13 = oxsolML/L: Oxygen Saturation, Garcia & Gordon [ml/l]
# name 14 = flECO-AFL: Fluorescence, WET Labs ECO-AFL/FL [mg/m^3]
# name 15 = CStarAt0: Beam Attenuation, WET Labs C-Star [1/m]
# name 16 = CStarTr0: Beam Transmission, WET Labs C-Star [%]
# name 17 = scan: Scan Count
# name 18 = nbf: Bottles Fired
# name 19 = flag:  0.000e+00
# interval = seconds: 0.0416667
# start_time = Aug 16 2023 22:53:46 [NMEA time, header]
# bad_flag = -9.990e-29
*END*
[from data line 290]
          0   2936.240   2892.367   44.53280 -125.39156     1.7213     1.7242   3.147770   3.147772    34.6436    34.6406     0.8981     1.9243    7.68306    -0.0314     0.0237    99.4098      82358          3  0.000e+00
          0   1517.379   1499.668   44.53280 -125.39158     2.6572     2.6587   3.162936   3.162843    34.5178    34.5151     0.6922     0.7001    7.51160    -0.0167     0.0073    99.8175     120638          4  0.000e+00
          0   1517.379   1499.668   44.53280 -125.39158     2.6573     2.6589   3.162912   3.162809    34.5175    34.5146     0.6922     0.7001    7.51160    -0.0240     0.0073    99.8175     120639          4  0.000e+00
          0   1517.440   1499.728   44.53280 -125.39158     2.6571     2.6589   3.162941   3.162812    34.5180    34.5146     0.6922     0.7001    7.51161    -0.0167     0.0073    99.8175     120640          4  0.000e+00
          0   1517.318   1499.608   44.53280 -125.39158     2.6571     2.6589   3.162959   3.162826    34.5182    34.5148     0.6922     0.7000    7.51159    -0.0240     0.0073    99.8175     120641          4  0.000e+00
          0   1517.379   1499.668   44.53280 -125.39158     2.6572     2.6590   3.162912   3.162819    34.5175    34.5145     0.6922     0.7001    7.51161    -0.0167     0.0073    99.8175     120642          4  0.000e+00
          0   1517.379   1499.668   44.53280 -125.39158     2.6573     2.6592   3.162941   3.162839    34.5178    34.5146     0.6922     0.7001    7.51158    -0.0167     0.0073    99.8175     120643          4  0.000e+00
          0   1517.349   1499.638   44.53280 -125.39158     2.6571     2.6590   3.162936   3.162850    34.5179    34.5149     0.6922     0.7001    7.51161    -0.0240     0.0073    99.8175     120644          4  0.000e+00
          0   1517.318   1499.608   44.53280 -125.39158     2.6573     2.6589   3.162930   3.162846    34.5177    34.5150     0.6922     0.7000    7.51159    -0.0240     0.0062    99.8447     120645          4  0.000e+00
          0   1517.318   1499.608   44.53280 -125.39158     2.6571     2.6592   3.162947   3.162846    34.5182    34.5147     0.6922     0.7000    7.51161    -0.0240     0.0073    99.8175     120646          4  0.000e+00
          0   1517.379   1499.668   44.53280 -125.39158     2.6573     2.6589   3.162936   3.162846    34.5177    34.5150     0.6910     0.6950    7.51159    -0.0240     0.0062    99.8447     120647          4  0.000e+00
          0   1517.318   1499.608   44.53280 -125.39158     2.6571     2.6590   3.162947   3.162849    34.5181    34.5149     0.6922     0.7002    7.51160    -0.0314     0.0062    99.8447     120648          4  0.000e+00
          0   1517.265   1499.555   44.53280 -125.39158     2.6574     2.6592   3.162959   3.162846    34.5180    34.5147     0.6922     0.7002    7.51155    -0.0240     0.0073    99.8175     120649          4  0.000e+00
          0   1517.318   1499.608   44.53280 -125.39158     2.6573     2.6592   3.162936   3.162863    34.5178    34.5149     0.6910     0.6942    7.51159    -0.0240     0.0062    99.8447     120650          4  0.000e+00
          0   1517.318   1499.608   44.53280 -125.39158     2.6574     2.6592   3.162930   3.162839    34.5176    34.5146     0.6922     0.6995    7.51158    -0.0314     0.0062    99.8447     120651          4  0.000e+00
          0   1517.318   1499.608   44.53280 -125.39158     2.6574     2.6592   3.162971   3.162819    34.5181    34.5144     0.6922     0.6996    7.51155    -0.0240     0.0062    99.8447     120652          4  0.000e+00
          0   1517.265   1499.556   44.53280 -125.39158     2.6571     2.6592   3.162918   3.162856    34.5178    34.5149     0.6922     0.6997    7.51162    -0.0240     0.0062    99.8447     120653          4  0.000e+00
          0   1517.319   1499.608   44.53280 -125.39158     2.6573     2.6595   3.162918   3.162829    34.5176    34.5141     0.6922     0.6998    7.51160    -0.0314     0.0062    99.8447     120654          4  0.000e+00
          0   1517.265   1499.556   44.53280 -125.39158     2.6575     2.6594   3.162930   3.162863    34.5175    34.5147     0.6922     0.7000    7.51156    -0.0240     0.0062    99.8447     120655          4  0.000e+00
          0   1517.265   1499.556   44.53280 -125.39158     2.6574     2.6594   3.162906   3.162853    34.5173    34.5146     0.6910     0.6940    7.51159    -0.0240     0.0062    99.8447     120656          4  0.000e+00
          0   1517.265   1499.556   44.53280 -125.39158     2.6576     2.6594   3.162918   3.162846    34.5173    34.5145     0.6922     0.6993    7.51156    -0.0314     0.0062    99.8447     120657          4  0.000e+00
          0   1517.204   1499.496   44.53280 -125.39158     2.6574     2.6594   3.162947   3.162849    34.5179    34.5146     0.6922     0.6994    7.51156    -0.0240     0.0062    99.8447     120658          4  0.000e+00
          0   1517.349   1499.638   44.53280 -125.39158     2.6574     2.6594   3.162977   3.162846    34.5182    34.5145     0.6922     0.6996    7.51155    -0.0240     0.0062    99.8447     120659          4  0.000e+00
          0   1517.265   1499.556   44.53280 -125.39158     2.6574     2.6595   3.162936   3.162846    34.5177    34.5143     0.6922     0.7008    7.51157    -0.0314     0.0062    99.8447     120660          4  0.000e+00
          0   1517.265   1499.556   44.53280 -125.39158     2.6573     2.6594   3.162900   3.162833    34.5174    34.5143     0.6922     0.7010    7.51161    -0.0240     0.0062    99.8447     120661          4  0.000e+00
          0   1517.265   1499.556   44.53280 -125.39158     2.6573     2.6594   3.162941   3.162860    34.5179    34.5147     0.6922     0.7012    7.51158    -0.0240     0.0062    99.8447     120662          4  0.000e+00
          0   1517.265   1499.556   44.53280 -125.39158     2.6574     2.6594   3.162959   3.162870    34.5180    34.5148     0.6922     0.7014    7.51155    -0.0314     0.0051    99.8718     120663          4  0.000e+00
          0   1517.266   1499.556   44.53280 -125.39158     2.6574     2.6595   3.162936   3.162870    34.5177    34.5146     0.6922     0.7016    7.51158    -0.0314     0.0051    99.8718     120664          4  0.000e+00
          0   1517.266   1499.556   44.53280 -125.39158     2.6574     2.6595   3.162947   3.162877    34.5178    34.5147     0.6922     0.7018    7.51156    -0.0314     0.0062    99.8447     120665          4  0.000e+00
          0   1517.266   1499.556   44.53280 -125.39158     2.6574     2.6594   3.162977   3.162870    34.5182    34.5148     0.6922     0.7020    7.51154    -0.0314     0.0051    99.8718     120666          4  0.000e+00
          0   1517.266   1499.556   44.53280 -125.39158     2.6574     2.6595   3.162965   3.162849    34.5180    34.5144     0.6922     0.7022    7.51155    -0.0314     0.0051    99.8718     120667          4  0.000e+00
          0   1517.266   1499.556   44.53280 -125.39158     2.6574     2.6595   3.162959   3.162887    34.5180    34.5148     0.6922     0.7024    7.51156    -0.0240     0.0062    99.8447     120668          4  0.000e+00
          0   1517.266   1499.556   44.53280 -125.39158     2.6574     2.6595   3.162959   3.162894    34.5180    34.5149     0.6922     0.7026    7.51155    -0.0314     0.0062    99.8447     120669          4  0.000e+00
          0   1517.266   1499.556   44.53280 -125.39158     2.6576     2.6594   3.162959   3.162873    34.5178    34.5148     0.6922     0.7028    7.51153    -0.0240     0.0062    99.8447     120670          4  0.000e+00
          0   1517.266   1499.556   44.53280 -125.39158     2.6573     2.6597   3.162977   3.162856    34.5183    34.5143     0.6922     0.7030    7.51156    -0.0167     0.0073    99.8175     120671          4  0.000e+00
          0   1517.319   1499.609   44.53280 -125.39158     2.6574     2.6595   3.162941   3.162883    34.5178    34.5148     0.6922     0.7022    7.51157    -0.0167     0.0073    99.8175     120672          4  0.000e+00
          0   1517.289   1499.579   44.53280 -125.39158     2.6576     2.6597   3.162930   3.162873    34.5174    34.5145     0.6922     0.7023    7.51155    -0.0167     0.0073    99.8175     120673          4  0.000e+00
          0   1517.266   1499.556   44.53280 -125.39158     2.6573     2.6595   3.162971   3.162829    34.5182    34.5141     0.6922     0.7025    7.51156    -0.0167     0.0073    99.8175     120674          4  0.000e+00
          0   1517.266   1499.556   44.53280 -125.39158     2.6574     2.6594   3.162965   3.162863    34.5180    34.5147     0.6922     0.7016    7.51155    -0.0240     0.0062    99.8447     120675          4  0.000e+00
          0   1517.319   1499.609   44.53280 -125.39158     2.6574     2.6595   3.162936   3.162870    34.5177    34.5146     0.6922     0.7018    7.51157    -0.0167     0.0062    99.8447     120676          4  0.000e+00
          0   1517.319   1499.609   44.53280 -125.39158     2.6574     2.6595   3.162930   3.162887    34.5176    34.5148     0.6922     0.7019    7.51158    -0.0240     0.0062    99.8447     120677          4  0.000e+00
          0   1517.319   1499.609   44.53280 -125.39158     2.6576     2.6597   3.162930   3.162900    34.5174    34.5148     0.6922     0.7020    7.51155    -0.0167     0.0062    99.8447     120678          4  0.000e+00
          0   1517.320   1499.609   44.53280 -125.39158     2.6574     2.6597   3.162930   3.162877    34.5176    34.5145     0.6922     0.7021    7.51157    -0.0240     0.0062    99.8447     120679          4  0.000e+00
          0   1517.320   1499.609   44.53280 -125.39158     2.6576     2.6597   3.162971   3.162870    34.5179    34.5144     0.6922     0.7023    7.51153    -0.0167     0.0062    99.8447     120680          4  0.000e+00
          0   1517.320   1499.609   44.53280 -125.39158     2.6575     2.6595   3.162965   3.162870    34.5179    34.5146     0.6922     0.7024    7.51154    -0.0167     0.0073    99.8175     120681          4  0.000e+00
          0   1517.320   1499.609   44.53280 -125.39158     2.6576     2.6597   3.162936   3.162877    34.5175    34.5145     0.6922     0.7025    7.51155    -0.0167     0.0073    99.8175     120682          4  0.000e+00
          0   1517.381   1499.669   44.53280 -125.39158     2.6576     2.6597   3.162941   3.162911    34.5175    34.5149     0.6922     0.7026    7.51155    -0.0240     0.0062    99.8447     120683          4  0.000e+00
          0   1517.381   1499.670   44.53280 -125.39158     2.6574     2.6595   3.162977   3.162900    34.5181    34.5149     0.6922     0.7027    7.51155    -0.0167     0.0073    99.8175     120684          4  0.000e+00
          0   1517.320   1499.609   44.53280 -125.39158     2.6577     2.6597   3.162988   3.162883    34.5180    34.5146     0.6922     0.7029    7.51150    -0.0167     0.0073    99.8175     120685          4  0.000e+00
          0   1517.442   1499.730   44.53280 -125.39158     2.6574     2.6595   3.162941   3.162890    34.5177    34.5148     0.6922     0.7030    7.51157    -0.0167     0.0073    99.8175     120686          4  0.000e+00
          0   1517.350   1499.640   44.53280 -125.39158     2.6574     2.6597   3.162947   3.162894    34.5178    34.5147     0.6922     0.7031    7.51156    -0.0240     0.0062    99.8447     120687          4  0.000e+00
          0   1517.442   1499.730   44.53280 -125.39158     2.6573     2.6595   3.162959   3.162900    34.5180    34.5149     0.6922     0.7032    7.51157    -0.0167     0.0062    99.8447     120688          4  0.000e+00
          0   1517.442   1499.730   44.53280 -125.39158     2.6571     2.6597   3.162936   3.162894    34.5179    34.5147     0.6922     0.7034    7.51161    -0.0167     0.0062    99.8447     120689          4  0.000e+00
          0   1517.381   1499.670   44.53280 -125.39158     2.6572     2.6595   3.162971   3.162914    34.5182    34.5151     0.6922     0.7035    7.51157    -0.0167     0.0051    99.8718     120690          4  0.000e+00
          0   1517.442   1499.730   44.53280 -125.39158     2.6574     2.6595   3.162988   3.162900    34.5182    34.5149     0.6922     0.7036    7.51154    -0.0167     0.0051    99.8718     120691          4  0.000e+00
          0   1517.496   1499.783   44.53280 -125.39158     2.6573     2.6595   3.162941   3.162883    34.5178    34.5147     0.6922     0.7037    7.51159    -0.0240     0.0051    99.8718     120692          4  0.000e+00
          0   1517.442   1499.730   44.53280 -125.39158     2.6571     2.6595   3.162930   3.162890    34.5178    34.5148     0.6922     0.7038    7.51162    -0.0240     0.0051    99.8718     120693          4  0.000e+00
          0   1517.496   1499.783   44.53280 -125.39158     2.6572     2.6594   3.162930   3.162894    34.5177    34.5150     0.6922     0.7040    7.51160    -0.0240     0.0051    99.8718     120694          4  0.000e+00
          0   1517.496   1499.783   44.53280 -125.39158     2.6571     2.6595   3.162947   3.162917    34.5180    34.5151     0.6922     0.7041    7.51161    -0.0314     0.0051    99.8718     120695          4  0.000e+00
          0   1517.496   1499.783   44.53280 -125.39158     2.6573     2.6595   3.162936   3.162900    34.5177    34.5149     0.6922     0.7032    7.51159    -0.0240     0.0051    99.8718     120696          4  0.000e+00
          0   1517.496   1499.783   44.53280 -125.39158     2.6570     2.6592   3.162930   3.162894    34.5180    34.5152     0.6922     0.7033    7.51164    -0.0314     0.0051    99.8718     120697          4  0.000e+00
          0   1517.557   1499.843   44.53280 -125.39158     2.6573     2.6594   3.162930   3.162863    34.5176    34.5146     0.6922     0.7034    7.51160    -0.0314     0.0062    99.8447     120698          4  0.000e+00
          0   1517.557   1499.843   44.53280 -125.39158     2.6574     2.6592   3.162947   3.162904    34.5177    34.5153     0.6922     0.7024    7.51158    -0.0240     0.0062    99.8447     120699          4  0.000e+00
          0   1517.519   1499.805   44.53280 -125.39158     2.6570     2.6594   3.162936   3.162921    34.5180    34.5153     0.6922     0.7025    7.51164    -0.0240     0.0062    99.8447     120700          4  0.000e+00
          0   1517.557   1499.843   44.53280 -125.39158     2.6571     2.6594   3.162930   3.162880    34.5178    34.5148     0.6922     0.7025    7.51162    -0.0314     0.0062    99.8447     120701          4  0.000e+00
          0   1517.611   1499.896   44.53280 -125.39158     2.6570     2.6595   3.162947   3.162894    34.5181    34.5147     0.6922     0.7026    7.51163    -0.0314     0.0062    99.8447     120702          4  0.000e+00
          0   1517.557   1499.843   44.53280 -125.39158     2.6572     2.6594   3.162959   3.162934    34.5180    34.5154     0.6922     0.7026    7.51159    -0.0240     0.0062    99.8447     120703          4  0.000e+00
          0   1517.611   1499.896   44.53280 -125.39158     2.6570     2.6590   3.162936   3.162904    34.5180    34.5154     0.6922     0.7027    7.51164    -0.0240     0.0062    99.8447     120704          4  0.000e+00
          0   1517.611   1499.896   44.53280 -125.39158     2.6571     2.6592   3.162930   3.162884    34.5177    34.5150     0.6922     0.7017    7.51162    -0.0314     0.0062    99.8447     120705          4  0.000e+00
          0   1517.672   1499.956   44.53280 -125.39158     2.6570     2.6594   3.162918   3.162911    34.5178    34.5151     0.6922     0.7017    7.51165    -0.0314     0.0062    99.8447     120706          4  0.000e+00
          0   1517.611   1499.896   44.53280 -125.39158     2.6569     2.6589   3.162900   3.162921    34.5176    34.5158     0.6922     0.7017    7.51167    -0.0314     0.0062    99.8447     120707          4  0.000e+00
