TN422/CTD Data/TN-422_CTD-002.ros
* Sea-Bird SBE 9 Data File:
* FileName = C:\data\TN422\TN-422_CTD_02.hex
* Software Version Seasave V 7.26.7.107
* Temperature SN = 2195
* Conductivity SN = 2903
* Number of Bytes Per Scan = 41
* Number of Voltage Words = 4
* Number of Scans Averaged by the Deck Unit = 1
* NMEA Latitude = 44 31.97 N
* NMEA Longitude = 125 23.50 W
* NMEA UTC (Time) = Aug 16 2023  22:53:46
* NMEA baud rate = 4800
** Cruise: TN-422
** Cast: CTD-002
** Location: 500 m downcurrent of SP at S;ope Base
** Date: Aug 16, 2023
** Water Depth: 2909
** Operator: JN
# nquan = 20
# nvalues = 2328                                  
# units = specified
# name 0 = modError: Modulo Error Count
# name 1 = prDM: Pressure, Digiquartz [db]
# name 2 = depSM: Depth [salt water, m]
# name 3 = latitude: Latitude [deg]
# name 4 = longitude: Longitude [deg]
# name 5 = t090C: Temperature [ITS-90, deg C]
# name 6 = t190C: Temperature, 2 [ITS-90, deg C]
# name 7 = c0S/m: Conductivity [S/m]
# name 8 = c1S/m: Conductivity, 2 [S/m]
# name 9 = sal00: Salinity, Practical [PSU]
# name 10 = sal11: Salinity, Practical, 2 [PSU]
# name 11 = sbeox0V: Oxygen raw, SBE 43 [V]
# name 12 = sbeox0ML/L: Oxygen, SBE 43 [ml/l]
# name 13 = oxsolML/L: Oxygen Saturation, Garcia & Gordon [ml/l]
# name 14 = flECO-AFL: Fluorescence, WET Labs ECO-AFL/FL [mg/m^3]
# name 15 = CStarAt0: Beam Attenuation, WET Labs C-Star [1/m]
# name 16 = CStarTr0: Beam Transmission, WET Labs C-Star [%]
# name 17 = scan: Scan Count
# name 18 = nbf: Bottles Fired
# name 19 = flag:  0.000e+00
# interval = seconds: 0.0416667
# start_time = Aug 16 2023 22:53:46 [NMEA time, header]
# bad_flag = -9.990e-29
*END*
[from data line 1159]
          0    161.908    160.538   44.53276 -125.39164     7.6123     7.6145   3.493070   3.492955    33.9240    33.9207     1.1755     2.0039    6.70470    -0.0460     0.0379    99.0565     169923         12  0.000e+00
          0    161.796    160.427   44.53276 -125.39164     7.6122     7.6143   3.493094   3.492984    33.9245    33.9213     1.1767     2.0080    6.70470    -0.0460     0.0379    99.0565     169924         12  0.000e+00
          0    161.811    160.442   44.53276 -125.39164     7.6120     7.6145   3.493076   3.492927    33.9245    33.9204     1.1767     2.0084    6.70473    -0.0460     0.0379    99.0565     169925         12  0.000e+00
          0    161.856    160.486   44.53276 -125.39164     7.6119     7.6142   3.493046   3.492927    33.9243    33.9207     1.1755     2.0046    6.70476    -0.0460     0.0368    99.0837     169926         12  0.000e+00
          0    161.796    160.427   44.53276 -125.39164     7.6117     7.6143   3.493058   3.492955    33.9246    33.9209     1.1767     2.0082    6.70477    -0.0460     0.0379    99.0565     169927         12  0.000e+00
          0    140.760    139.576   44.53274 -125.39164     7.7766     7.7775   3.502672   3.502452    33.8778    33.8746     1.2572     2.2360    6.68182    -0.0460     0.0324    99.1924     173413         13  0.000e+00
          0    140.760    139.576   44.53274 -125.39164     7.7765     7.7778   3.502690   3.502445    33.8781    33.8742     1.2572     2.2361    6.68181    -0.0387     0.0324    99.1924     173414         13  0.000e+00
          0    140.760    139.576   44.53274 -125.39164     7.7764     7.7771   3.502703   3.502466    33.8783    33.8751     1.2572     2.2361    6.68182    -0.0387     0.0324    99.1924     173415         13  0.000e+00
          0    140.812    139.627   44.53274 -125.39164     7.7765     7.7774   3.502703   3.502474    33.8782    33.8748     1.2560     2.2324    6.68181    -0.0460     0.0324    99.1924     173416         13  0.000e+00
          0    140.812    139.627   44.53274 -125.39164     7.7763     7.7775   3.502721   3.502452    33.8786    33.8745     1.2560     2.2324    6.68182    -0.0460     0.0324    99.1924     173417         13  0.000e+00
          0    140.872    139.686   44.53274 -125.39164     7.7766     7.7774   3.502684   3.502445    33.8779    33.8745     1.2572     2.2366    6.68181    -0.0460     0.0335    99.1652     173418         13  0.000e+00
          0    140.864    139.679   44.53274 -125.39164     7.7765     7.7773   3.502715   3.502467    33.8783    33.8749     1.2572     2.2365    6.68180    -0.0387     0.0335    99.1652     173419         13  0.000e+00
          0    140.924    139.738   44.53274 -125.39164     7.7764     7.7773   3.502684   3.502474    33.8780    33.8749     1.2572     2.2365    6.68183    -0.0387     0.0335    99.1652     173420         13  0.000e+00
          0    140.924    139.738   44.53274 -125.39164     7.7760     7.7773   3.502715   3.502474    33.8788    33.8749     1.2560     2.2322    6.68186    -0.0460     0.0324    99.1924     173421         13  0.000e+00
          0    140.976    139.790   44.53274 -125.39164     7.7761     7.7774   3.502709   3.502474    33.8785    33.8748     1.2560     2.2321    6.68185    -0.0460     0.0324    99.1924     173422         13  0.000e+00
          0    140.976    139.790   44.53274 -125.39164     7.7761     7.7771   3.502703   3.502495    33.8785    33.8753     1.2560     2.2320    6.68186    -0.0460     0.0324    99.1924     173423         13  0.000e+00
          0    140.976    139.790   44.53274 -125.39164     7.7763     7.7774   3.502678   3.502502    33.8780    33.8751     1.2560     2.2319    6.68185    -0.0460     0.0324    99.1924     173424         13  0.000e+00
          0    141.088    139.901   44.53274 -125.39164     7.7761     7.7773   3.502715   3.502520    33.8786    33.8753     1.2572     2.2360    6.68185    -0.0460     0.0313    99.2196     173425         13  0.000e+00
          0    141.036    139.849   44.53274 -125.39164     7.7760     7.7773   3.502709   3.502484    33.8787    33.8750     1.2572     2.2363    6.68187    -0.0387     0.0324    99.1924     173426         13  0.000e+00
          0    141.088    139.901   44.53274 -125.39164     7.7760     7.7771   3.502703   3.502495    33.8786    33.8752     1.2572     2.2366    6.68187    -0.0387     0.0324    99.1924     173427         13  0.000e+00
          0    141.140    139.952   44.53274 -125.39164     7.7758     7.7773   3.502721   3.502481    33.8789    33.8749     1.2560     2.2327    6.68189    -0.0460     0.0324    99.1924     173428         13  0.000e+00
          0    141.088    139.901   44.53274 -125.39164     7.7760     7.7771   3.502684   3.502474    33.8784    33.8750     1.2572     2.2367    6.68188    -0.0460     0.0313    99.2196     173429         13  0.000e+00
          0    141.200    140.011   44.53274 -125.39164     7.7760     7.7771   3.502739   3.502534    33.8789    33.8756     1.2572     2.2365    6.68186    -0.0460     0.0324    99.1924     173430         13  0.000e+00
          0    141.200    140.011   44.53274 -125.39164     7.7759     7.7773   3.502739   3.502513    33.8790    33.8752     1.2572     2.2367    6.68186    -0.0460     0.0346    99.1380     173431         13  0.000e+00
          0    141.200    140.012   44.53274 -125.39164     7.7758     7.7773   3.502709   3.502499    33.8787    33.8751     1.2572     2.2365    6.68189    -0.0460     0.0357    99.1108     173432         13  0.000e+00
          0    141.200    140.012   44.53274 -125.39164     7.7758     7.7771   3.502721   3.502502    33.8789    33.8752     1.2572     2.2367    6.68189    -0.0460     0.0357    99.1108     173433         13  0.000e+00
          0    141.304    140.115   44.53274 -125.39164     7.7758     7.7769   3.502709   3.502502    33.8787    33.8754     1.2572     2.2368    6.68189    -0.0460     0.0379    99.0565     173434         13  0.000e+00
          0    141.252    140.063   44.53274 -125.39164     7.7757     7.7773   3.502678   3.502499    33.8785    33.8750     1.2572     2.2370    6.68192    -0.0533     0.0390    99.0293     173435         13  0.000e+00
          0    141.304    140.115   44.53274 -125.39164     7.7758     7.7769   3.502690   3.502520    33.8785    33.8756     1.2572     2.2371    6.68190    -0.0533     0.0379    99.0565     173436         13  0.000e+00
          0    141.304    140.115   44.53274 -125.39164     7.7755     7.7771   3.502678   3.502527    33.8787    33.8755     1.2572     2.2372    6.68194    -0.0533     0.0357    99.1108     173437         13  0.000e+00
          0    141.364    140.174   44.53274 -125.39164     7.7755     7.7768   3.502715   3.502506    33.8791    33.8755     1.2572     2.2373    6.68193    -0.0460     0.0357    99.1108     173438         13  0.000e+00
          0    141.364    140.174   44.53274 -125.39164     7.7755     7.7773   3.502709   3.502499    33.8790    33.8750     1.2572     2.2373    6.68193    -0.0460     0.0346    99.1380     173439         13  0.000e+00
          0    141.416    140.226   44.53274 -125.39164     7.7754     7.7769   3.502678   3.502520    33.8788    33.8755     1.2560     2.2332    6.68196    -0.0460     0.0379    99.0565     173440         13  0.000e+00
          0    141.416    140.226   44.53274 -125.39164     7.7755     7.7770   3.502672   3.502527    33.8786    33.8755     1.2572     2.2370    6.68195    -0.0533     0.0401    99.0021     173441         13  0.000e+00
          0    141.416    140.226   44.53274 -125.39164     7.7754     7.7771   3.502691   3.502506    33.8789    33.8752     1.2572     2.2370    6.68195    -0.0460     0.0401    99.0021     173442         13  0.000e+00
          0    141.416    140.226   44.53274 -125.39164     7.7753     7.7770   3.502721   3.502520    33.8793    33.8755     1.2572     2.2370    6.68194    -0.0533     0.0390    99.0293     173443         13  0.000e+00
          0    141.475    140.285   44.53274 -125.39164     7.7752     7.7771   3.502709   3.502527    33.8792    33.8754     1.2572     2.2370    6.68196    -0.0460     0.0379    99.0565     173444         13  0.000e+00
          0    141.528    140.337   44.53274 -125.39164     7.7752     7.7770   3.502678   3.502527    33.8789    33.8755     1.2572     2.2370    6.68198    -0.0460     0.0368    99.0837     173445         13  0.000e+00
          0    141.475    140.285   44.53274 -125.39164     7.7753     7.7769   3.502691   3.502527    33.8789    33.8756     1.2560     2.2328    6.68196    -0.0533     0.0357    99.1108     173446         13  0.000e+00
          0    141.528    140.337   44.53274 -125.39164     7.7750     7.7767   3.502703   3.502527    33.8793    33.8758     1.2572     2.2365    6.68198    -0.0533     0.0346    99.1380     173447         13  0.000e+00
          0    141.528    140.337   44.53274 -125.39164     7.7750     7.7771   3.502654   3.502545    33.8788    33.8756     1.2572     2.2364    6.68201    -0.0533     0.0346    99.1380     173448         13  0.000e+00
          0    141.528    140.337   44.53274 -125.39164     7.7750     7.7767   3.502684   3.502513    33.8791    33.8757     1.2572     2.2363    6.68200    -0.0533     0.0335    99.1652     173449         13  0.000e+00
          0    141.580    140.388   44.53274 -125.39164     7.7750     7.7769   3.502678   3.502502    33.8790    33.8753     1.2572     2.2362    6.68200    -0.0460     0.0335    99.1652     173450         13  0.000e+00
          0    141.580    140.388   44.53274 -125.39164     7.7748     7.7767   3.502691   3.502520    33.8793    33.8757     1.2572     2.2361    6.68201    -0.0460     0.0324    99.1924     173451         13  0.000e+00
          0    141.639    140.448   44.53274 -125.39164     7.7749     7.7766   3.502678   3.502506    33.8791    33.8756     1.2572     2.2360    6.68201    -0.0533     0.0324    99.1924     173452         13  0.000e+00
          0    141.476    140.285   44.53274 -125.39164     7.7746     7.7768   3.502672   3.502520    33.8794    33.8756     1.2572     2.2362    6.68205    -0.0533     0.0313    99.2196     173453         13  0.000e+00
          0    141.744    140.551   44.53274 -125.39164     7.7750     7.7766   3.502648   3.502485    33.8786    33.8753     1.2572     2.2361    6.68202    -0.0607     0.0313    99.2196     173454         13  0.000e+00
          0    141.639    140.448   44.53274 -125.39164     7.7747     7.7765   3.502684   3.502495    33.8793    33.8756     1.2572     2.2359    6.68203    -0.0533     0.0313    99.2196     173455         13  0.000e+00
          0    141.632    140.440   44.53274 -125.39164     7.7747     7.7768   3.502678   3.502520    33.8793    33.8756     1.2572     2.2357    6.68204    -0.0533     0.0324    99.1924     173456         13  0.000e+00
          0    141.640    140.448   44.53274 -125.39164     7.7746     7.7765   3.502672   3.502527    33.8794    33.8759     1.2572     2.2355    6.68205    -0.0533     0.0346    99.1380     173457         13  0.000e+00
          0    141.692    140.499   44.53274 -125.39164     7.7746     7.7764   3.502617   3.502506    33.8787    33.8757     1.2572     2.2358    6.68208    -0.0533     0.0390    99.0293     173458         13  0.000e+00
          0    141.692    140.499   44.53274 -125.39164     7.7747     7.7765   3.502654   3.502481    33.8790    33.8754     1.2572     2.2355    6.68205    -0.0533     0.0412    98.9750     173459         13  0.000e+00
          0    141.640    140.448   44.53274 -125.39164     7.7746     7.7763   3.502648   3.502492    33.8791    33.8757     1.2572     2.2353    6.68206    -0.0533     0.0401    99.0021     173460         13  0.000e+00
          0    141.744    140.551   44.53274 -125.39164     7.7745     7.7767   3.502642   3.502499    33.8790    33.8754     1.2572     2.2350    6.68207    -0.0533     0.0379    99.0565     173461         13  0.000e+00
          0    141.692    140.499   44.53274 -125.39164     7.7744     7.7764   3.502642   3.502502    33.8792    33.8757     1.2572     2.2352    6.68208    -0.0533     0.0368    99.0837     173462         13  0.000e+00
          0    141.692    140.499   44.53274 -125.39164     7.7744     7.7765   3.502642   3.502502    33.8792    33.8756     1.2560     2.2312    6.68208    -0.0533     0.0379    99.0565     173463         13  0.000e+00
          0    141.804    140.610   44.53274 -125.39164     7.7744     7.7763   3.502660   3.502520    33.8794    33.8760     1.2560     2.2310    6.68208    -0.0607     0.0379    99.0565     173464         13  0.000e+00
          0    141.692    140.499   44.53274 -125.39164     7.7742     7.7762   3.502648   3.502549    33.8794    33.8765     1.2560     2.2303    6.68210    -0.0533     0.0368    99.0837     173465         13  0.000e+00
          0    141.744    140.551   44.53274 -125.39164     7.7742     7.7763   3.502660   3.502513    33.8795    33.8759     1.2560     2.2296    6.68209    -0.0607     0.0346    99.1380     173466         13  0.000e+00
          0    141.692    140.499   44.53274 -125.39164     7.7744     7.7762   3.502648   3.502502    33.8793    33.8760     1.2560     2.2294    6.68209    -0.0607     0.0346    99.1380     173467         13  0.000e+00
          0    141.804    140.610   44.53274 -125.39164     7.7742     7.7763   3.502611   3.502520    33.8789    33.8760     1.2560     2.2292    6.68212    -0.0607     0.0335    99.1652     173468         13  0.000e+00
          0    141.744    140.551   44.53274 -125.39164     7.7744     7.7762   3.502629   3.502527    33.8791    33.8762     1.2560     2.2290    6.68210    -0.0607     0.0335    99.1652     173469         13  0.000e+00
          0    141.744    140.551   44.53274 -125.39164     7.7741     7.7760   3.502611   3.502506    33.8791    33.8762     1.2572     2.2325    6.68213    -0.0607     0.0335    99.1652     173470         13  0.000e+00
          0    141.744    140.551   44.53274 -125.39164     7.7742     7.7760   3.502654   3.502520    33.8794    33.8763     1.2572     2.2323    6.68210    -0.0607     0.0346    99.1380     173471         13  0.000e+00
          0    141.744    140.551   44.53274 -125.39164     7.7740     7.7760   3.502617   3.502506    33.8792    33.8762     1.2572     2.2321    6.68214    -0.0607     0.0357    99.1108     173472         13  0.000e+00
          0    141.804    140.610   44.53274 -125.39164     7.7741     7.7760   3.502581   3.502520    33.8788    33.8762     1.2560     2.2277    6.68215    -0.0607     0.0357    99.1108     173473         13  0.000e+00
          0    141.744    140.551   44.53274 -125.39164     7.7740     7.7758   3.502623   3.502527    33.8793    33.8765     1.2572     2.2316    6.68213    -0.0533     0.0346    99.1380     173474         13  0.000e+00
          0    141.804    140.610   44.53274 -125.39164     7.7741     7.7757   3.502587   3.502506    33.8788    33.8764     1.2572     2.2318    6.68215    -0.0607     0.0346    99.1380     173475         13  0.000e+00
          0    141.744    140.551   44.53274 -125.39164     7.7738     7.7760   3.502593   3.502502    33.8792    33.8761     1.2572     2.2320    6.68218    -0.0533     0.0346    99.1380     173476         13  0.000e+00
          0    141.744    140.551   44.53274 -125.39164     7.7739     7.7759   3.502587   3.502520    33.8791    33.8764     1.2572     2.2318    6.68217    -0.0460     0.0346    99.1380     173477         13  0.000e+00
          0    141.804    140.610   44.53274 -125.39164     7.7739     7.7756   3.502599   3.502527    33.8791    33.8767     1.2572     2.2319    6.68216    -0.0387     0.0346    99.1380     173478         13  0.000e+00
