TN422/CTD Data/TN-422_CTD-009.ros
* Sea-Bird SBE 9 Data File:
* FileName = C:\data\TN422\TN-422_CTD_09hex.hex
* Software Version Seasave V 7.26.7.107
* Temperature SN = 2195
* Conductivity SN = 2903
* Number of Bytes Per Scan = 41
* Number of Voltage Words = 4
* Number of Scans Averaged by the Deck Unit = 1
* NMEA Latitude = 44 22.34 N
* NMEA Longitude = 124 57.06 W
* NMEA UTC (Time) = Sep 15 2023  15:40:56
* NMEA baud rate = 4800
** Cruise: TN-422_CTD_009
** Cast: CTD_03_RS03AXPD
** Location: Endurance Offshore DP
** Date: Sep 15, 2023
** Water Depth: 571
** Operator: JN
** 500 m NNE of DP mooring
# nquan = 20
# nvalues = 2328                                  
# units = specified
# name 0 = modError: Modulo Error Count
# name 1 = prDM: Pressure, Digiquartz [db]
# name 2 = depSM: Depth [salt water, m]
# name 3 = latitude: Latitude [deg]
# name 4 = longitude: Longitude [deg]
# name 5 = t090C: Temperature [ITS-90, deg C]
# name 6 = t190C: Temperature, 2 [ITS-90, deg C]
# name 7 = c0S/m: Conductivity [S/m]
# name 8 = c1S/m: Conductivity, 2 [S/m]
# name 9 = sal00: Salinity, Practical [PSU]
# name 10 = sal11: Salinity, Practical, 2 [PSU]
# name 11 = sbeox0V: Oxygen raw, SBE 43 [V]
# name 12 = sbeox0ML/L: Oxygen, SBE 43 [ml/l]
# name 13 = oxsolML/L: Oxygen Saturation, Garcia & Gordon [ml/l]
# name 14 = flECO-AFL: Fluorescence, WET Labs ECO-AFL/FL [mg/m^3]
# name 15 = CStarAt0: Beam Attenuation, WET Labs C-Star [1/m]
# name 16 = CStarTr0: Beam Transmission, WET Labs C-Star [%]
# name 17 = scan: Scan Count
# name 18 = nbf: Bottles Fired
# name 19 = flag:  0.000e+00
# interval = seconds: 0.0416667
# start_time = Sep 15 2023 15:40:56 [NMEA time, header]
# bad_flag = -9.990e-29
*END*
[from data line 435]
          0    504.524    499.848   44.37226 -124.95110     5.4357     5.4387   3.327217   3.327279    34.0793    34.0769     0.7821     0.8759    7.04384    -0.0240     0.0182    99.5457      38868          5  0.000e+00
          0    504.464    499.789   44.37226 -124.95110     5.4356     5.4391   3.327175   3.327248    34.0789    34.0762     0.7821     0.8758    7.04386    -0.0240     0.0171    99.5729      38869          5  0.000e+00
          0    504.532    499.856   44.37226 -124.95110     5.4352     5.4389   3.327127   3.327286    34.0788    34.0768     0.7821     0.8757    7.04395    -0.0240     0.0171    99.5729      38870          5  0.000e+00
          0    504.577    499.900   44.37226 -124.95110     5.4349     5.4389   3.327133   3.327283    34.0790    34.0768     0.7821     0.8757    7.04397    -0.0314     0.0171    99.5729      38871          5  0.000e+00
          0    504.532    499.856   44.37226 -124.95110     5.4343     5.4391   3.327115   3.327279    34.0795    34.0765     0.7821     0.8756    7.04405    -0.0314     0.0171    99.5729      38872          5  0.000e+00
          0    504.577    499.900   44.37226 -124.95110     5.4345     5.4389   3.327181   3.327297    34.0800    34.0769     0.7833     0.8802    7.04400    -0.0314     0.0171    99.5729      38873          5  0.000e+00
          0    504.577    499.900   44.37226 -124.95110     5.4345     5.4394   3.327151   3.327303    34.0797    34.0765     0.7833     0.8806    7.04402    -0.0240     0.0160    99.6001      38874          5  0.000e+00
          0    504.584    499.908   44.37226 -124.95110     5.4346     5.4389   3.327097   3.327262    34.0790    34.0765     0.7833     0.8811    7.04403    -0.0240     0.0171    99.5729      38875          5  0.000e+00
          0    504.629    499.952   44.37226 -124.95110     5.4341     5.4381   3.327055   3.327231    34.0790    34.0770     0.7833     0.8815    7.04412    -0.0240     0.0171    99.5729      38876          5  0.000e+00
          0    504.577    499.900   44.37226 -124.95110     5.4336     5.4373   3.327031   3.327227    34.0793    34.0777     0.7833     0.8819    7.04419    -0.0240     0.0171    99.5729      38877          5  0.000e+00
          0    504.644    499.967   44.37226 -124.95110     5.4329     5.4371   3.327043   3.327199    34.0801    34.0775     0.7833     0.8822    7.04427    -0.0240     0.0171    99.5729      38878          5  0.000e+00
          0    504.629    499.952   44.37226 -124.95110     5.4326     5.4370   3.327007   3.327196    34.0799    34.0777     0.7821     0.8779    7.04431    -0.0240     0.0171    99.5729      38879          5  0.000e+00
          0    504.629    499.952   44.37226 -124.95110     5.4325     5.4366   3.326965   3.327158    34.0796    34.0776     0.7821     0.8776    7.04436    -0.0314     0.0171    99.5729      38880          5  0.000e+00
          0    504.697    500.019   44.37226 -124.95110     5.4319     5.4366   3.326941   3.327147    34.0798    34.0774     0.7821     0.8774    7.04444    -0.0314     0.0160    99.6001      38881          5  0.000e+00
          0    504.629    499.952   44.37226 -124.95110     5.4315     5.4372   3.326953   3.327168    34.0805    34.0771     0.7821     0.8772    7.04448    -0.0314     0.0171    99.5729      38882          5  0.000e+00
          0    504.689    500.012   44.37226 -124.95110     5.4315     5.4375   3.326959   3.327175    34.0805    34.0769     0.7821     0.8769    7.04448    -0.0314     0.0171    99.5729      38883          5  0.000e+00
          0    504.697    500.019   44.37226 -124.95110     5.4316     5.4366   3.326935   3.327192    34.0801    34.0779     0.7821     0.8767    7.04447    -0.0240     0.0171    99.5729      38884          5  0.000e+00
          0    504.690    500.012   44.37226 -124.95110     5.4313     5.4357   3.326947   3.327102    34.0805    34.0779     0.7821     0.8765    7.04450    -0.0240     0.0171    99.5729      38885          5  0.000e+00
          0    504.697    500.019   44.37226 -124.95110     5.4312     5.4350   3.326941   3.327071    34.0806    34.0782     0.7833     0.8810    7.04452    -0.0240     0.0171    99.5729      38886          5  0.000e+00
          0    504.690    500.012   44.37226 -124.95110     5.4309     5.4347   3.326905   3.327029    34.0805    34.0780     0.7833     0.8813    7.04458    -0.0240     0.0171    99.5729      38887          5  0.000e+00
          0    504.690    500.012   44.37226 -124.95110     5.4313     5.4345   3.326881   3.326991    34.0798    34.0779     0.7821     0.8762    7.04454    -0.0240     0.0171    99.5729      38888          5  0.000e+00
          0    504.697    500.019   44.37226 -124.95110     5.4312     5.4342   3.326893   3.326991    34.0800    34.0781     0.7821     0.8754    7.04455    -0.0314     0.0171    99.5729      38889          5  0.000e+00
          0    504.690    500.012   44.37226 -124.95110     5.4315     5.4337   3.326923   3.326974    34.0801    34.0785     0.7821     0.8750    7.04450    -0.0314     0.0171    99.5729      38890          5  0.000e+00
          0    504.742    500.064   44.37226 -124.95110     5.4312     5.4334   3.326929   3.326988    34.0804    34.0788     0.7821     0.8753    7.04453    -0.0314     0.0171    99.5729      38891          5  0.000e+00
          0    504.697    500.020   44.37226 -124.95110     5.4314     5.4334   3.326953   3.326995    34.0805    34.0789     0.7833     0.8797    7.04449    -0.0240     0.0171    99.5729      38892          5  0.000e+00
          0    504.690    500.012   44.37226 -124.95110     5.4320     5.4337   3.327049   3.327033    34.0810    34.0791     0.7833     0.8805    7.04437    -0.0240     0.0171    99.5729      38893          5  0.000e+00
          0    504.742    500.064   44.37226 -124.95110     5.4331     5.4347   3.327127   3.327064    34.0808    34.0784     0.7821     0.8760    7.04420    -0.0240     0.0171    99.5729      38894          5  0.000e+00
          0    504.697    500.020   44.37226 -124.95110     5.4344     5.4349   3.327139   3.327092    34.0796    34.0786     0.7821     0.8756    7.04403    -0.0240     0.0160    99.6001      38895          5  0.000e+00
          0    504.742    500.064   44.37226 -124.95110     5.4350     5.4350   3.327073   3.327133    34.0782    34.0789     0.7821     0.8753    7.04400    -0.0240     0.0171    99.5729      38896          5  0.000e+00
          0    504.742    500.064   44.37226 -124.95110     5.4350     5.4355   3.327229   3.327127    34.0800    34.0783     0.7821     0.8750    7.04392    -0.0314     0.0160    99.6001      38897          5  0.000e+00
          0    504.697    500.020   44.37226 -124.95110     5.4349     5.4360   3.327199   3.327133    34.0797    34.0779     0.7833     0.8793    7.04394    -0.0314     0.0160    99.6001      38898          5  0.000e+00
          0    504.690    500.012   44.37226 -124.95110     5.4347     5.4368   3.327169   3.327165    34.0797    34.0774     0.7833     0.8796    7.04399    -0.0240     0.0160    99.6001      38899          5  0.000e+00
          0    504.697    500.020   44.37224 -124.95110     5.4348     5.4375   3.327193   3.327192    34.0798    34.0771     0.7821     0.8756    7.04396    -0.0240     0.0160    99.6001      38900          5  0.000e+00
          0    504.690    500.012   44.37224 -124.95110     5.4350     5.4378   3.327157   3.327199    34.0792    34.0769     0.7833     0.8800    7.04396    -0.0240     0.0171    99.5729      38901          5  0.000e+00
          0    504.690    500.012   44.37224 -124.95110     5.4351     5.4381   3.327139   3.327220    34.0789    34.0768     0.7821     0.8760    7.04395    -0.0240     0.0171    99.5729      38902          5  0.000e+00
          0    504.698    500.020   44.37224 -124.95110     5.4350     5.4386   3.327139   3.327283    34.0790    34.0770     0.7821     0.8757    7.04397    -0.0314     0.0171    99.5729      38903          5  0.000e+00
          0    504.690    500.012   44.37224 -124.95110     5.4348     5.4389   3.327163   3.327283    34.0794    34.0766     0.7821     0.8759    7.04397    -0.0387     0.0182    99.5457      38904          5  0.000e+00
          0    504.690    500.012   44.37224 -124.95110     5.4348     5.4387   3.327127   3.327279    34.0791    34.0768     0.7821     0.8756    7.04400    -0.0387     0.0182    99.5457      38905          5  0.000e+00
          0    504.698    500.020   44.37224 -124.95110     5.4347     5.4392   3.327085   3.327297    34.0787    34.0765     0.7833     0.8800    7.04403    -0.0460     0.0182    99.5457      38906          5  0.000e+00
          0    504.690    500.013   44.37224 -124.95110     5.4347     5.4391   3.327103   3.327304    34.0789    34.0767     0.7833     0.8802    7.04402    -0.0387     0.0182    99.5457      38907          5  0.000e+00
          0    504.630    499.953   44.37224 -124.95110     5.4346     5.4392   3.327085   3.327293    34.0788    34.0765     0.7821     0.8757    7.04404    -0.0387     0.0182    99.5457      38908          5  0.000e+00
          0    504.645    499.968   44.37224 -124.95110     5.4341     5.4392   3.327061   3.327321    34.0791    34.0768     0.7821     0.8753    7.04412    -0.0460     0.0171    99.5729      38909          5  0.000e+00
          0    504.690    500.013   44.37224 -124.95110     5.4341     5.4395   3.327073   3.327349    34.0792    34.0768     0.7821     0.8755    7.04411    -0.0460     0.0171    99.5729      38910          5  0.000e+00
          0    504.645    499.968   44.37224 -124.95110     5.4342     5.4399   3.327103   3.327335    34.0794    34.0763     0.7833     0.8799    7.04407    -0.0460     0.0171    99.5729      38911          5  0.000e+00
          0    504.630    499.953   44.37224 -124.95110     5.4344     5.4397   3.327109   3.327369    34.0792    34.0769     0.7833     0.8801    7.04405    -0.0387     0.0171    99.5729      38912          5  0.000e+00
          0    504.578    499.901   44.37224 -124.95110     5.4343     5.4397   3.327085   3.327362    34.0791    34.0769     0.7833     0.8802    7.04407    -0.0387     0.0182    99.5457      38913          5  0.000e+00
          0    504.645    499.968   44.37224 -124.95110     5.4339     5.4399   3.327061   3.327356    34.0792    34.0765     0.7821     0.8757    7.04414    -0.0460     0.0171    99.5729      38914          5  0.000e+00
          0    504.578    499.901   44.37224 -124.95110     5.4338     5.4402   3.327073   3.327356    34.0795    34.0763     0.7821     0.8752    7.04413    -0.0460     0.0171    99.5729      38915          5  0.000e+00
          0    504.578    499.901   44.37224 -124.95110     5.4343     5.4402   3.327079   3.327387    34.0790    34.0766     0.7821     0.8748    7.04407    -0.0460     0.0171    99.5729      38916          5  0.000e+00
          0    504.585    499.909   44.37224 -124.95110     5.4347     5.4403   3.327121   3.327387    34.0792    34.0765     0.7833     0.8791    7.04401    -0.0387     0.0171    99.5729      38917          5  0.000e+00
          0    454.228    450.073   44.37224 -124.95110     5.7093     5.7111   3.348690   3.348677    34.0718    34.0698     0.8105     0.9585    6.99895    -0.0314     0.0182    99.5457      45001          6  0.000e+00
          0    454.281    450.125   44.37224 -124.95110     5.7092     5.7112   3.348666   3.348715    34.0716    34.0702     0.8117     0.9624    6.99899    -0.0240     0.0182    99.5457      45002          6  0.000e+00
          0    454.221    450.066   44.37224 -124.95110     5.7090     5.7112   3.348702   3.348674    34.0722    34.0697     0.8117     0.9628    6.99899    -0.0314     0.0182    99.5457      45003          6  0.000e+00
          0    454.281    450.125   44.37224 -124.95110     5.7088     5.7109   3.348672   3.348688    34.0720    34.0701     0.8117     0.9627    6.99902    -0.0240     0.0182    99.5457      45004          6  0.000e+00
          0    454.228    450.073   44.37224 -124.95110     5.7090     5.7109   3.348659   3.348701    34.0718    34.0703     0.8117     0.9630    6.99901    -0.0314     0.0182    99.5457      45005          6  0.000e+00
          0    454.228    450.073   44.37224 -124.95110     5.7089     5.7110   3.348678   3.348701    34.0720    34.0702     0.8105     0.9587    6.99901    -0.0314     0.0182    99.5457      45006          6  0.000e+00
          0    454.273    450.118   44.37224 -124.95110     5.7090     5.7110   3.348690   3.348701    34.0721    34.0702     0.8117     0.9626    6.99899    -0.0240     0.0182    99.5457      45007          6  0.000e+00
          0    454.229    450.073   44.37224 -124.95110     5.7087     5.7108   3.348665   3.348722    34.0722    34.0707     0.8105     0.9584    6.99904    -0.0314     0.0182    99.5457      45008          6  0.000e+00
          0    454.229    450.073   44.37224 -124.95110     5.7088     5.7109   3.348678   3.348708    34.0721    34.0704     0.8117     0.9623    6.99902    -0.0240     0.0193    99.5185      45009          6  0.000e+00
          0    454.229    450.073   44.37224 -124.95110     5.7093     5.7110   3.348690   3.348660    34.0718    34.0698     0.8117     0.9626    6.99895    -0.0240     0.0182    99.5457      45010          6  0.000e+00
          0    454.274    450.118   44.37224 -124.95110     5.7093     5.7110   3.348666   3.348688    34.0715    34.0700     0.8117     0.9624    6.99897    -0.0314     0.0182    99.5457      45011          6  0.000e+00
          0    454.229    450.073   44.37224 -124.95110     5.7090     5.7110   3.348702   3.348688    34.0722    34.0700     0.8117     0.9628    6.99899    -0.0240     0.0182    99.5457      45012          6  0.000e+00
          0    454.169    450.014   44.37224 -124.95110     5.7093     5.7112   3.348720   3.348677    34.0721    34.0698     0.8105     0.9585    6.99894    -0.0314     0.0182    99.5457      45013          6  0.000e+00
          0    454.229    450.073   44.37224 -124.95110     5.7093     5.7111   3.348720   3.348695    34.0722    34.0700     0.8105     0.9577    6.99895    -0.0314     0.0182    99.5457      45014          6  0.000e+00
          0    454.274    450.118   44.37224 -124.95110     5.7098     5.7115   3.348738   3.348740    34.0718    34.0701     0.8105     0.9575    6.99887    -0.0240     0.0182    99.5457      45015          6  0.000e+00
          0    454.169    450.014   44.37224 -124.95110     5.7099     5.7117   3.348726   3.348754    34.0716    34.0701     0.8117     0.9614    6.99886    -0.0240     0.0182    99.5457      45016          6  0.000e+00
          0    454.229    450.074   44.37224 -124.95110     5.7097     5.7112   3.348696   3.348733    34.0715    34.0704     0.8105     0.9572    6.99891    -0.0314     0.0193    99.5185      45017          6  0.000e+00
          0    454.229    450.074   44.37224 -124.95110     5.7095     5.7114   3.348708   3.348747    34.0718    34.0703     0.8117     0.9611    6.99893    -0.0240     0.0193    99.5185      45018          6  0.000e+00
          0    454.161    450.007   44.37224 -124.95110     5.7095     5.7120   3.348726   3.348775    34.0720    34.0701     0.8105     0.9568    6.99891    -0.0314     0.0193    99.5185      45019          6  0.000e+00
          0    454.229    450.074   44.37224 -124.95110     5.7092     5.7126   3.348744   3.348782    34.0725    34.0695     0.8117     0.9613    6.99895    -0.0240     0.0193    99.5185      45020          6  0.000e+00
          0    454.117    449.962   44.37224 -124.95110     5.7093     5.7126   3.348750   3.348764    34.0725    34.0693     0.8117     0.9611    6.99892    -0.0314     0.0193    99.5185      45021          6  0.000e+00
