TN422/CTD Data/TN-422_CTD-003.ros
* Sea-Bird SBE 9 Data File:
* FileName = C:\data\TN422\TN-422_CTD_03.hex
* Software Version Seasave V 7.26.7.107
* Temperature SN = 2195
* Conductivity SN = 2903
* Number of Bytes Per Scan = 41
* Number of Voltage Words = 4
* Number of Scans Averaged by the Deck Unit = 1
* NMEA Latitude = 45 50.06 N
* NMEA Longitude = 129 44.81 W
* NMEA UTC (Time) = Aug 25 2023  11:29:03
* NMEA baud rate = 4800
** Cruise: TN-422_CTD_03
** Cast: CTD_03_RS03AXPS
** Location:
** Date: Aug 25, 2023
** Water Depth:
** Operator: MW
** Axial Base shallow profiler pre recovery
# nquan = 20
# nvalues = 2328                                  
# units = specified
# name 0 = modError: Modulo Error Count
# name 1 = prDM: Pressure, Digiquartz [db]
# name 2 = depSM: Depth [salt water, m]
# name 3 = latitude: Latitude [deg]
# name 4 = longitude: Longitude [deg]
# name 5 = t090C: Temperature [ITS-90, deg C]
# name 6 = t190C: Temperature, 2 [ITS-90, deg C]
# name 7 = c0S/m: Conductivity [S/m]
# name 8 = c1S/m: Conductivity, 2 [S/m]
# name 9 = sal00: Salinity, Practical [PSU]
# name 10 = sal11: Salinity, Practical, 2 [PSU]
# name 11 = sbeox0V: Oxygen raw, SBE 43 [V]
# name 12 = sbeox0ML/L: Oxygen, SBE 43 [ml/l]
# name 13 = oxsolML/L: Oxygen Saturation, Garcia & Gordon [ml/l]
# name 14 = flECO-AFL: Fluorescence, WET Labs ECO-AFL/FL [mg/m^3]
# name 15 = CStarAt0: Beam Attenuation, WET Labs C-Star [1/m]
# name 16 = CStarTr0: Beam Transmission, WET Labs C-Star [%]
# name 17 = scan: Scan Count
# name 18 = nbf: Bottles Fired
# name 19 = flag:  0.000e+00
# interval = seconds: 0.0416667
# start_time = Aug 25 2023 11:29:03 [NMEA time, header]
# bad_flag = -9.990e-29
*END*
[from data line 869]
          0    141.630    140.422   45.83432 -129.74692     7.4394     7.4412   3.439789   3.439870    33.5255    33.5246     1.6914     3.5921    6.74870     0.0126     0.0182    99.5457      43801          9  0.000e+00
          0    141.623    140.414   45.83432 -129.74692     7.4394     7.4412   3.439820   3.439891    33.5259    33.5249     1.6914     3.5919    6.74869     0.0126     0.0182    99.5457      43802          9  0.000e+00
          0    141.630    140.422   45.83432 -129.74692     7.4392     7.4415   3.439844   3.439877    33.5263    33.5244     1.6926     3.5960    6.74869     0.0126     0.0182    99.5457      43803          9  0.000e+00
          0    141.630    140.422   45.83432 -129.74692     7.4393     7.4412   3.439880   3.439937    33.5266    33.5253     1.6914     3.5920    6.74867     0.0126     0.0171    99.5729      43804          9  0.000e+00
          0    141.411    140.204   45.83430 -129.74692     7.4394     7.4415   3.439674   3.439711    33.5244    33.5227     1.6902     3.5875    6.74875     0.0053     0.0237    99.4098      44105         10  0.000e+00
          0    141.411    140.204   45.83430 -129.74692     7.4394     7.4417   3.439668   3.439729    33.5243    33.5228     1.6902     3.5876    6.74876     0.0053     0.0248    99.3826      44106         10  0.000e+00
          0    141.411    140.204   45.83430 -129.74692     7.4394     7.4415   3.439686   3.439704    33.5245    33.5227     1.6890     3.5831    6.74874     0.0053     0.0259    99.3555      44107         10  0.000e+00
          0    141.352    140.145   45.83430 -129.74692     7.4397     7.4414   3.439704   3.439704    33.5244    33.5228     1.6902     3.5865    6.74870     0.0053     0.0248    99.3826      44108         10  0.000e+00
          0    141.471    140.264   45.83430 -129.74692     7.4394     7.4415   3.439722   3.439750    33.5249    33.5231     1.6902     3.5867    6.74873    -0.0021     0.0237    99.4098      44109         10  0.000e+00
          0    141.411    140.204   45.83430 -129.74692     7.4396     7.4416   3.439710   3.439733    33.5246    33.5229     1.6902     3.5868    6.74871     0.0053     0.0215    99.4642      44110         10  0.000e+00
          0    141.411    140.205   45.83430 -129.74692     7.4395     7.4417   3.439722   3.439733    33.5248    33.5228     1.6902     3.5865    6.74871     0.0053     0.0204    99.4913      44111         10  0.000e+00
          0    141.411    140.205   45.83430 -129.74692     7.4397     7.4415   3.439710   3.439726    33.5244    33.5229     1.6902     3.5867    6.74869     0.0053     0.0193    99.5185      44112         10  0.000e+00
          0    141.411    140.205   45.83430 -129.74692     7.4392     7.4417   3.439692   3.439711    33.5247    33.5226     1.6902     3.5869    6.74876     0.0053     0.0182    99.5457      44113         10  0.000e+00
          0    141.411    140.205   45.83430 -129.74692     7.4394     7.4415   3.439704   3.439708    33.5247    33.5227     1.6902     3.5867    6.74874     0.0053     0.0171    99.5729      44114         10  0.000e+00
          0    141.411    140.205   45.83430 -129.74692     7.4394     7.4415   3.439692   3.439697    33.5245    33.5226     1.6902     3.5865    6.74874     0.0053     0.0171    99.5729      44115         10  0.000e+00
          0    141.359    140.153   45.83430 -129.74692     7.4395     7.4417   3.439704   3.439704    33.5246    33.5225     1.6902     3.5866    6.74872    -0.0021     0.0171    99.5729      44116         10  0.000e+00
          0    141.516    140.308   45.83430 -129.74692     7.4395     7.4416   3.439747   3.439708    33.5250    33.5226     1.6902     3.5869    6.74870     0.0053     0.0171    99.5729      44117         10  0.000e+00
          0    141.411    140.205   45.83430 -129.74692     7.4394     7.4415   3.439741   3.439718    33.5251    33.5228     1.6902     3.5867    6.74872     0.0053     0.0171    99.5729      44118         10  0.000e+00
          0    141.411    140.205   45.83430 -129.74692     7.4395     7.4417   3.439777   3.439711    33.5254    33.5226     1.6902     3.5865    6.74869    -0.0021     0.0171    99.5729      44119         10  0.000e+00
          0    141.411    140.205   45.83430 -129.74692     7.4394     7.4417   3.439795   3.439666    33.5257    33.5221     1.6902     3.5867    6.74869    -0.0021     0.0171    99.5729      44120         10  0.000e+00
          0    141.464    140.256   45.83430 -129.74692     7.4394     7.4417   3.439765   3.439683    33.5253    33.5222     1.6914     3.5908    6.74870     0.0053     0.0171    99.5729      44121         10  0.000e+00
          0    141.411    140.205   45.83430 -129.74692     7.4394     7.4417   3.439765   3.439726    33.5254    33.5227     1.6914     3.5910    6.74871    -0.0021     0.0160    99.6001      44122         10  0.000e+00
          0    141.411    140.205   45.83430 -129.74692     7.4395     7.4415   3.439735   3.439715    33.5249    33.5228     1.6902     3.5875    6.74871     0.0053     0.0160    99.6001      44123         10  0.000e+00
          0    141.411    140.205   45.83430 -129.74692     7.4394     7.4415   3.439759   3.439676    33.5253    33.5223     1.6902     3.5877    6.74871     0.0053     0.0160    99.6001      44124         10  0.000e+00
          0    141.411    140.205   45.83430 -129.74692     7.4394     7.4415   3.439735   3.439718    33.5250    33.5229     1.6902     3.5876    6.74872    -0.0021     0.0171    99.5729      44125         10  0.000e+00
          0    141.464    140.256   45.83430 -129.74692     7.4394     7.4417   3.439735   3.439715    33.5250    33.5226     1.6902     3.5874    6.74872     0.0053     0.0182    99.5457      44126         10  0.000e+00
          0    141.411    140.205   45.83430 -129.74692     7.4395     7.4415   3.439753   3.439697    33.5251    33.5226     1.6902     3.5872    6.74870     0.0053     0.0182    99.5457      44127         10  0.000e+00
          0    141.411    140.205   45.83430 -129.74692     7.4395     7.4415   3.439741   3.439726    33.5250    33.5229     1.6902     3.5870    6.74870     0.0053     0.0182    99.5457      44128         10  0.000e+00
          0    141.471    140.264   45.83430 -129.74692     7.4394     7.4415   3.439729   3.439715    33.5249    33.5227     1.6902     3.5873    6.74872    -0.0021     0.0171    99.5729      44129         10  0.000e+00
          0    141.411    140.205   45.83430 -129.74692     7.4394     7.4414   3.439759   3.439757    33.5253    33.5233     1.6902     3.5876    6.74871    -0.0021     0.0171    99.5729      44130         10  0.000e+00
          0    141.411    140.205   45.83430 -129.74692     7.4395     7.4414   3.439710   3.439722    33.5246    33.5230     1.6902     3.5874    6.74872     0.0053     0.0171    99.5729      44131         10  0.000e+00
          0    141.412    140.205   45.83430 -129.74692     7.4396     7.4415   3.439729   3.439718    33.5248    33.5229     1.6902     3.5873    6.74870     0.0053     0.0160    99.6001      44132         10  0.000e+00
          0    141.471    140.264   45.83432 -129.74692     7.4395     7.4415   3.439704   3.439711    33.5245    33.5227     1.6902     3.5876    6.74872     0.0053     0.0171    99.5729      44133         10  0.000e+00
          0    141.412    140.205   45.83432 -129.74692     7.4395     7.4414   3.439704   3.439729    33.5246    33.5230     1.6902     3.5879    6.74872     0.0053     0.0182    99.5457      44134         10  0.000e+00
          0    141.412    140.205   45.83432 -129.74692     7.4396     7.4415   3.439674   3.439726    33.5242    33.5229     1.6902     3.5878    6.74873     0.0053     0.0182    99.5457      44135         10  0.000e+00
          0    141.471    140.264   45.83432 -129.74692     7.4397     7.4414   3.439668   3.439733    33.5240    33.5231     1.6902     3.5882    6.74872    -0.0021     0.0182    99.5457      44136         10  0.000e+00
          0    141.412    140.205   45.83432 -129.74692     7.4397     7.4415   3.439710   3.439715    33.5245    33.5228     1.6902     3.5885    6.74870     0.0053     0.0182    99.5457      44137         10  0.000e+00
          0    141.412    140.205   45.83432 -129.74692     7.4397     7.4414   3.439662   3.439740    33.5239    33.5232     1.6902     3.5884    6.74872     0.0053     0.0171    99.5729      44138         10  0.000e+00
          0    141.464    140.257   45.83432 -129.74692     7.4397     7.4415   3.439656   3.439740    33.5239    33.5231     1.6902     3.5888    6.74873    -0.0021     0.0171    99.5729      44139         10  0.000e+00
          0    141.412    140.205   45.83432 -129.74692     7.4397     7.4414   3.439644   3.439757    33.5237    33.5233     1.6890     3.5846    6.74873    -0.0021     0.0171    99.5729      44140         10  0.000e+00
          0    141.359    140.153   45.83432 -129.74692     7.4397     7.4414   3.439656   3.439754    33.5239    33.5233     1.6902     3.5883    6.74873     0.0053     0.0182    99.5457      44141         10  0.000e+00
          0    141.516    140.308   45.83432 -129.74692     7.4397     7.4417   3.439668   3.439719    33.5240    33.5226     1.6902     3.5883    6.74872     0.0053     0.0182    99.5457      44142         10  0.000e+00
          0    141.412    140.205   45.83432 -129.74692     7.4399     7.4412   3.439686   3.439750    33.5240    33.5234     1.6890     3.5840    6.74869     0.0053     0.0182    99.5457      44143         10  0.000e+00
          0    141.464    140.257   45.83432 -129.74692     7.4397     7.4417   3.439674   3.439711    33.5241    33.5226     1.6890     3.5836    6.74872    -0.0021     0.0215    99.4642      44144         10  0.000e+00
          0    141.412    140.205   45.83432 -129.74692     7.4399     7.4414   3.439686   3.439704    33.5241    33.5228     1.6902     3.5873    6.74869    -0.0021     0.0226    99.4370      44145         10  0.000e+00
          0    141.464    140.257   45.83432 -129.74692     7.4399     7.4415   3.439704   3.439750    33.5242    33.5232     1.6914     3.5915    6.74868    -0.0021     0.0226    99.4370      44146         10  0.000e+00
          0    141.412    140.205   45.83432 -129.74692     7.4399     7.4414   3.439692   3.439754    33.5241    33.5233     1.6902     3.5882    6.74869     0.0053     0.0237    99.4098      44147         10  0.000e+00
          0    141.412    140.205   45.83432 -129.74692     7.4399     7.4417   3.439704   3.439740    33.5243    33.5229     1.6902     3.5882    6.74869     0.0053     0.0226    99.4370      44148         10  0.000e+00
          0    141.471    140.264   45.83432 -129.74692     7.4397     7.4415   3.439722   3.439757    33.5245    33.5232     1.6902     3.5882    6.74869    -0.0021     0.0215    99.4642      44149         10  0.000e+00
          0    141.412    140.205   45.83432 -129.74692     7.4397     7.4416   3.439686   3.439733    33.5242    33.5229     1.6902     3.5887    6.74871     0.0053     0.0204    99.4913      44150         10  0.000e+00
          0    141.464    140.257   45.83432 -129.74692     7.4399     7.4415   3.439686   3.439771    33.5240    33.5233     1.6902     3.5887    6.74870     0.0053     0.0193    99.5185      44151         10  0.000e+00
          0    141.471    140.264   45.83432 -129.74692     7.4399     7.4414   3.439704   3.439768    33.5242    33.5234     1.6902     3.5887    6.74868    -0.0021     0.0182    99.5457      44152         10  0.000e+00
          0    141.464    140.257   45.83432 -129.74692     7.4397     7.4415   3.439692   3.439771    33.5243    33.5234     1.6902     3.5887    6.74871     0.0053     0.0182    99.5457      44153         10  0.000e+00
          0    141.412    140.205   45.83432 -129.74692     7.4396     7.4414   3.439674   3.439785    33.5242    33.5237     1.6902     3.5887    6.74873    -0.0021     0.0171    99.5729      44154         10  0.000e+00
          0    141.464    140.257   45.83432 -129.74692     7.4395     7.4414   3.439662   3.439757    33.5241    33.5233     1.6902     3.5888    6.74874     0.0053     0.0171    99.5729      44155         10  0.000e+00
          0    141.412    140.205   45.83432 -129.74692     7.4395     7.4414   3.439668   3.439740    33.5242    33.5232     1.6902     3.5883    6.74874     0.0053     0.0182    99.5457      44156         10  0.000e+00
          0    141.464    140.257   45.83432 -129.74692     7.4396     7.4416   3.439686   3.439736    33.5243    33.5229     1.6902     3.5883    6.74872    -0.0021     0.0171    99.5729      44157         10  0.000e+00
          0    141.471    140.264   45.83432 -129.74692     7.4395     7.4414   3.439656   3.439747    33.5240    33.5232     1.6902     3.5884    6.74875     0.0053     0.0171    99.5729      44158         10  0.000e+00
          0    141.412    140.205   45.83432 -129.74692     7.4395     7.4412   3.439656   3.439740    33.5240    33.5234     1.6902     3.5883    6.74874     0.0053     0.0171    99.5729      44159         10  0.000e+00
          0    141.464    140.257   45.83432 -129.74692     7.4397     7.4415   3.439716   3.439775    33.5245    33.5234     1.6902     3.5883    6.74869     0.0053     0.0171    99.5729      44160         10  0.000e+00
          0    141.471    140.264   45.83432 -129.74692     7.4395     7.4411   3.439729   3.439736    33.5248    33.5234     1.6902     3.5883    6.74871     0.0053     0.0160    99.6001      44161         10  0.000e+00
          0    141.464    140.257   45.83432 -129.74692     7.4395     7.4414   3.439710   3.439754    33.5246    33.5233     1.6890     3.5841    6.74872     0.0053     0.0160    99.6001      44162         10  0.000e+00
          0    141.412    140.205   45.83432 -129.74692     7.4394     7.4412   3.439722   3.439782    33.5249    33.5238     1.6902     3.5879    6.74872     0.0053     0.0171    99.5729      44163         10  0.000e+00
          0    141.464    140.257   45.83432 -129.74692     7.4397     7.4412   3.439735   3.439800    33.5247    33.5239     1.6902     3.5879    6.74869    -0.0021     0.0160    99.6001      44164         10  0.000e+00
          0    141.471    140.264   45.83432 -129.74692     7.4397     7.4414   3.439704   3.439793    33.5244    33.5237     1.6902     3.5880    6.74870     0.0053     0.0171    99.5729      44165         10  0.000e+00
          0    141.464    140.257   45.83432 -129.74692     7.4396     7.4414   3.439741   3.439768    33.5249    33.5234     1.6902     3.5880    6.74870     0.0053     0.0182    99.5457      44166         10  0.000e+00
          0    141.412    140.205   45.83432 -129.74692     7.4399     7.4412   3.439692   3.439754    33.5241    33.5235     1.6902     3.5880    6.74869     0.0053     0.0182    99.5457      44167         10  0.000e+00
          0    141.524    140.316   45.83432 -129.74692     7.4396     7.4415   3.439686   3.439761    33.5243    33.5233     1.6902     3.5880    6.74873    -0.0021     0.0182    99.5457      44168         10  0.000e+00
          0    141.412    140.205   45.83432 -129.74692     7.4397     7.4414   3.439729   3.439764    33.5247    33.5234     1.6902     3.5880    6.74869    -0.0021     0.0182    99.5457      44169         10  0.000e+00
          0    141.472    140.264   45.83432 -129.74692     7.4395     7.4412   3.439704   3.439771    33.5245    33.5237     1.6902     3.5885    6.74872    -0.0021     0.0182    99.5457      44170         10  0.000e+00
          0    141.464    140.257   45.83432 -129.74692     7.4399     7.4415   3.439704   3.439785    33.5242    33.5236     1.6902     3.5890    6.74868    -0.0021     0.0171    99.5729      44171         10  0.000e+00
          0    141.472    140.264   45.83432 -129.74692     7.4399     7.4414   3.439692   3.439757    33.5241    33.5233     1.6902     3.5890    6.74869    -0.0021     0.0171    99.5729      44172         10  0.000e+00
