TN422/CTD Data/TN-422_CTD-004.ros
* Sea-Bird SBE 9 Data File:
* FileName = C:\data\TN422\TN-422_CTD_04.hex
* Software Version Seasave V 7.26.7.107
* Temperature SN = 2195
* Conductivity SN = 2903
* Number of Bytes Per Scan = 41
* Number of Voltage Words = 4
* Number of Scans Averaged by the Deck Unit = 1
* NMEA Latitude = 45 49.48 N
* NMEA Longitude = 129 45.58 W
* NMEA UTC (Time) = Sep 03 2023  04:41:43
* NMEA baud rate = 4800
** Cruise: TN-422_CTD_04
** Cast: CTD_03_RS03AXPD
** Location:
** Date: Sep 2, 2023
** Water Depth:
** Operator: MW
# nquan = 20
# nvalues = 2328                                  
# units = specified
# name 0 = modError: Modulo Error Count
# name 1 = prDM: Pressure, Digiquartz [db]
# name 2 = depSM: Depth [salt water, m]
# name 3 = latitude: Latitude [deg]
# name 4 = longitude: Longitude [deg]
# name 5 = t090C: Temperature [ITS-90, deg C]
# name 6 = t190C: Temperature, 2 [ITS-90, deg C]
# name 7 = c0S/m: Conductivity [S/m]
# name 8 = c1S/m: Conductivity, 2 [S/m]
# name 9 = sal00: Salinity, Practical [PSU]
# name 10 = sal11: Salinity, Practical, 2 [PSU]
# name 11 = sbeox0V: Oxygen raw, SBE 43 [V]
# name 12 = sbeox0ML/L: Oxygen, SBE 43 [ml/l]
# name 13 = oxsolML/L: Oxygen Saturation, Garcia & Gordon [ml/l]
# name 14 = flECO-AFL: Fluorescence, WET Labs ECO-AFL/FL [mg/m^3]
# name 15 = CStarAt0: Beam Attenuation, WET Labs C-Star [1/m]
# name 16 = CStarTr0: Beam Transmission, WET Labs C-Star [%]
# name 17 = scan: Scan Count
# name 18 = nbf: Bottles Fired
# name 19 = flag:  0.000e+00
# interval = seconds: 0.0416667
# start_time = Sep 03 2023 04:41:43 [NMEA time, header]
# bad_flag = -9.990e-29
*END*
[from data line 1738]
          0     99.734     98.893   45.82462 -129.75974     7.5105     7.5149   3.365041   3.366169    32.6702    32.6782     2.3316     5.5519    6.77563     0.0712     0.0237    99.4098     178265         18  0.000e+00
          0     99.712     98.871   45.82462 -129.75974     7.5098     7.5159   3.364890   3.366169    32.6693    32.6773     2.3328     5.5559    6.77578     0.0785     0.0259    99.3555     178266         18  0.000e+00
          0     99.712     98.871   45.82462 -129.75974     7.5092     7.5162   3.364740   3.366246    32.6682    32.6778     2.3328     5.5562    6.77591     0.0712     0.0259    99.3555     178267         18  0.000e+00
          0     99.734     98.893   45.82462 -129.75974     7.5085     7.5167   3.364656   3.366253    32.6680    32.6774     2.3328     5.5565    6.77604     0.0785     0.0270    99.3283     178268         18  0.000e+00
          0     99.712     98.871   45.82462 -129.75974     7.5077     7.5169   3.364619   3.366204    32.6683    32.6767     2.3316     5.5526    6.77614     0.0712     0.0281    99.3011     178269         18  0.000e+00
          0     99.682     98.842   45.82462 -129.75974     7.5070     7.5175   3.364517   3.366204    32.6679    32.6761     2.3328     5.5566    6.77627     0.0785     0.0281    99.3011     178270         18  0.000e+00
          0     99.712     98.871   45.82462 -129.75974     7.5063     7.5172   3.364463   3.366218    32.6680    32.6766     2.3316     5.5528    6.77638     0.0785     0.0270    99.3283     178271         18  0.000e+00
          0     99.682     98.842   45.82462 -129.75974     7.5061     7.5159   3.364505   3.366158    32.6686    32.6772     2.3328     5.5567    6.77637     0.0785     0.0248    99.3826     178272         18  0.000e+00
          0     50.253     49.835   45.82462 -129.75974    10.4229    10.5691   3.592119   3.601541    32.3870    32.3513     2.9739     6.9686    6.36268     3.2287     0.1571    96.1484     182781         19  0.000e+00
          0     50.305     49.887   45.82462 -129.75974    10.4403    10.5883   3.593027   3.602329    32.3806    32.3422     2.9739     6.9656    6.36055     3.2287     0.1548    96.2028     182782         19  0.000e+00
          0     50.260     49.843   45.82462 -129.75974    10.4500    10.5873   3.593156   3.602739    32.3733    32.3472     2.9739     6.9639    6.35951     3.2287     0.1548    96.2028     182783         19  0.000e+00
          0     50.253     49.835   45.82462 -129.75974    10.4521    10.5844   3.591921   3.603251    32.3590    32.3548     2.9739     6.9637    6.35980     3.2360     0.1582    96.1212     182784         19  0.000e+00
          0     50.253     49.835   45.82462 -129.75974    10.4453    10.5774   3.590617   3.602876    32.3520    32.3574     2.9739     6.9648    6.36102     3.2360     0.1616    96.0397     182785         19  0.000e+00
          0     50.260     49.843   45.82462 -129.75974    10.4357    10.5505   3.589783   3.601365    32.3522    32.3661     2.9727     6.9622    6.36233     3.2360     0.1650    95.9582     182786         19  0.000e+00
          0     50.194     49.776   45.82462 -129.75974    10.4295    10.5366   3.589308   3.599185    32.3529    32.3567     2.9727     6.9626    6.36315     3.2360     0.1650    95.9582     182787         19  0.000e+00
          0     50.260     49.843   45.82462 -129.75974    10.4242    10.5254   3.588956   3.597246    32.3542    32.3472     2.9727     6.9631    6.36384     3.2287     0.1639    95.9853     182788         19  0.000e+00
          0     50.194     49.776   45.82462 -129.75974    10.4204    10.5167   3.588962   3.596113    32.3576    32.3437     2.9727     6.9632    6.36422     3.2360     0.1639    95.9853     182789         19  0.000e+00
          0     50.194     49.776   45.82462 -129.75974    10.4196    10.4837   3.589018   3.595211    32.3589    32.3639     2.9727     6.9631    6.36428     3.2580     0.1628    96.0125     182790         19  0.000e+00
          0     50.208     49.791   45.82462 -129.75974    10.4196    10.4679   3.588802   3.594039    32.3567    32.3662     2.9727     6.9631    6.36437     3.2653     0.1639    95.9853     182791         19  0.000e+00
          0     50.142     49.725   45.82462 -129.75974    10.4175    10.4529   3.588808   3.592497    32.3587    32.3642     2.9702     6.9557    6.36458     3.2580     0.1639    95.9853     182792         19  0.000e+00
          0     50.194     49.776   45.82462 -129.75974    10.4185    10.4346   3.589691   3.590941    32.3666    32.3648     2.9714     6.9585    6.36412     3.2580     0.1650    95.9582     182793         19  0.000e+00
          0     50.149     49.732   45.82462 -129.75974    10.4246    10.4189   3.590797   3.589874    32.3722    32.3681     2.9702     6.9533    6.36305     3.2580     0.1662    95.9310     182794         19  0.000e+00
          0     50.142     49.725   45.82462 -129.75974    10.4375    10.4181   3.591414   3.590046    32.3670    32.3706     2.9702     6.9512    6.36149     3.2580     0.1662    95.9310     182795         19  0.000e+00
          0     50.142     49.725   45.82462 -129.75974    10.4481    10.4263   3.591303   3.590930    32.3565    32.3721     2.9702     6.9498    6.36046     3.2580     0.1662    95.9310     182796         19  0.000e+00
          0     50.149     49.732   45.82462 -129.75974    10.4473    10.4397   3.591167   3.591782    32.3558    32.3687     2.9702     6.9499    6.36059     3.2580     0.1696    95.8494     182797         19  0.000e+00
          0     50.142     49.725   45.82462 -129.75974    10.4442    10.4523   3.591618   3.592332    32.3631    32.3630     2.9702     6.9498    6.36072     3.2580     0.1707    95.8223     182798         19  0.000e+00
          0     50.090     49.673   45.82462 -129.75974    10.4474    10.4591   3.592569   3.592684    32.3698    32.3605     2.9702     6.9492    6.36001     3.2580     0.1718    95.7951     182799         19  0.000e+00
          0     50.097     49.681   45.82462 -129.75974    10.4543    10.4594   3.593453   3.592741    32.3725    32.3608     2.9702     6.9483    6.35895     3.2580     0.1718    95.7951     182800         19  0.000e+00
          0     50.142     49.725   45.82462 -129.75974    10.4632    10.4577   3.594040   3.592540    32.3704    32.3603     2.9702     6.9475    6.35781     3.2580     0.1730    95.7679     182801         19  0.000e+00
          0     50.090     49.673   45.82462 -129.75974    10.4693    10.4540   3.593644   3.592145    32.3611    32.3597     2.9690     6.9433    6.35735     3.2580     0.1730    95.7679     182802         19  0.000e+00
          0     50.097     49.681   45.82462 -129.75974    10.4687    10.4489   3.593131   3.591764    32.3564    32.3604     2.9702     6.9474    6.35761     3.2580     0.1741    95.7407     182803         19  0.000e+00
          0     50.030     49.614   45.82462 -129.75974    10.4681    10.4451   3.593335   3.591444    32.3591    32.3605     2.9702     6.9478    6.35760     3.2580     0.1741    95.7407     182804         19  0.000e+00
          0     50.090     49.673   45.82462 -129.75974    10.4723    10.4419   3.594416   3.591034    32.3661    32.3593     2.9690     6.9437    6.35673     3.2580     0.1741    95.7407     182805         19  0.000e+00
          0     50.045     49.629   45.82462 -129.75974    10.4784    10.4404   3.595436   3.590718    32.3710    32.3575     2.9690     6.9425    6.35570     3.2580     0.1730    95.7679     182806         19  0.000e+00
          0     50.090     49.673   45.82462 -129.75974    10.4798    10.4374   3.595733   3.590273    32.3726    32.3556     2.9690     6.9423    6.35543     3.2580     0.1707    95.8223     182807         19  0.000e+00
          0     50.045     49.629   45.82462 -129.75974    10.4789    10.4284   3.595380   3.589561    32.3700    32.3566     2.9690     6.9428    6.35567     3.2580     0.1696    95.8494     182808         19  0.000e+00
          0     50.030     49.614   45.82462 -129.75974    10.4784    10.4199   3.595319   3.588958    32.3698    32.3581     2.9690     6.9432    6.35575     3.2580     0.1684    95.8766     182809         19  0.000e+00
          0     49.978     49.563   45.82462 -129.75974    10.4823    10.4148   3.595751   3.588731    32.3707    32.3604     2.9690     6.9430    6.35518     3.2580     0.1707    95.8223     182810         19  0.000e+00
          0     50.045     49.629   45.82462 -129.75974    10.4875    10.4155   3.596277   3.588868    32.3713    32.3611     2.9690     6.9428    6.35444     3.2580     0.1730    95.7679     182811         19  0.000e+00
          0     50.030     49.614   45.82462 -129.75974    10.4931    10.4224   3.596802   3.589320    32.3716    32.3595     2.9678     6.9384    6.35366     3.2800     0.1730    95.7679     182812         19  0.000e+00
          0     50.030     49.614   45.82462 -129.75974    10.4994    10.4278   3.597482   3.589827    32.3727    32.3598     2.9678     6.9375    6.35274     3.3313     0.1718    95.7951     182813         19  0.000e+00
          0     49.986     49.570   45.82462 -129.75974    10.5052    10.4307   3.597989   3.590247    32.3726    32.3614     2.9666     6.9326    6.35194     3.3459     0.1707    95.8223     182814         19  0.000e+00
          0     49.978     49.563   45.82462 -129.75974    10.5108    10.4324   3.598396   3.590362    32.3718    32.3611     2.9678     6.9352    6.35121     3.3459     0.1730    95.7679     182815         19  0.000e+00
          0     50.030     49.615   45.82462 -129.75974    10.5127    10.4338   3.598947   3.590370    32.3756    32.3598     2.9678     6.9349    6.35079     3.3386     0.1752    95.7135     182816         19  0.000e+00
          0     49.986     49.570   45.82462 -129.75974    10.5205    10.4338   3.599553   3.590495    32.3747    32.3611     2.9678     6.9338    6.34976     3.3386     0.1775    95.6592     182817         19  0.000e+00
          0     49.978     49.563   45.82462 -129.75974    10.5281    10.4334   3.600635   3.590891    32.3788    32.3655     2.9678     6.9327    6.34856     3.3386     0.1798    95.6048     182818         19  0.000e+00
          0     49.978     49.563   45.82462 -129.75974    10.5436    10.4404   3.601927   3.591847    32.3780    32.3688     2.9678     6.9307    6.34646     3.3386     0.1798    95.6048     182819         19  0.000e+00
          0     49.986     49.570   45.82462 -129.75974    10.5537    10.4661   3.602663   3.593061    32.3763    32.3581     2.9690     6.9335    6.34514     3.3386     0.1775    95.6592     182820         19  0.000e+00
          0     49.978     49.563   45.82462 -129.75974    10.5589    10.4701   3.602842   3.593888    32.3735    32.3629     2.9678     6.9295    6.34454     3.3386     0.1741    95.7407     182821         19  0.000e+00
          0     49.978     49.563   45.82462 -129.75974    10.5630    10.4591   3.603120   3.594169    32.3726    32.3754     2.9678     6.9292    6.34401     3.3386     0.1707    95.8223     182822         19  0.000e+00
          0     49.986     49.570   45.82462 -129.75974    10.5654    10.4460   3.603832   3.594219    32.3776    32.3876     2.9678     6.9290    6.34348     3.3386     0.1673    95.9038     182823         19  0.000e+00
          0     49.978     49.563   45.82462 -129.75974    10.5770    10.4509   3.604394   3.594334    32.3730    32.3844     2.9678     6.9279    6.34209     3.3386     0.1662    95.9310     182824         19  0.000e+00
          0     49.926     49.511   45.82462 -129.75974    10.5839    10.4588   3.604357   3.594773    32.3665    32.3818     2.9678     6.9276    6.34140     3.3459     0.1662    95.9310     182825         19  0.000e+00
          0     49.986     49.570   45.82462 -129.75974    10.5836    10.4707   3.603695   3.595060    32.3601    32.3740     2.9678     6.9286    6.34170     3.3386     0.1650    95.9582     182826         19  0.000e+00
          0     49.979     49.563   45.82462 -129.75974    10.5656    10.4624   3.602106   3.595121    32.3602    32.3821     2.9678     6.9322    6.34416     3.3386     0.1662    95.9310     182827         19  0.000e+00
          0     49.979     49.563   45.82462 -129.75974    10.5499    10.4507   3.600331   3.595136    32.3564    32.3926     2.9678     6.9356    6.34647     3.3386     0.1696    95.8494     182828         19  0.000e+00
          0     49.934     49.519   45.82462 -129.75974    10.5426    10.4527   3.599707   3.595211    32.3567    32.3916     2.9690     6.9411    6.34746     3.3459     0.1730    95.7679     182829         19  0.000e+00
          0     49.927     49.512   45.82462 -129.75974    10.5397    10.4685   3.599942   3.595333    32.3616    32.3788     2.9678     6.9384    6.34766     3.3386     0.1775    95.6592     182830         19  0.000e+00
          0     50.031     49.615   45.82462 -129.75974    10.5379    10.4699   3.600053   3.595395    32.3643    32.3781     2.9678     6.9394    6.34780     3.3386     0.1809    95.5777     182831         19  0.000e+00
          0     49.934     49.519   45.82462 -129.75974    10.5338    10.4629   3.599719   3.595290    32.3646    32.3833     2.9678     6.9406    6.34835     3.3386     0.1832    95.5233     182832         19  0.000e+00
          0     49.927     49.512   45.82462 -129.75974    10.5284    10.4606   3.598792   3.595114    32.3601    32.3836     2.9678     6.9425    6.34927     3.3386     0.1843    95.4961     182833         19  0.000e+00
          0     49.986     49.571   45.82462 -129.75974    10.5224    10.4646   3.597648   3.594934    32.3541    32.3782     2.9690     6.9485    6.35034     3.3386     0.1855    95.4689     182834         19  0.000e+00
          0     49.927     49.512   45.82462 -129.75974    10.5155    10.4720   3.596727   3.594650    32.3509    32.3688     2.9690     6.9506    6.35141     3.3240     0.1866    95.4418     182835         19  0.000e+00
          0     49.979     49.563   45.82462 -129.75974    10.5049    10.4676   3.595998   3.594442    32.3530    32.3706     2.9690     6.9532    6.35278     3.2507     0.1878    95.4146     182836         19  0.000e+00
          0     49.934     49.519   45.82462 -129.75974    10.4958    10.4634   3.595485   3.594143    32.3560    32.3714     2.9690     6.9555    6.35391     3.2214     0.1843    95.4961     182837         19  0.000e+00
          0     49.979     49.563   45.82462 -129.75974    10.4878    10.4620   3.595207   3.593856    32.3603    32.3697     2.9690     6.9576    6.35483     3.2214     0.1787    95.6320     182838         19  0.000e+00
          0     49.979     49.563   45.82462 -129.75974    10.4840    10.4607   3.594979   3.593511    32.3614    32.3674     2.9690     6.9593    6.35531     3.2214     0.1764    95.6864     182839         19  0.000e+00
          0     49.934     49.519   45.82462 -129.75974    10.4837    10.4604   3.594762   3.593155    32.3595    32.3641     2.9690     6.9605    6.35543     3.2214     0.1775    95.6592     182840         19  0.000e+00
          0     49.979     49.563   45.82462 -129.75974    10.4829    10.4594   3.594639   3.592961    32.3590    32.3631     2.9690     6.9612    6.35557     3.2287     0.1787    95.6320     182841         19  0.000e+00
          0     49.979     49.563   45.82462 -129.75974    10.4793    10.4713   3.594589   3.592943    32.3617    32.3523     2.9690     6.9625    6.35595     3.2214     0.1787    95.6320     182842         19  0.000e+00
          0     49.934     49.519   45.82462 -129.75974    10.4772    10.4653   3.594559   3.592659    32.3633    32.3548     2.9690     6.9632    6.35617     3.2214     0.1787    95.6320     182843         19  0.000e+00
