TN422/CTD Data/TN-422_CTD-005.ros
* Sea-Bird SBE 9 Data File:
* FileName = C:\data\TN422\TN-422_CTD_05.hex
* Software Version Seasave V 7.26.7.107
* Temperature SN = 2195
* Conductivity SN = 2903
* Number of Bytes Per Scan = 41
* Number of Voltage Words = 4
* Number of Scans Averaged by the Deck Unit = 1
* NMEA Latitude = 44 22.29 N
* NMEA Longitude = 124 57.46 W
* NMEA UTC (Time) = Sep 09 2023  11:33:18
* NMEA baud rate = 4800
** Cruise: TN-422_CTD_05
** Cast: CTD_03_RS03AXPD
** Location: Off Shore
** Date: Sep 9, 2023
** Water Depth: 577
** Operator: jn
# nquan = 20
# nvalues = 2328                                  
# units = specified
# name 0 = modError: Modulo Error Count
# name 1 = prDM: Pressure, Digiquartz [db]
# name 2 = depSM: Depth [salt water, m]
# name 3 = latitude: Latitude [deg]
# name 4 = longitude: Longitude [deg]
# name 5 = t090C: Temperature [ITS-90, deg C]
# name 6 = t190C: Temperature, 2 [ITS-90, deg C]
# name 7 = c0S/m: Conductivity [S/m]
# name 8 = c1S/m: Conductivity, 2 [S/m]
# name 9 = sal00: Salinity, Practical [PSU]
# name 10 = sal11: Salinity, Practical, 2 [PSU]
# name 11 = sbeox0V: Oxygen raw, SBE 43 [V]
# name 12 = sbeox0ML/L: Oxygen, SBE 43 [ml/l]
# name 13 = oxsolML/L: Oxygen Saturation, Garcia & Gordon [ml/l]
# name 14 = flECO-AFL: Fluorescence, WET Labs ECO-AFL/FL [mg/m^3]
# name 15 = CStarAt0: Beam Attenuation, WET Labs C-Star [1/m]
# name 16 = CStarTr0: Beam Transmission, WET Labs C-Star [%]
# name 17 = scan: Scan Count
# name 18 = nbf: Bottles Fired
# name 19 = flag:  0.000e+00
# interval = seconds: 0.0416667
# start_time = Sep 09 2023 11:33:18 [NMEA time, header]
# bad_flag = -9.990e-29
*END*
[from data line 1593]
          0    277.714    275.290   44.37154 -124.95764     7.1922     7.1844   3.463728   3.462887    33.9611    33.9595     1.2025     2.1369    6.76752    -0.0533     0.0259    99.3555      72739         17  0.000e+00
          0    277.490    275.069   44.37154 -124.95764     7.1919     7.1853   3.463734   3.462926    33.9616    33.9592     1.2013     2.1328    6.76754    -0.0607     0.0259    99.3555      72740         17  0.000e+00
          0    277.662    275.239   44.37154 -124.95764     7.1918     7.1862   3.463685   3.462961    33.9610    33.9586     1.2013     2.1326    6.76758    -0.0533     0.0270    99.3283      72741         17  0.000e+00
          0    277.602    275.180   44.37154 -124.95764     7.1917     7.1856   3.463648   3.462968    33.9608    33.9594     1.2013     2.1328    6.76760    -0.0607     0.0259    99.3555      72742         17  0.000e+00
          0    277.609    275.187   44.37154 -124.95764     7.1913     7.1851   3.463618   3.462947    33.9608    33.9596     1.2013     2.1326    6.76766    -0.0533     0.0259    99.3555      72743         17  0.000e+00
          0    277.654    275.231   44.37154 -124.95764     7.1909     7.1852   3.463557   3.462983    33.9605    33.9599     1.2025     2.1366    6.76774    -0.0460     0.0259    99.3555      72744         17  0.000e+00
          0    277.490    275.069   44.37154 -124.95764     7.1906     7.1868   3.463527   3.463014    33.9606    33.9587     1.2013     2.1329    6.76779    -0.0387     0.0259    99.3555      72745         17  0.000e+00
          0    277.774    275.350   44.37154 -124.95764     7.1907     7.1875   3.463612   3.463060    33.9613    33.9584     1.2025     2.1370    6.76774    -0.0387     0.0259    99.3555      72746         17  0.000e+00
          0    277.438    275.017   44.37154 -124.95764     7.1909     7.1875   3.463660   3.463096    33.9618    33.9590     1.2013     2.1331    6.76768    -0.0387     0.0259    99.3555      72747         17  0.000e+00
          0    277.662    275.239   44.37154 -124.95764     7.1915     7.1877   3.463740   3.463060    33.9619    33.9583     1.2013     2.1333    6.76759    -0.0460     0.0259    99.3555      72748         17  0.000e+00
          0    277.602    275.180   44.37154 -124.95764     7.1916     7.1890   3.463740   3.463089    33.9619    33.9574     1.2001     2.1286    6.76758    -0.0460     0.0270    99.3283      72749         17  0.000e+00
          0    277.602    275.180   44.37154 -124.95764     7.1918     7.1888   3.463734   3.463103    33.9616    33.9577     1.2013     2.1320    6.76755    -0.0387     0.0270    99.3283      72750         17  0.000e+00
          0    277.610    275.187   44.37154 -124.95764     7.1919     7.1877   3.463752   3.463060    33.9617    33.9583     1.2001     2.1278    6.76754    -0.0460     0.0259    99.3555      72751         17  0.000e+00
          0    277.602    275.180   44.37154 -124.95764     7.1922     7.1867   3.463795   3.463046    33.9619    33.9591     1.2013     2.1313    6.76748    -0.0387     0.0259    99.3555      72752         17  0.000e+00
          0    277.610    275.187   44.37154 -124.95764     7.1923     7.1866   3.463752   3.463089    33.9613    33.9597     1.2001     2.1271    6.76749    -0.0460     0.0259    99.3555      72753         17  0.000e+00
          0    277.602    275.180   44.37154 -124.95764     7.1922     7.1870   3.463752   3.463060    33.9614    33.9590     1.2001     2.1267    6.76750    -0.0387     0.0259    99.3555      72754         17  0.000e+00
          0    277.602    275.180   44.37154 -124.95764     7.1921     7.1874   3.463740   3.463046    33.9613    33.9584     1.2001     2.1259    6.76751    -0.0460     0.0259    99.3555      72755         17  0.000e+00
          0    277.610    275.187   44.37154 -124.95764     7.1922     7.1868   3.463734   3.463046    33.9612    33.9590     1.2001     2.1251    6.76751    -0.0387     0.0270    99.3283      72756         17  0.000e+00
          0    277.602    275.180   44.37154 -124.95764     7.1919     7.1875   3.463661   3.463046    33.9607    33.9584     1.2001     2.1248    6.76758    -0.0387     0.0259    99.3555      72757         17  0.000e+00
          0    277.610    275.187   44.37154 -124.95764     7.1915     7.1885   3.463642   3.463046    33.9609    33.9574     1.1989     2.1198    6.76763    -0.0387     0.0259    99.3555      72758         17  0.000e+00
          0    277.602    275.180   44.37154 -124.95764     7.1911     7.1880   3.463575   3.463067    33.9606    33.9581     1.2013     2.1276    6.76771    -0.0460     0.0259    99.3555      72759         17  0.000e+00
          0    277.602    275.180   44.37154 -124.95764     7.1907     7.1885   3.463569   3.463113    33.9609    33.9581     1.2001     2.1235    6.76776    -0.0387     0.0259    99.3555      72760         17  0.000e+00
          0    277.610    275.188   44.37154 -124.95764     7.1904     7.1880   3.463551   3.463170    33.9610    33.9592     1.2001     2.1228    6.76779    -0.0387     0.0259    99.3555      72761         17  0.000e+00
          0    277.603    275.180   44.37154 -124.95764     7.1904     7.1875   3.463594   3.463184    33.9614    33.9599     1.2001     2.1225    6.76777    -0.0460     0.0259    99.3555      72762         17  0.000e+00
          0    277.610    275.188   44.37154 -124.95764     7.1907     7.1887   3.463654   3.463184    33.9618    33.9587     1.2001     2.1222    6.76771    -0.0387     0.0259    99.3555      72763         17  0.000e+00
          0    277.603    275.180   44.37154 -124.95764     7.1909     7.1891   3.463624   3.463223    33.9613    33.9587     1.2001     2.1220    6.76771    -0.0387     0.0259    99.3555      72764         17  0.000e+00
          0    277.603    275.180   44.37154 -124.95764     7.1909     7.1899   3.463612   3.463216    33.9612    33.9578     1.2001     2.1213    6.76772    -0.0387     0.0270    99.3283      72765         17  0.000e+00
          0    277.498    275.077   44.37154 -124.95764     7.1908     7.1888   3.463594   3.463209    33.9612    33.9589     1.2001     2.1211    6.76774    -0.0460     0.0259    99.3555      72766         17  0.000e+00
          0    277.655    275.232   44.37154 -124.95764     7.1906     7.1873   3.463533   3.463145    33.9606    33.9596     1.2001     2.1205    6.76779    -0.0387     0.0270    99.3283      72767         17  0.000e+00
          0    277.610    275.188   44.37154 -124.95764     7.1904     7.1866   3.463514   3.463170    33.9606    33.9606     1.2001     2.1203    6.76782    -0.0387     0.0259    99.3555      72768         17  0.000e+00
          0    277.603    275.180   44.37154 -124.95764     7.1901     7.1877   3.463557   3.463099    33.9613    33.9587     1.1989     2.1158    6.76783    -0.0460     0.0270    99.3283      72769         17  0.000e+00
          0    277.603    275.180   44.37154 -124.95764     7.1901     7.1887   3.463575   3.463173    33.9616    33.9586     1.2001     2.1195    6.76782    -0.0387     0.0281    99.3011      72770         17  0.000e+00
          0    277.610    275.188   44.37154 -124.95764     7.1901     7.1897   3.463600   3.463248    33.9618    33.9583     1.1989     2.1151    6.76781    -0.0460     0.0270    99.3283      72771         17  0.000e+00
          0    277.603    275.180   44.37154 -124.95764     7.1906     7.1897   3.463654   3.463322    33.9619    33.9592     1.2001     2.1188    6.76773    -0.0387     0.0281    99.3011      72772         17  0.000e+00
          0    277.558    275.136   44.37154 -124.95764     7.1909     7.1891   3.463673   3.463301    33.9619    33.9596     1.2001     2.1182    6.76769    -0.0460     0.0270    99.3283      72773         17  0.000e+00
          0    277.603    275.180   44.37154 -124.95764     7.1912     7.1890   3.463673   3.463269    33.9615    33.9593     1.1989     2.1139    6.76765    -0.0460     0.0270    99.3283      72774         17  0.000e+00
          0    277.551    275.129   44.37154 -124.95764     7.1909     7.1886   3.463502   3.463283    33.9600    33.9599     1.2001     2.1177    6.76777    -0.0387     0.0270    99.3283      72775         17  0.000e+00
          0    277.610    275.188   44.37154 -124.95764     7.1898     7.1891   3.463380   3.463248    33.9597    33.9590     1.1989     2.1135    6.76795    -0.0460     0.0259    99.3555      72776         17  0.000e+00
          0    277.603    275.181   44.37154 -124.95764     7.1887     7.1892   3.463362   3.463276    33.9606    33.9592     1.2001     2.1174    6.76808    -0.0387     0.0259    99.3555      72777         17  0.000e+00
          0    277.558    275.136   44.37154 -124.95764     7.1888     7.1899   3.463405   3.463329    33.9610    33.9590     1.2001     2.1175    6.76805    -0.0387     0.0259    99.3555      72778         17  0.000e+00
          0    277.551    275.129   44.37154 -124.95764     7.1893     7.1901   3.463466   3.463343    33.9611    33.9591     1.2001     2.1175    6.76796    -0.0460     0.0259    99.3555      72779         17  0.000e+00
          0    277.603    275.181   44.37154 -124.95764     7.1901     7.1894   3.463557   3.463301    33.9614    33.9592     1.2001     2.1176    6.76783    -0.0387     0.0259    99.3555      72780         17  0.000e+00
          0    277.558    275.136   44.37154 -124.95764     7.1906     7.1901   3.463624   3.463329    33.9616    33.9589     1.1989     2.1133    6.76774    -0.0387     0.0259    99.3555      72781         17  0.000e+00
          0    277.551    275.129   44.37154 -124.95764     7.1909     7.1913   3.463661   3.463442    33.9617    33.9589     1.2001     2.1173    6.76769    -0.0387     0.0270    99.3283      72782         17  0.000e+00
          0    277.558    275.136   44.37154 -124.95764     7.1910     7.1917   3.463648   3.463499    33.9615    33.9592     1.2001     2.1175    6.76768    -0.0460     0.0259    99.3555      72783         17  0.000e+00
          0    277.551    275.129   44.37154 -124.95764     7.1912     7.1923   3.463642   3.463566    33.9612    33.9593     1.1989     2.1134    6.76766    -0.0460     0.0270    99.3283      72784         17  0.000e+00
          0    277.551    275.129   44.37154 -124.95764     7.1912     7.1930   3.463618   3.463647    33.9610    33.9595     1.2001     2.1174    6.76768    -0.0387     0.0270    99.3283      72785         17  0.000e+00
          0    277.558    275.136   44.37154 -124.95764     7.1911     7.1931   3.463612   3.463647    33.9610    33.9594     1.1989     2.1134    6.76769    -0.0460     0.0259    99.3555      72786         17  0.000e+00
          0    277.551    275.129   44.37154 -124.95764     7.1909     7.1930   3.463636   3.463619    33.9614    33.9592     1.1989     2.1137    6.76770    -0.0387     0.0259    99.3555      72787         17  0.000e+00
          0    277.499    275.077   44.37154 -124.95764     7.1910     7.1927   3.463618   3.463590    33.9612    33.9592     1.2001     2.1184    6.76769    -0.0387     0.0270    99.3283      72788         17  0.000e+00
          0    277.551    275.129   44.37154 -124.95764     7.1911     7.1916   3.463654   3.463484    33.9615    33.9592     1.2001     2.1188    6.76767    -0.0460     0.0270    99.3283      72789         17  0.000e+00
          0    277.551    275.129   44.37154 -124.95764     7.1913     7.1904   3.463673   3.463368    33.9614    33.9590     1.1989     2.1148    6.76763    -0.0533     0.0270    99.3283      72790         17  0.000e+00
          0    277.499    275.077   44.37154 -124.95764     7.1914     7.1901   3.463648   3.463322    33.9611    33.9589     1.2001     2.1191    6.76764    -0.0533     0.0270    99.3283      72791         17  0.000e+00
          0    277.551    275.129   44.37154 -124.95764     7.1912     7.1906   3.463661   3.463375    33.9614    33.9589     1.1989     2.1153    6.76765    -0.0607     0.0270    99.3283      72792         17  0.000e+00
          0    277.499    275.077   44.37154 -124.95764     7.1917     7.1911   3.463715   3.463477    33.9616    33.9596     1.1989     2.1158    6.76758    -0.0533     0.0259    99.3555      72793         17  0.000e+00
          0    277.491    275.070   44.37154 -124.95764     7.1919     7.1922   3.463740   3.463527    33.9617    33.9590     1.2001     2.1202    6.76754    -0.0607     0.0259    99.3555      72794         17  0.000e+00
          0    277.674    275.251   44.37154 -124.95764     7.1807     7.1812   3.462832   3.462629    33.9626    33.9599     1.1977     2.1152    6.76922    -0.0314     0.0248    99.3826      73187         18  0.000e+00
          0    277.614    275.192   44.37154 -124.95764     7.1809     7.1809   3.462857   3.462636    33.9627    33.9603     1.1989     2.1187    6.76919    -0.0240     0.0248    99.3826      73188         18  0.000e+00
          0    277.666    275.243   44.37154 -124.95764     7.1809     7.1811   3.462839   3.462643    33.9625    33.9602     1.1989     2.1189    6.76920    -0.0314     0.0248    99.3826      73189         18  0.000e+00
          0    277.622    275.199   44.37154 -124.95764     7.1807     7.1811   3.462832   3.462643    33.9626    33.9602     1.1977     2.1149    6.76922    -0.0240     0.0248    99.3826      73190         18  0.000e+00
          0    277.666    275.244   44.37154 -124.95764     7.1812     7.1811   3.462857   3.462643    33.9624    33.9602     1.1989     2.1185    6.76916    -0.0240     0.0248    99.3826      73191         18  0.000e+00
          0    277.622    275.199   44.37154 -124.95764     7.1814     7.1812   3.462814   3.462622    33.9618    33.9599     1.1989     2.1182    6.76916    -0.0314     0.0248    99.3826      73192         18  0.000e+00
          0    277.666    275.244   44.37154 -124.95764     7.1812     7.1812   3.462851   3.462657    33.9623    33.9602     1.1977     2.1142    6.76916    -0.0314     0.0248    99.3826      73193         18  0.000e+00
          0    277.614    275.192   44.37154 -124.95764     7.1811     7.1816   3.462899   3.462671    33.9630    33.9601     1.1989     2.1178    6.76915    -0.0240     0.0248    99.3826      73194         18  0.000e+00
          0    277.622    275.199   44.37154 -124.95764     7.1812     7.1813   3.462851   3.462671    33.9624    33.9603     1.1989     2.1176    6.76916    -0.0314     0.0248    99.3826      73195         18  0.000e+00
          0    277.667    275.244   44.37154 -124.95764     7.1812     7.1812   3.462857   3.462672    33.9624    33.9604     1.1977     2.1136    6.76916    -0.0314     0.0248    99.3826      73196         18  0.000e+00
          0    277.622    275.199   44.37154 -124.95764     7.1812     7.1812   3.462869   3.462650    33.9626    33.9602     1.1977     2.1130    6.76915    -0.0240     0.0248    99.3826      73197         18  0.000e+00
          0    277.614    275.192   44.37154 -124.95764     7.1812     7.1813   3.462869   3.462643    33.9626    33.9600     1.1989     2.1167    6.76915    -0.0240     0.0248    99.3826      73198         18  0.000e+00
          0    277.667    275.244   44.37154 -124.95764     7.1812     7.1813   3.462936   3.462622    33.9633    33.9597     1.1977     2.1127    6.76912    -0.0314     0.0259    99.3555      73199         18  0.000e+00
          0    277.622    275.199   44.37154 -124.95764     7.1815     7.1809   3.462960   3.462618    33.9632    33.9601     1.1989     2.1169    6.76907    -0.0240     0.0259    99.3555      73200         18  0.000e+00
          0    277.614    275.192   44.37154 -124.95764     7.1819     7.1812   3.462979   3.462636    33.9631    33.9600     1.1989     2.1168    6.76902    -0.0240     0.0259    99.3555      73201         18  0.000e+00
          0    277.674    275.251   44.37154 -124.95764     7.1819     7.1809   3.462997   3.462643    33.9633    33.9604     1.1989     2.1173    6.76902    -0.0314     0.0248    99.3826      73202         18  0.000e+00
