TN422/CTD Data/TN-422_CTD-001.ros
* Sea-Bird SBE 9 Data File:
* FileName = C:\data\TN422\TN-422_CTD_01.hex
* Software Version Seasave V 7.26.7.107
* Temperature SN = 2195
* Conductivity SN = 2903
* Number of Bytes Per Scan = 41
* Number of Voltage Words = 4
* Number of Scans Averaged by the Deck Unit = 1
* NMEA Latitude = 44 22.29 N
* NMEA Longitude = 124 57.69 W
* NMEA UTC (Time) = Aug 15 2023  06:40:20
* NMEA baud rate = 4800
** Cruise: TN-422
** Cast: CTD-001
** Location: 500 m downcurrent of SP
** Date: Aug 15, 2023
** Water Depth: 582
** Operator: JN
# nquan = 20
# nvalues = 2328                                  
# units = specified
# name 0 = modError: Modulo Error Count
# name 1 = prDM: Pressure, Digiquartz [db]
# name 2 = depSM: Depth [salt water, m]
# name 3 = latitude: Latitude [deg]
# name 4 = longitude: Longitude [deg]
# name 5 = t090C: Temperature [ITS-90, deg C]
# name 6 = t190C: Temperature, 2 [ITS-90, deg C]
# name 7 = c0S/m: Conductivity [S/m]
# name 8 = c1S/m: Conductivity, 2 [S/m]
# name 9 = sal00: Salinity, Practical [PSU]
# name 10 = sal11: Salinity, Practical, 2 [PSU]
# name 11 = sbeox0V: Oxygen raw, SBE 43 [V]
# name 12 = sbeox0ML/L: Oxygen, SBE 43 [ml/l]
# name 13 = oxsolML/L: Oxygen Saturation, Garcia & Gordon [ml/l]
# name 14 = flECO-AFL: Fluorescence, WET Labs ECO-AFL/FL [mg/m^3]
# name 15 = CStarAt0: Beam Attenuation, WET Labs C-Star [1/m]
# name 16 = CStarTr0: Beam Transmission, WET Labs C-Star [%]
# name 17 = scan: Scan Count
# name 18 = nbf: Bottles Fired
# name 19 = flag:  0.000e+00
# interval = seconds: 0.0416667
# start_time = Aug 15 2023 06:40:20 [NMEA time, header]
# bad_flag = -9.990e-29
*END*
[from data line 2245]
          0     10.075      9.993   44.37158 -124.96150    16.0358    15.9878   4.061171   4.056937    32.0476    32.0491     2.9971     6.2405    5.67892     1.4998     0.5364    87.4513      61219         24  0.000e+00
          0     10.097     10.015   44.37158 -124.96150    16.0307    15.9857   4.060931   4.056827    32.0496    32.0498     2.9971     6.2404    5.67942     1.5071     0.5376    87.4241      61220         24  0.000e+00
          0     10.075      9.993   44.37158 -124.96150    16.0265    15.9836   4.059990   4.056610    32.0447    32.0496     2.9971     6.2402    5.68006     1.5071     0.5364    87.4513      61221         24  0.000e+00
          0     10.075      9.993   44.37158 -124.96150    16.0163    15.9805   4.058725   4.056549    32.0419    32.0515     2.9971     6.2409    5.68130     1.4998     0.5364    87.4513      61222         24  0.000e+00
          0     10.097     10.015   44.37158 -124.96150    16.0017    15.9829   4.057746   4.056584    32.0450    32.0499     2.9959     6.2387    5.68283     1.4998     0.5351    87.4785      61223         24  0.000e+00
          0     10.127     10.045   44.37158 -124.96150    15.9869    15.9829   4.056923   4.056561    32.0497    32.0497     2.9959     6.2396    5.68432     1.4998     0.5339    87.5057      61224         24  0.000e+00
          0     10.097     10.015   44.37158 -124.96150    15.9770    15.9809   4.056274   4.056595    32.0520    32.0516     2.9971     6.2433    5.68534     1.5071     0.5351    87.4785      61225         24  0.000e+00
          0     10.186     10.104   44.37158 -124.96150    15.9689    15.9790   4.055885   4.056591    32.0551    32.0531     2.9971     6.2435    5.68614     1.5071     0.5351    87.4785      61226         24  0.000e+00
          0     10.097     10.016   44.37158 -124.96150    15.9639    15.9776   4.055730   4.056489    32.0578    32.0533     2.9959     6.2399    5.68661     1.4998     0.5364    87.4513      61227         24  0.000e+00
          0     10.186     10.104   44.37158 -124.96150    15.9630    15.9776   4.056521   4.056424    32.0654    32.0527     2.9959     6.2391    5.68644     1.4998     0.5364    87.4513      61228         24  0.000e+00
          0     10.149     10.067   44.37158 -124.96150    15.9753    15.9776   4.058719   4.056352    32.0749    32.0521     2.9959     6.2366    5.68474     1.4998     0.5376    87.4241      61229         24  0.000e+00
          0     10.127     10.045   44.37158 -124.96150    16.0006    15.9780   4.061353   4.056447    32.0776    32.0527     2.9959     6.2328    5.68181     1.4998     0.5376    87.4241      61230         24  0.000e+00
          0     10.186     10.104   44.37158 -124.96150    16.0302    15.9805   4.063488   4.057070    32.0725    32.0561     2.9959     6.2289    5.67869     1.4998     0.5376    87.4241      61231         24  0.000e+00
          0     10.201     10.119   44.37158 -124.96150    16.0551    15.9896   4.064740   4.058260    32.0634    32.0593     2.9959     6.2259    5.67622     1.4925     0.5388    87.3970      61232         24  0.000e+00
          0     10.187     10.104   44.37158 -124.96150    16.0725    16.0039   4.065966   4.059598    32.0601    32.0595     2.9959     6.2237    5.67439     1.4998     0.5401    87.3698      61233         24  0.000e+00
          0     10.201     10.119   44.37158 -124.96150    16.0906    16.0209   4.067557   4.060773    32.0595    32.0561     2.9971     6.2247    5.67240     1.4998     0.5401    87.3698      61234         24  0.000e+00
          0     10.187     10.104   44.37158 -124.96150    16.1101    16.0328   4.068719   4.061237    32.0540    32.0506     2.9971     6.2224    5.67041     1.4998     0.5401    87.3698      61235         24  0.000e+00
          0     10.261     10.178   44.37158 -124.96150    16.1252    16.0254   4.069141   4.060085    32.0454    32.0464     2.9959     6.2175    5.66902     1.4925     0.5413    87.3426      61236         24  0.000e+00
          0     10.239     10.156   44.37158 -124.96150    16.1291    16.0107   4.068634   4.058260    32.0379    32.0422     2.9959     6.2172    5.66885     1.4925     0.5413    87.3426      61237         24  0.000e+00
          0     10.261     10.178   44.37158 -124.96150    16.1240    15.9904   4.067985   4.056907    32.0363    32.0467     2.9959     6.2179    5.66948     1.4925     0.5413    87.3426      61238         24  0.000e+00
          0     10.239     10.156   44.37158 -124.96150    16.1231    15.9780   4.067836   4.055979    32.0358    32.0485     2.9971     6.2214    5.66960     1.4998     0.5413    87.3426      61239         24  0.000e+00
          0     10.291     10.208   44.37158 -124.96150    16.1303    15.9696   4.068861   4.055576    32.0389    32.0517     2.9971     6.2207    5.66869     1.4998     0.5413    87.3426      61240         24  0.000e+00
          0     10.261     10.178   44.37158 -124.96150    16.1453    15.9667   4.071082   4.055569    32.0463    32.0541     2.9971     6.2190    5.66676     1.4925     0.5426    87.3154      61241         24  0.000e+00
          0     10.291     10.208   44.37158 -124.96150    16.1650    15.9744   4.072946   4.057059    32.0468    32.0609     2.9959     6.2137    5.66455     1.4925     0.5438    87.2882      61242         24  0.000e+00
          0     10.261     10.178   44.37158 -124.96150    16.1854    16.0324   4.074414   4.061306    32.0432    32.0514     2.9959     6.2115    5.66241     1.4998     0.5451    87.2611      61243         24  0.000e+00
          0     10.350     10.267   44.37158 -124.96150    16.2020    16.0756   4.075661   4.065140    32.0408    32.0503     2.9959     6.2099    5.66065     1.4925     0.5463    87.2339      61244         24  0.000e+00
          0     10.261     10.178   44.37158 -124.96150    16.2143    16.0957   4.076408   4.067142    32.0375    32.0517     2.9971     6.2121    5.65940     1.4925     0.5476    87.2067      61245         24  0.000e+00
          0     10.350     10.267   44.37158 -124.96150    16.2193    16.1110   4.076447   4.068036    32.0338    32.0472     2.9959     6.2089    5.65898     1.4925     0.5476    87.2067      61246         24  0.000e+00
          0     10.350     10.267   44.37158 -124.96150    16.2194    16.1183   4.076337   4.068633    32.0327    32.0465     2.9971     6.2126    5.65900     1.4925     0.5476    87.2067      61247         24  0.000e+00
          0     10.313     10.230   44.37158 -124.96150    16.2138    16.1284   4.076311   4.069166    32.0370    32.0431     2.9971     6.2138    5.65948     1.4998     0.5463    87.2339      61248         24  0.000e+00
          0     10.350     10.267   44.37158 -124.96150    16.2032    16.1365   4.076207   4.069574    32.0446    32.0401     2.9971     6.2155    5.66039     1.4925     0.5463    87.2339      61249         24  0.000e+00
          0     10.365     10.282   44.37158 -124.96150    16.2064    16.1449   4.076623   4.070236    32.0457    32.0391     2.9971     6.2158    5.66000     1.4998     0.5463    87.2339      61250         24  0.000e+00
          0     10.351     10.267   44.37158 -124.96150    16.2180    16.1522   4.077377   4.071005    32.0429    32.0400     2.9983     6.2183    5.65880     1.4925     0.5476    87.2067      61251         24  0.000e+00
          0     10.425     10.341   44.37158 -124.96150    16.2309    16.1598   4.078241   4.071549    32.0401    32.0386     2.9971     6.2146    5.65747     1.4925     0.5476    87.2067      61252         24  0.000e+00
          0     10.351     10.267   44.37158 -124.96150    16.2416    16.1554   4.079014   4.070655    32.0383    32.0344     2.9983     6.2175    5.65634     1.4998     0.5476    87.2067      61253         24  0.000e+00
          0     10.365     10.282   44.37158 -124.96150    16.2498    16.1284   4.079573   4.067278    32.0366    32.0265     2.9996     6.2207    5.65550     1.4925     0.5463    87.2339      61254         24  0.000e+00
          0     10.455     10.370   44.37158 -124.96150    16.2562    16.0977   4.079827   4.064497    32.0336    32.0267     2.9983     6.2179    5.65489     1.4778     0.5463    87.2339      61255         24  0.000e+00
          0     10.403     10.319   44.37158 -124.96150    16.2582    16.0943   4.079813   4.064329    32.0319    32.0281     2.9996     6.2218    5.65472     1.4778     0.5463    87.2339      61256         24  0.000e+00
          0     10.477     10.392   44.37158 -124.96150    16.2581    16.1156   4.079638   4.067172    32.0305    32.0359     2.9996     6.2231    5.65479     1.4778     0.5451    87.2611      61257         24  0.000e+00
          0     10.403     10.319   44.37158 -124.96150    16.2575    16.1485   4.079508   4.070628    32.0298    32.0397     2.9996     6.2240    5.65487     1.4778     0.5438    87.2882      61258         24  0.000e+00
          0     10.425     10.341   44.37158 -124.96150    16.2566    16.1765   4.079560   4.073187    32.0310    32.0396     3.0008     6.2283    5.65494     1.4778     0.5451    87.2611      61259         24  0.000e+00
          0     10.455     10.370   44.37158 -124.96150    16.2567    16.1999   4.079768   4.075461    32.0327    32.0407     3.0020     6.2326    5.65486     1.4778     0.5451    87.2611      61260         24  0.000e+00
          0     10.477     10.392   44.37158 -124.96150    16.2574    16.2180   4.079859   4.077289    32.0329    32.0421     3.0020     6.2339    5.65478     1.4778     0.5463    87.2339      61261         24  0.000e+00
          0     10.403     10.319   44.37158 -124.96150    16.2570    16.2329   4.079813   4.078562    32.0329    32.0413     3.0020     6.2351    5.65482     1.4851     0.5463    87.2339      61262         24  0.000e+00
          0     10.514     10.429   44.37158 -124.96150    16.2561    16.2477   4.079768   4.079537    32.0332    32.0380     3.0020     6.2364    5.65492     1.4778     0.5463    87.2339      61263         24  0.000e+00
          0     10.477     10.393   44.37158 -124.96150    16.2555    16.2590   4.079619   4.080208    32.0323    32.0347     3.0020     6.2374    5.65501     1.4778     0.5463    87.2339      61264         24  0.000e+00
          0     10.455     10.370   44.37158 -124.96150    16.2540    16.2665   4.079450   4.080635    32.0321    32.0325     3.0032     6.2417    5.65518     1.4851     0.5463    87.2339      61265         24  0.000e+00
          0     10.529     10.444   44.37158 -124.96150    16.2507    16.2720   4.079352   4.080963    32.0339    32.0308     3.0044     6.2465    5.65549     1.4778     0.5451    87.2611      61266         24  0.000e+00
          0     10.455     10.370   44.37158 -124.96150    16.2479    16.2762   4.079443   4.081149    32.0369    32.0291     3.0032     6.2445    5.65569     1.4778     0.5438    87.2882      61267         24  0.000e+00
          0     10.529     10.444   44.37158 -124.96150    16.2508    16.2790   4.079612   4.081290    32.0361    32.0281     3.0044     6.2484    5.65540     1.4778     0.5438    87.2882      61268         24  0.000e+00
          0     10.515     10.430   44.37158 -124.96150    16.2545    16.2809   4.079599   4.081439    32.0330    32.0279     3.0044     6.2490    5.65510     1.4778     0.5438    87.2882      61269         24  0.000e+00
          0     10.515     10.430   44.37158 -124.96150    16.2530    16.2817   4.079508   4.081527    32.0334    32.0280     3.0044     6.2501    5.65525     1.4778     0.5438    87.2882      61270         24  0.000e+00
          0     10.529     10.444   44.37158 -124.96150    16.2516    16.2824   4.079560   4.081588    32.0349    32.0280     3.0044     6.2511    5.65535     1.4851     0.5451    87.2611      61271         24  0.000e+00
          0     10.515     10.430   44.37158 -124.96150    16.2545    16.2836   4.079690   4.081675    32.0338    32.0278     3.0057     6.2547    5.65507     1.4851     0.5476    87.2067      61272         24  0.000e+00
          0     10.530     10.444   44.37158 -124.96150    16.2561    16.2847   4.079807   4.081736    32.0335    32.0274     3.0044     6.2519    5.65491     1.4778     0.5476    87.2067      61273         24  0.000e+00
          0     10.567     10.481   44.37158 -124.96150    16.2588    16.2855   4.079989   4.081782    32.0330    32.0272     3.0044     6.2523    5.65463     1.4778     0.5488    87.1795      61274         24  0.000e+00
          0     10.530     10.444   44.37158 -124.96150    16.2662    16.2861   4.080177   4.081862    32.0287    32.0274     3.0044     6.2522    5.65395     1.4851     0.5476    87.2067      61275         24  0.000e+00
          0     10.567     10.481   44.37158 -124.96150    16.2699    16.2863   4.080379   4.081931    32.0275    32.0278     3.0044     6.2521    5.65359     1.4778     0.5463    87.2339      61276         24  0.000e+00
          0     10.515     10.430   44.37158 -124.96150    16.2712    16.2870   4.080600   4.081996    32.0283    32.0278     3.0044     6.2522    5.65341     1.4778     0.5476    87.2067      61277         24  0.000e+00
          0     10.589     10.504   44.37158 -124.96150    16.2725    16.2875   4.080853   4.082057    32.0295    32.0279     3.0044     6.2522    5.65323     1.4778     0.5463    87.2339      61278         24  0.000e+00
          0     10.567     10.481   44.37158 -124.96150    16.2757    16.2880   4.081081   4.082072    32.0289    32.0277     3.0032     6.2486    5.65289     1.4778     0.5451    87.2611      61279         24  0.000e+00
          0     10.589     10.504   44.37158 -124.96150    16.2789    16.2882   4.081269   4.082114    32.0280    32.0279     3.0044     6.2514    5.65257     1.4851     0.5451    87.2611      61280         24  0.000e+00
          0     10.567     10.481   44.37158 -124.96150    16.2801    16.2883   4.081367   4.082038    32.0279    32.0271     3.0044     6.2513    5.65244     1.4851     0.5463    87.2339      61281         24  0.000e+00
          0     10.589     10.504   44.37158 -124.96150    16.2804    16.2871   4.081464   4.081893    32.0285    32.0268     3.0020     6.2446    5.65239     1.4778     0.5463    87.2339      61282         24  0.000e+00
          0     10.567     10.482   44.37158 -124.96150    16.2804    16.2863   4.081516   4.081759    32.0289    32.0263     3.0032     6.2475    5.65237     1.4851     0.5463    87.2339      61283         24  0.000e+00
          0     10.567     10.482   44.37158 -124.96150    16.2806    16.2847   4.081627   4.081611    32.0298    32.0263     3.0032     6.2473    5.65232     1.4851     0.5463    87.2339      61284         24  0.000e+00
          0     10.589     10.504   44.37158 -124.96150    16.2801    16.2847   4.081595   4.081550    32.0299    32.0257     3.0020     6.2436    5.65237     1.4778     0.5451    87.2611      61285         24  0.000e+00
          0     10.567     10.482   44.37158 -124.96150    16.2796    16.2837   4.081432   4.081534    32.0288    32.0264     3.0020     6.2430    5.65246     1.4778     0.5451    87.2611      61286         24  0.000e+00
          0     10.641     10.555   44.37158 -124.96150    16.2768    16.2831   4.081224   4.081493    32.0292    32.0265     3.0020     6.2426    5.65276     1.4778     0.5463    87.2339      61287         24  0.000e+00
          0     10.567     10.482   44.37158 -124.96150    16.2750    16.2822   4.081172   4.081290    32.0303    32.0255     3.0020     6.2422    5.65293     1.4851     0.5451    87.2611      61288         24  0.000e+00
          0     10.589     10.504   44.37158 -124.96150    16.2735    16.2793   4.081113   4.081088    32.0309    32.0260     3.0020     6.2417    5.65306     1.4778     0.5438    87.2882      61289         24  0.000e+00
