TN422/CTD Data/TN-422_CTD-009.ros
* Sea-Bird SBE 9 Data File:
* FileName = C:\data\TN422\TN-422_CTD_09hex.hex
* Software Version Seasave V 7.26.7.107
* Temperature SN = 2195
* Conductivity SN = 2903
* Number of Bytes Per Scan = 41
* Number of Voltage Words = 4
* Number of Scans Averaged by the Deck Unit = 1
* NMEA Latitude = 44 22.34 N
* NMEA Longitude = 124 57.06 W
* NMEA UTC (Time) = Sep 15 2023  15:40:56
* NMEA baud rate = 4800
** Cruise: TN-422_CTD_009
** Cast: CTD_03_RS03AXPD
** Location: Endurance Offshore DP
** Date: Sep 15, 2023
** Water Depth: 571
** Operator: JN
** 500 m NNE of DP mooring
# nquan = 20
# nvalues = 2328                                  
# units = specified
# name 0 = modError: Modulo Error Count
# name 1 = prDM: Pressure, Digiquartz [db]
# name 2 = depSM: Depth [salt water, m]
# name 3 = latitude: Latitude [deg]
# name 4 = longitude: Longitude [deg]
# name 5 = t090C: Temperature [ITS-90, deg C]
# name 6 = t190C: Temperature, 2 [ITS-90, deg C]
# name 7 = c0S/m: Conductivity [S/m]
# name 8 = c1S/m: Conductivity, 2 [S/m]
# name 9 = sal00: Salinity, Practical [PSU]
# name 10 = sal11: Salinity, Practical, 2 [PSU]
# name 11 = sbeox0V: Oxygen raw, SBE 43 [V]
# name 12 = sbeox0ML/L: Oxygen, SBE 43 [ml/l]
# name 13 = oxsolML/L: Oxygen Saturation, Garcia & Gordon [ml/l]
# name 14 = flECO-AFL: Fluorescence, WET Labs ECO-AFL/FL [mg/m^3]
# name 15 = CStarAt0: Beam Attenuation, WET Labs C-Star [1/m]
# name 16 = CStarTr0: Beam Transmission, WET Labs C-Star [%]
# name 17 = scan: Scan Count
# name 18 = nbf: Bottles Fired
# name 19 = flag:  0.000e+00
# interval = seconds: 0.0416667
# start_time = Sep 15 2023 15:40:56 [NMEA time, header]
# bad_flag = -9.990e-29
*END*
[from data line 73]
          0    564.576    559.263   44.37224 -124.95106     5.0992     5.1015   3.304145   3.304231    34.1268    34.1255     0.7018     0.6122    7.09791    -0.0167     0.1992    95.1428      27319          1  0.000e+00
          0    564.523    559.211   44.37224 -124.95106     5.0990     5.1012   3.304145   3.304238    34.1270    34.1259     0.7006     0.6079    7.09794    -0.0167     0.1992    95.1428      27320          1  0.000e+00
          0    564.553    559.240   44.37224 -124.95106     5.0990     5.1017   3.304163   3.304265    34.1272    34.1257     0.7018     0.6119    7.09793    -0.0167     0.1980    95.1700      27321          1  0.000e+00
          0    564.523    559.211   44.37224 -124.95106     5.0992     5.1019   3.304175   3.304251    34.1272    34.1253     0.7006     0.6076    7.09789    -0.0167     0.1957    95.2243      27322          1  0.000e+00
          0    564.523    559.211   44.37224 -124.95106     5.0990     5.1019   3.304151   3.304244    34.1271    34.1253     0.7018     0.6123    7.09793    -0.0167     0.1946    95.2515      27323          1  0.000e+00
          0    564.501    559.188   44.37224 -124.95106     5.0992     5.1017   3.304151   3.304224    34.1270    34.1253     0.7018     0.6128    7.09791    -0.0167     0.1935    95.2787      27324          1  0.000e+00
          0    564.523    559.211   44.37224 -124.95106     5.0994     5.1017   3.304145   3.304220    34.1267    34.1251     0.7018     0.6133    7.09790    -0.0167     0.1946    95.2515      27325          1  0.000e+00
          0    564.523    559.211   44.37224 -124.95106     5.0991     5.1014   3.304163   3.304161    34.1272    34.1248     0.7006     0.6090    7.09792    -0.0167     0.1957    95.2243      27326          1  0.000e+00
          0    564.501    559.188   44.37224 -124.95106     5.0992     5.1014   3.304151   3.304199    34.1270    34.1253     0.7018     0.6131    7.09791    -0.0167     0.1980    95.1700      27327          1  0.000e+00
          0    564.523    559.211   44.37224 -124.95106     5.0987     5.1009   3.304097   3.304179    34.1268    34.1255     0.7018     0.6136    7.09800    -0.0167     0.1992    95.1428      27328          1  0.000e+00
          0    564.523    559.211   44.37224 -124.95106     5.0988     5.1006   3.304103   3.304189    34.1268    34.1260     0.7006     0.6093    7.09799    -0.0167     0.2003    95.1156      27329          1  0.000e+00
          0    564.501    559.188   44.37224 -124.95106     5.0984     5.1008   3.304097   3.304175    34.1271    34.1256     0.7018     0.6140    7.09803    -0.0167     0.1980    95.1700      27330          1  0.000e+00
          0    564.523    559.211   44.37224 -124.95106     5.0984     5.1008   3.304133   3.304189    34.1275    34.1257     0.7018     0.6145    7.09802    -0.0167     0.1957    95.2243      27331          1  0.000e+00
          0    564.523    559.211   44.37224 -124.95106     5.0986     5.1006   3.304121   3.304154    34.1272    34.1256     0.7018     0.6144    7.09800    -0.0167     0.1946    95.2515      27332          1  0.000e+00
          0    564.553    559.240   44.37224 -124.95106     5.0984     5.1008   3.304115   3.304161    34.1273    34.1254     0.7006     0.6101    7.09803    -0.0167     0.1935    95.2787      27333          1  0.000e+00
          0    564.523    559.211   44.37224 -124.95106     5.0987     5.1007   3.304091   3.304168    34.1267    34.1256     0.7018     0.6142    7.09800    -0.0240     0.1935    95.2787      27334          1  0.000e+00
          0    564.576    559.263   44.37224 -124.95106     5.0985     5.1009   3.304103   3.304189    34.1271    34.1256     0.7018     0.6141    7.09803    -0.0314     0.1912    95.3330      27335          1  0.000e+00
          0    564.613    559.300   44.37224 -124.95106     5.0987     5.1011   3.304121   3.304175    34.1270    34.1252     0.7018     0.6146    7.09798    -0.0240     0.1923    95.3059      27336          1  0.000e+00
          0    564.576    559.263   44.37224 -124.95106     5.0986     5.1010   3.304115   3.304189    34.1271    34.1255     0.7006     0.6096    7.09801    -0.0314     0.1912    95.3330      27337          1  0.000e+00
          0    564.576    559.263   44.37224 -124.95106     5.0987     5.1011   3.304115   3.304213    34.1270    34.1257     0.7018     0.6143    7.09799    -0.0240     0.1923    95.3059      27338          1  0.000e+00
          0    564.614    559.300   44.37224 -124.95106     5.0983     5.1012   3.304091   3.304199    34.1271    34.1254     0.7006     0.6094    7.09805    -0.0240     0.2003    95.1156      27339          1  0.000e+00
          0    564.636    559.322   44.37224 -124.95106     5.0987     5.1012   3.304127   3.304175    34.1271    34.1251     0.7006     0.6092    7.09798    -0.0240     0.2095    94.8982      27340          1  0.000e+00
          0    564.689    559.374   44.37224 -124.95106     5.0984     5.1012   3.304097   3.304189    34.1270    34.1252     0.7018     0.6133    7.09804    -0.0240     0.2083    94.9254      27341          1  0.000e+00
          0    564.666    559.352   44.37224 -124.95106     5.0985     5.1012   3.304067   3.304196    34.1266    34.1253     0.7018     0.6138    7.09805    -0.0314     0.2037    95.0341      27342          1  0.000e+00
          0    565.427    560.105   44.37224 -124.95106     5.0978     5.1014   3.304091   3.304283    34.1272    34.1258     0.7018     0.6144    7.09813    -0.0314     0.1946    95.2515      27955          2  0.000e+00
          0    565.480    560.157   44.37224 -124.95106     5.0979     5.1014   3.304109   3.304255    34.1273    34.1254     0.7018     0.6147    7.09811    -0.0314     0.1946    95.2515      27956          2  0.000e+00
          0    565.480    560.157   44.37224 -124.95106     5.0981     5.1012   3.304133   3.304266    34.1274    34.1257     0.7018     0.6149    7.09808    -0.0314     0.1935    95.2787      27957          2  0.000e+00
          0    565.457    560.134   44.37224 -124.95106     5.0980     5.1014   3.304121   3.304290    34.1274    34.1258     0.7018     0.6145    7.09810    -0.0387     0.1923    95.3059      27958          2  0.000e+00
          0    565.480    560.157   44.37224 -124.95106     5.0979     5.1016   3.304115   3.304276    34.1273    34.1254     0.7018     0.6147    7.09811    -0.0314     0.1923    95.3059      27959          2  0.000e+00
          0    565.532    560.209   44.37224 -124.95106     5.0981     5.1014   3.304115   3.304290    34.1272    34.1258     0.7018     0.6149    7.09809    -0.0314     0.1912    95.3330      27960          2  0.000e+00
          0    565.517    560.194   44.37224 -124.95106     5.0980     5.1012   3.304145   3.304255    34.1276    34.1256     0.7018     0.6145    7.09809    -0.0314     0.1923    95.3059      27961          2  0.000e+00
          0    565.532    560.209   44.37224 -124.95106     5.0982     5.1012   3.304121   3.304266    34.1271    34.1257     0.7018     0.6146    7.09807    -0.0314     0.1923    95.3059      27962          2  0.000e+00
          0    565.532    560.209   44.37224 -124.95106     5.0981     5.1012   3.304133   3.304272    34.1274    34.1258     0.7018     0.6148    7.09808    -0.0314     0.1923    95.3059      27963          2  0.000e+00
          0    565.570    560.246   44.37224 -124.95106     5.0983     5.1012   3.304145   3.304252    34.1273    34.1255     0.7018     0.6150    7.09805    -0.0387     0.1935    95.2787      27964          2  0.000e+00
          0    565.592    560.268   44.37224 -124.95106     5.0982     5.1009   3.304163   3.304245    34.1275    34.1258     0.7018     0.6152    7.09804    -0.0314     0.1946    95.2515      27965          2  0.000e+00
          0    565.532    560.209   44.37224 -124.95106     5.0984     5.1008   3.304127   3.304245    34.1270    34.1259     0.7018     0.6153    7.09804    -0.0314     0.1957    95.2243      27966          2  0.000e+00
          0    565.622    560.298   44.37224 -124.95106     5.0984     5.1011   3.304133   3.304224    34.1270    34.1253     0.7018     0.6155    7.09804    -0.0387     0.1969    95.1972      27967          2  0.000e+00
          0    565.592    560.268   44.37224 -124.95106     5.0985     5.1007   3.304175   3.304221    34.1274    34.1256     0.7018     0.6157    7.09801    -0.0314     0.1980    95.1700      27968          2  0.000e+00
          0    565.592    560.268   44.37224 -124.95106     5.0984     5.1009   3.304133   3.304183    34.1270    34.1250     0.7018     0.6152    7.09804    -0.0314     0.1980    95.1700      27969          2  0.000e+00
          0    565.623    560.298   44.37224 -124.95106     5.0984     5.1006   3.304133   3.304207    34.1270    34.1256     0.7018     0.6148    7.09804    -0.0387     0.1969    95.1972      27970          2  0.000e+00
          0    565.645    560.320   44.37224 -124.95106     5.0985     5.1004   3.304145   3.304179    34.1270    34.1254     0.7018     0.6149    7.09803    -0.0314     0.1969    95.1972      27971          2  0.000e+00
          0    565.593    560.268   44.37224 -124.95106     5.0987     5.1003   3.304163   3.304207    34.1270    34.1259     0.7018     0.6144    7.09798    -0.0314     0.1957    95.2243      27972          2  0.000e+00
          0    565.683    560.358   44.37224 -124.95106     5.0984     5.1004   3.304193   3.304221    34.1276    34.1259     0.7018     0.6139    7.09801    -0.0387     0.1946    95.2515      27973          2  0.000e+00
          0    565.645    560.320   44.37224 -124.95106     5.0988     5.1004   3.304169   3.304221    34.1270    34.1259     0.7006     0.6091    7.09798    -0.0387     0.1957    95.2243      27974          2  0.000e+00
          0    565.645    560.321   44.37224 -124.95106     5.0984     5.1003   3.304145   3.304221    34.1271    34.1261     0.7018     0.6135    7.09804    -0.0314     0.1992    95.1428      27975          2  0.000e+00
          0    565.645    560.321   44.37224 -124.95106     5.0987     5.1003   3.304145   3.304200    34.1268    34.1258     0.7018     0.6136    7.09800    -0.0314     0.1992    95.1428      27976          2  0.000e+00
          0    565.683    560.358   44.37224 -124.95106     5.0986     5.1004   3.304145   3.304196    34.1269    34.1256     0.7006     0.6089    7.09801    -0.0314     0.1980    95.1700      27977          2  0.000e+00
          0    565.705    560.380   44.37224 -124.95106     5.0984     5.1003   3.304163   3.304252    34.1273    34.1264     0.7018     0.6132    7.09803    -0.0314     0.1957    95.2243      27978          2  0.000e+00
          0    565.645    560.321   44.37224 -124.95106     5.0984     5.1004   3.304103   3.304231    34.1266    34.1260     0.7018     0.6127    7.09806    -0.0387     0.1946    95.2515      27979          2  0.000e+00
          0    565.683    560.358   44.37224 -124.95106     5.0982     5.1006   3.304115   3.304221    34.1269    34.1257     0.7018     0.6128    7.09807    -0.0387     0.1935    95.2787      27980          2  0.000e+00
          0    565.705    560.380   44.37224 -124.95106     5.0983     5.1003   3.304091   3.304221    34.1266    34.1260     0.7006     0.6081    7.09808    -0.0387     0.1946    95.2515      27981          2  0.000e+00
          0    565.705    560.380   44.37224 -124.95106     5.0982     5.1006   3.304127   3.304221    34.1270    34.1257     0.7018     0.6124    7.09807    -0.0387     0.1946    95.2515      27982          2  0.000e+00
          0    565.683    560.358   44.37224 -124.95106     5.0981     5.1004   3.304121   3.304221    34.1271    34.1259     0.7018     0.6126    7.09809    -0.0387     0.1946    95.2515      27983          2  0.000e+00
          0    565.705    560.380   44.37224 -124.95106     5.0983     5.1004   3.304133   3.304200    34.1270    34.1256     0.7018     0.6127    7.09806    -0.0314     0.1946    95.2515      27984          2  0.000e+00
          0    565.645    560.321   44.37224 -124.95106     5.0982     5.1006   3.304145   3.304231    34.1273    34.1259     0.7018     0.6128    7.09806    -0.0314     0.1935    95.2787      27985          2  0.000e+00
          0    565.736    560.410   44.37224 -124.95106     5.0984     5.1006   3.304109   3.304224    34.1266    34.1258     0.7018     0.6129    7.09806    -0.0314     0.1935    95.2787      27986          2  0.000e+00
          0    565.645    560.321   44.37224 -124.95106     5.0981     5.1008   3.304109   3.304238    34.1270    34.1257     0.7018     0.6131    7.09809    -0.0314     0.1957    95.2243      27987          2  0.000e+00
          0    565.706    560.380   44.37224 -124.95106     5.0979     5.1006   3.304133   3.304245    34.1274    34.1260     0.7018     0.6132    7.09810    -0.0314     0.1992    95.1428      27988          2  0.000e+00
          0    565.683    560.358   44.37224 -124.95106     5.0979     5.1009   3.304121   3.304245    34.1273    34.1257     0.7018     0.6133    7.09811    -0.0387     0.1980    95.1700      27989          2  0.000e+00
          0    565.706    560.380   44.37224 -124.95106     5.0978     5.1004   3.304091   3.304224    34.1271    34.1259     0.7018     0.6134    7.09814    -0.0387     0.1946    95.2515      27990          2  0.000e+00
          0    565.706    560.380   44.37224 -124.95106     5.0978     5.1007   3.304127   3.304238    34.1275    34.1258     0.7018     0.6136    7.09813    -0.0314     0.1935    95.2787      27991          2  0.000e+00
          0    565.683    560.358   44.37224 -124.95106     5.0981     5.1006   3.304121   3.304266    34.1271    34.1263     0.7018     0.6137    7.09809    -0.0314     0.1912    95.3330      27992          2  0.000e+00
          0    565.706    560.380   44.37224 -124.95106     5.0981     5.1007   3.304121   3.304252    34.1271    34.1259     0.7018     0.6138    7.09809    -0.0387     0.1900    95.3602      27993          2  0.000e+00
          0    565.646    560.321   44.37224 -124.95106     5.0980     5.1008   3.304115   3.304224    34.1272    34.1256     0.7018     0.6139    7.09810    -0.0314     0.1900    95.3602      27994          2  0.000e+00
          0    565.706    560.380   44.37224 -124.95106     5.0982     5.1004   3.304157   3.304221    34.1274    34.1259     0.7018     0.6140    7.09805    -0.0314     0.1889    95.3874      27995          2  0.000e+00
          0    565.623    560.299   44.37224 -124.95106     5.0981     5.1007   3.304151   3.304200    34.1275    34.1254     0.7018     0.6142    7.09807    -0.0387     0.1900    95.3602      27996          2  0.000e+00
          0    565.706    560.380   44.37224 -124.95106     5.0983     5.1006   3.304121   3.304214    34.1269    34.1257     0.7018     0.6143    7.09806    -0.0314     0.1923    95.3059      27997          2  0.000e+00
          0    565.646    560.321   44.37224 -124.95106     5.0982     5.1008   3.304115   3.304221    34.1269    34.1255     0.7018     0.6144    7.09807    -0.0314     0.1946    95.2515      27998          2  0.000e+00
          0    565.683    560.358   44.37224 -124.95106     5.0984     5.1004   3.304121   3.304221    34.1268    34.1259     0.7018     0.6145    7.09805    -0.0314     0.1957    95.2243      27999          2  0.000e+00
          0    565.593    560.269   44.37224 -124.95106     5.0983     5.1004   3.304139   3.304221    34.1272    34.1259     0.7018     0.6140    7.09805    -0.0314     0.1946    95.2515      28000          2  0.000e+00
          0    565.706    560.381   44.37224 -124.95106     5.0984     5.1007   3.304121   3.304200    34.1268    34.1254     0.7018     0.6135    7.09805    -0.0387     0.1946    95.2515      28001          2  0.000e+00
