TN422/CTD Data/TN-422_CTD-001.ros
* Sea-Bird SBE 9 Data File:
* FileName = C:\data\TN422\TN-422_CTD_01.hex
* Software Version Seasave V 7.26.7.107
* Temperature SN = 2195
* Conductivity SN = 2903
* Number of Bytes Per Scan = 41
* Number of Voltage Words = 4
* Number of Scans Averaged by the Deck Unit = 1
* NMEA Latitude = 44 22.29 N
* NMEA Longitude = 124 57.69 W
* NMEA UTC (Time) = Aug 15 2023  06:40:20
* NMEA baud rate = 4800
** Cruise: TN-422
** Cast: CTD-001
** Location: 500 m downcurrent of SP
** Date: Aug 15, 2023
** Water Depth: 582
** Operator: JN
# nquan = 20
# nvalues = 2328                                  
# units = specified
# name 0 = modError: Modulo Error Count
# name 1 = prDM: Pressure, Digiquartz [db]
# name 2 = depSM: Depth [salt water, m]
# name 3 = latitude: Latitude [deg]
# name 4 = longitude: Longitude [deg]
# name 5 = t090C: Temperature [ITS-90, deg C]
# name 6 = t190C: Temperature, 2 [ITS-90, deg C]
# name 7 = c0S/m: Conductivity [S/m]
# name 8 = c1S/m: Conductivity, 2 [S/m]
# name 9 = sal00: Salinity, Practical [PSU]
# name 10 = sal11: Salinity, Practical, 2 [PSU]
# name 11 = sbeox0V: Oxygen raw, SBE 43 [V]
# name 12 = sbeox0ML/L: Oxygen, SBE 43 [ml/l]
# name 13 = oxsolML/L: Oxygen Saturation, Garcia & Gordon [ml/l]
# name 14 = flECO-AFL: Fluorescence, WET Labs ECO-AFL/FL [mg/m^3]
# name 15 = CStarAt0: Beam Attenuation, WET Labs C-Star [1/m]
# name 16 = CStarTr0: Beam Transmission, WET Labs C-Star [%]
# name 17 = scan: Scan Count
# name 18 = nbf: Bottles Fired
# name 19 = flag:  0.000e+00
# interval = seconds: 0.0416667
# start_time = Aug 15 2023 06:40:20 [NMEA time, header]
# bad_flag = -9.990e-29
*END*
[from data line 73]
          0    221.119    219.220   44.37156 -124.96152     7.3101     7.3212   3.472890   3.473489    33.9724    33.9680     1.1497     1.9433    6.74881    -0.0460     0.0489    98.7847      30353          1  0.000e+00
          0    221.119    219.220   44.37156 -124.96152     7.3113     7.3216   3.472994   3.473507    33.9724    33.9679     1.1497     1.9430    6.74864    -0.0460     0.0489    98.7847      30354          1  0.000e+00
          0    221.060    219.161   44.37156 -124.96152     7.3120     7.3212   3.473018   3.473493    33.9719    33.9681     1.1497     1.9427    6.74854    -0.0460     0.0489    98.7847      30355          1  0.000e+00
          0    221.164    219.264   44.37156 -124.96152     7.3127     7.3214   3.473018   3.473468    33.9713    33.9676     1.1497     1.9430    6.74847    -0.0460     0.0489    98.7847      30356          1  0.000e+00
          0    221.172    219.272   44.37156 -124.96152     7.3128     7.3202   3.473037   3.473418    33.9713    33.9682     1.1497     1.9432    6.74844    -0.0460     0.0489    98.7847      30357          1  0.000e+00
          0    221.119    219.220   44.37156 -124.96152     7.3130     7.3202   3.473024   3.473365    33.9710    33.9677     1.1497     1.9431    6.74843    -0.0460     0.0489    98.7847      30358          1  0.000e+00
          0    221.224    219.323   44.37156 -124.96152     7.3132     7.3194   3.473037   3.473355    33.9710    33.9683     1.1497     1.9425    6.74841    -0.0533     0.0489    98.7847      30359          1  0.000e+00
          0    221.172    219.272   44.37156 -124.96152     7.3130     7.3193   3.473024   3.473372    33.9710    33.9686     1.1497     1.9424    6.74843    -0.0533     0.0489    98.7847      30360          1  0.000e+00
          0    221.216    219.316   44.37156 -124.96152     7.3132     7.3193   3.473037   3.473358    33.9710    33.9685     1.1497     1.9419    6.74841    -0.0533     0.0489    98.7847      30361          1  0.000e+00
          0    221.224    219.323   44.37156 -124.96152     7.3128     7.3191   3.472976   3.473333    33.9706    33.9684     1.1497     1.9418    6.74847    -0.0533     0.0489    98.7847      30362          1  0.000e+00
          0    221.284    219.382   44.37156 -124.96152     7.3120     7.3191   3.472976   3.473365    33.9714    33.9687     1.1497     1.9418    6.74856    -0.0460     0.0489    98.7847      30363          1  0.000e+00
          0    221.284    219.382   44.37156 -124.96152     7.3119     7.3194   3.472915   3.473337    33.9709    33.9681     1.1497     1.9417    6.74861    -0.0460     0.0478    98.8119      30364          1  0.000e+00
          0    221.284    219.382   44.37156 -124.96152     7.3119     7.3192   3.472964   3.473348    33.9714    33.9684     1.1497     1.9421    6.74859    -0.0460     0.0478    98.8119      30365          1  0.000e+00
          0    221.336    219.434   44.37156 -124.96152     7.3119     7.3189   3.472982   3.473355    33.9716    33.9687     1.1497     1.9422    6.74858    -0.0460     0.0478    98.8119      30366          1  0.000e+00
          0    221.328    219.427   44.37156 -124.96152     7.3120     7.3187   3.472957   3.473312    33.9712    33.9685     1.1497     1.9417    6.74857    -0.0460     0.0478    98.8119      30367          1  0.000e+00
          0    221.336    219.434   44.37156 -124.96152     7.3117     7.3186   3.472909   3.473298    33.9709    33.9684     1.1497     1.9413    6.74863    -0.0460     0.0478    98.8119      30368          1  0.000e+00
          0    221.395    219.493   44.37156 -124.96152     7.3111     7.3184   3.472842   3.473298    33.9708    33.9686     1.1509     1.9456    6.74874    -0.0460     0.0478    98.8119      30369          1  0.000e+00
          0    221.395    219.493   44.37156 -124.96152     7.3111     7.3184   3.472854   3.473298    33.9709    33.9686     1.1509     1.9461    6.74873    -0.0460     0.0489    98.7847      30370          1  0.000e+00
          0    221.448    219.545   44.37156 -124.96152     7.3105     7.3180   3.472836   3.473298    33.9713    33.9690     1.1509     1.9466    6.74881    -0.0460     0.0478    98.8119      30371          1  0.000e+00
          0    221.440    219.538   44.37156 -124.96152     7.3103     7.3179   3.472830   3.473256    33.9714    33.9686     1.1509     1.9470    6.74883    -0.0460     0.0489    98.7847      30372          1  0.000e+00
          0    221.448    219.545   44.37156 -124.96152     7.3103     7.3181   3.472854   3.473284    33.9717    33.9687     1.1509     1.9475    6.74882    -0.0460     0.0489    98.7847      30373          1  0.000e+00
          0    221.500    219.597   44.37156 -124.96152     7.3100     7.3181   3.472793   3.473319    33.9713    33.9691     1.1497     1.9438    6.74889    -0.0460     0.0489    98.7847      30374          1  0.000e+00
          0    221.448    219.545   44.37156 -124.96152     7.3089     7.3184   3.472744   3.473326    33.9719    33.9689     1.1509     1.9485    6.74903    -0.0460     0.0489    98.7847      30375          1  0.000e+00
          0    221.560    219.656   44.37156 -124.96152     7.3081     7.3191   3.472665   3.473369    33.9718    33.9686     1.1509     1.9491    6.74916    -0.0533     0.0489    98.7847      30376          1  0.000e+00
          0    222.218    220.308   44.37156 -124.96152     7.3060     7.3062   3.472537   3.472530    33.9721    33.9718     1.1497     1.9479    6.74946    -0.0387     0.0478    98.8119      30690          2  0.000e+00
          0    222.322    220.411   44.37156 -124.96152     7.3060     7.3044   3.472562   3.472449    33.9723    33.9726     1.1509     1.9520    6.74946    -0.0460     0.0489    98.7847      30691          2  0.000e+00
          0    222.277    220.367   44.37156 -124.96152     7.3061     7.3037   3.472555   3.472396    33.9721    33.9727     1.1509     1.9522    6.74944    -0.0387     0.0489    98.7847      30692          2  0.000e+00
          0    222.329    220.419   44.37156 -124.96152     7.3061     7.3037   3.472574   3.472364    33.9723    33.9724     1.1509     1.9524    6.74943    -0.0387     0.0489    98.7847      30693          2  0.000e+00
          0    222.330    220.419   44.37156 -124.96152     7.3058     7.3044   3.472556   3.472378    33.9724    33.9718     1.1509     1.9521    6.74948    -0.0387     0.0500    98.7575      30694          2  0.000e+00
          0    222.330    220.419   44.37156 -124.96152     7.3060     7.3055   3.472501   3.472424    33.9716    33.9713     1.1497     1.9476    6.74948    -0.0460     0.0489    98.7847      30695          2  0.000e+00
          0    222.374    220.463   44.37156 -124.96152     7.3058     7.3060   3.472562   3.472417    33.9724    33.9707     1.1509     1.9516    6.74947    -0.0387     0.0489    98.7847      30696          2  0.000e+00
          0    222.382    220.471   44.37156 -124.96154     7.3061     7.3047   3.472556   3.472307    33.9721    33.9708     1.1521     1.9560    6.74944    -0.0460     0.0489    98.7847      30697          2  0.000e+00
          0    222.382    220.471   44.37156 -124.96154     7.3060     7.3032   3.472531   3.472212    33.9720    33.9712     1.1509     1.9524    6.74947    -0.0460     0.0489    98.7847      30698          2  0.000e+00
          0    222.382    220.471   44.37156 -124.96154     7.3060     7.3027   3.472543   3.472134    33.9721    33.9709     1.1509     1.9526    6.74947    -0.0460     0.0489    98.7847      30699          2  0.000e+00
          0    222.441    220.530   44.37156 -124.96154     7.3061     7.3010   3.472525   3.472095    33.9717    33.9721     1.1497     1.9480    6.74946    -0.0460     0.0489    98.7847      30700          2  0.000e+00
          0    222.434    220.522   44.37156 -124.96154     7.3063     7.3004   3.472568   3.472067    33.9720    33.9723     1.1497     1.9473    6.74942    -0.0533     0.0478    98.8119      30701          2  0.000e+00
          0    222.382    220.471   44.37156 -124.96154     7.3063     7.3001   3.472580   3.472081    33.9722    33.9728     1.1509     1.9508    6.74941    -0.0533     0.0478    98.8119      30702          2  0.000e+00
          0    222.442    220.530   44.37156 -124.96154     7.3061     7.3000   3.472562   3.472148    33.9721    33.9736     1.1497     1.9467    6.74944    -0.0460     0.0478    98.8119      30703          2  0.000e+00
          0    222.442    220.530   44.37156 -124.96154     7.3061     7.3011   3.472525   3.472187    33.9717    33.9730     1.1497     1.9464    6.74946    -0.0533     0.0478    98.8119      30704          2  0.000e+00
          0    222.442    220.530   44.37156 -124.96154     7.3058     7.3018   3.472495   3.472194    33.9717    33.9724     1.1497     1.9462    6.74951    -0.0460     0.0478    98.8119      30705          2  0.000e+00
          0    222.434    220.523   44.37156 -124.96154     7.3053     7.3020   3.472513   3.472194    33.9724    33.9721     1.1509     1.9502    6.74955    -0.0460     0.0478    98.8119      30706          2  0.000e+00
          0    222.442    220.530   44.37156 -124.96154     7.3050     7.3021   3.472495   3.472173    33.9725    33.9718     1.1509     1.9504    6.74960    -0.0460     0.0478    98.8119      30707          2  0.000e+00
          0    222.442    220.530   44.37156 -124.96154     7.3051     7.3026   3.472488   3.472148    33.9723    33.9711     1.1509     1.9506    6.74959    -0.0460     0.0478    98.8119      30708          2  0.000e+00
          0    222.494    220.582   44.37156 -124.96154     7.3047     7.3025   3.472489   3.472201    33.9727    33.9717     1.1509     1.9504    6.74964    -0.0460     0.0478    98.8119      30709          2  0.000e+00
          0    222.434    220.523   44.37156 -124.96154     7.3049     7.3026   3.472488   3.472180    33.9726    33.9714     1.1497     1.9458    6.74962    -0.0460     0.0478    98.8119      30710          2  0.000e+00
          0    222.442    220.530   44.37156 -124.96154     7.3046     7.3027   3.472446   3.472187    33.9724    33.9714     1.1497     1.9451    6.74967    -0.0533     0.0467    98.8391      30711          2  0.000e+00
          0    222.442    220.530   44.37156 -124.96154     7.3046     7.3026   3.472428   3.472237    33.9722    33.9720     1.1497     1.9448    6.74968    -0.0533     0.0478    98.8119      30712          2  0.000e+00
          0    222.442    220.530   44.37156 -124.96154     7.3036     7.3025   3.472330   3.472187    33.9721    33.9716     1.1509     1.9489    6.74983    -0.0460     0.0478    98.8119      30713          2  0.000e+00
          0    222.442    220.530   44.37156 -124.96154     7.3030     7.3027   3.472324   3.472208    33.9726    33.9717     1.1509     1.9491    6.74991    -0.0460     0.0478    98.8119      30714          2  0.000e+00
          0    222.434    220.523   44.37156 -124.96154     7.3028     7.3026   3.472330   3.472201    33.9729    33.9717     1.1497     1.9451    6.74992    -0.0460     0.0478    98.8119      30715          2  0.000e+00
          0    222.382    220.471   44.37156 -124.96154     7.3030     7.3027   3.472379   3.472212    33.9733    33.9717     1.1497     1.9448    6.74988    -0.0460     0.0478    98.8119      30716          2  0.000e+00
          0    222.442    220.530   44.37156 -124.96154     7.3030     7.3026   3.472373   3.472198    33.9732    33.9716     1.1497     1.9451    6.74988    -0.0460     0.0478    98.8119      30717          2  0.000e+00
          0    222.382    220.471   44.37156 -124.96154     7.3031     7.3013   3.472367   3.472134    33.9730    33.9722     1.1497     1.9445    6.74987    -0.0533     0.0478    98.8119      30718          2  0.000e+00
          0    222.442    220.530   44.37156 -124.96154     7.3034     7.3003   3.472385   3.472032    33.9728    33.9721     1.1497     1.9443    6.74983    -0.0460     0.0478    98.8119      30719          2  0.000e+00
          0    222.375    220.464   44.37156 -124.96154     7.3034     7.2987   3.472397   3.471943    33.9730    33.9727     1.1509     1.9484    6.74982    -0.0533     0.0478    98.8119      30720          2  0.000e+00
          0    222.382    220.471   44.37156 -124.96154     7.3036     7.2968   3.472373   3.471805    33.9726    33.9731     1.1497     1.9444    6.74981    -0.0533     0.0489    98.7847      30721          2  0.000e+00
          0    222.330    220.419   44.37156 -124.96154     7.3034     7.2969   3.472385   3.471784    33.9729    33.9727     1.1497     1.9443    6.74982    -0.0460     0.0489    98.7847      30722          2  0.000e+00
          0    222.382    220.471   44.37156 -124.96154     7.3033     7.2986   3.472373   3.471929    33.9729    33.9726     1.1497     1.9442    6.74985    -0.0460     0.0489    98.7847      30723          2  0.000e+00
          0    222.330    220.419   44.37156 -124.96154     7.3028     7.3003   3.472318   3.472060    33.9728    33.9724     1.1497     1.9441    6.74993    -0.0460     0.0478    98.8119      30724          2  0.000e+00
          0    222.263    220.353   44.37156 -124.96154     7.3028     7.3010   3.472348   3.472127    33.9731    33.9725     1.1497     1.9440    6.74990    -0.0460     0.0489    98.7847      30725          2  0.000e+00
          0    222.330    220.419   44.37156 -124.96154     7.3028     7.3013   3.472293   3.472141    33.9725    33.9723     1.1497     1.9440    6.74994    -0.0460     0.0478    98.8119      30726          2  0.000e+00
          0    222.278    220.368   44.37156 -124.96154     7.3023     7.3013   3.472293   3.472099    33.9730    33.9719     1.1497     1.9439    6.74999    -0.0460     0.0478    98.8119      30727          2  0.000e+00
          0    222.278    220.368   44.37156 -124.96154     7.3025     7.3011   3.472324   3.472088    33.9732    33.9719     1.1497     1.9439    6.74996    -0.0460     0.0489    98.7847      30728          2  0.000e+00
          0    222.263    220.353   44.37156 -124.96154     7.3028     7.3011   3.472354   3.472085    33.9732    33.9720     1.1497     1.9439    6.74991    -0.0460     0.0489    98.7847      30729          2  0.000e+00
          0    222.218    220.308   44.37156 -124.96154     7.3033     7.3011   3.472367   3.472063    33.9729    33.9717     1.1485     1.9396    6.74985    -0.0460     0.0489    98.7847      30730          2  0.000e+00
          0    222.166    220.257   44.37156 -124.96154     7.3034     7.3011   3.472336   3.472081    33.9724    33.9719     1.1485     1.9388    6.74984    -0.0533     0.0489    98.7847      30731          2  0.000e+00
          0    222.218    220.308   44.37156 -124.96154     7.3033     7.3011   3.472287   3.472067    33.9720    33.9718     1.1485     1.9384    6.74988    -0.0533     0.0478    98.8119      30732          2  0.000e+00
          0    222.106    220.198   44.37156 -124.96154     7.3030     7.3008   3.472269   3.472081    33.9722    33.9722     1.1485     1.9381    6.74993    -0.0533     0.0478    98.8119      30733          2  0.000e+00
          0    222.158    220.249   44.37156 -124.96154     7.3025     7.3011   3.472269   3.472067    33.9726    33.9718     1.1485     1.9378    6.74998    -0.0460     0.0478    98.8119      30734          2  0.000e+00
          0    222.166    220.257   44.37156 -124.96154     7.3026     7.3006   3.472269   3.471996    33.9725    33.9715     1.1485     1.9375    6.74996    -0.0460     0.0489    98.7847      30735          2  0.000e+00
          0    221.942    220.035   44.37156 -124.96154     7.3022     7.2992   3.472269   3.471936    33.9731    33.9723     1.1485     1.9373    6.75001    -0.0460     0.0478    98.8119      30736          2  0.000e+00
