TN422/CTD Data/TN-422_CTD-001.ros
* Sea-Bird SBE 9 Data File:
* FileName = C:\data\TN422\TN-422_CTD_01.hex
* Software Version Seasave V 7.26.7.107
* Temperature SN = 2195
* Conductivity SN = 2903
* Number of Bytes Per Scan = 41
* Number of Voltage Words = 4
* Number of Scans Averaged by the Deck Unit = 1
* NMEA Latitude = 44 22.29 N
* NMEA Longitude = 124 57.69 W
* NMEA UTC (Time) = Aug 15 2023  06:40:20
* NMEA baud rate = 4800
** Cruise: TN-422
** Cast: CTD-001
** Location: 500 m downcurrent of SP
** Date: Aug 15, 2023
** Water Depth: 582
** Operator: JN
# nquan = 20
# nvalues = 2328                                  
# units = specified
# name 0 = modError: Modulo Error Count
# name 1 = prDM: Pressure, Digiquartz [db]
# name 2 = depSM: Depth [salt water, m]
# name 3 = latitude: Latitude [deg]
# name 4 = longitude: Longitude [deg]
# name 5 = t090C: Temperature [ITS-90, deg C]
# name 6 = t190C: Temperature, 2 [ITS-90, deg C]
# name 7 = c0S/m: Conductivity [S/m]
# name 8 = c1S/m: Conductivity, 2 [S/m]
# name 9 = sal00: Salinity, Practical [PSU]
# name 10 = sal11: Salinity, Practical, 2 [PSU]
# name 11 = sbeox0V: Oxygen raw, SBE 43 [V]
# name 12 = sbeox0ML/L: Oxygen, SBE 43 [ml/l]
# name 13 = oxsolML/L: Oxygen Saturation, Garcia & Gordon [ml/l]
# name 14 = flECO-AFL: Fluorescence, WET Labs ECO-AFL/FL [mg/m^3]
# name 15 = CStarAt0: Beam Attenuation, WET Labs C-Star [1/m]
# name 16 = CStarTr0: Beam Transmission, WET Labs C-Star [%]
# name 17 = scan: Scan Count
# name 18 = nbf: Bottles Fired
# name 19 = flag:  0.000e+00
# interval = seconds: 0.0416667
# start_time = Aug 15 2023 06:40:20 [NMEA time, header]
# bad_flag = -9.990e-29
*END*
[from data line 1666]
          0     60.927     60.427   44.37156 -124.96150     8.9755     8.9785   3.512638   3.512239    32.8840    32.8771     2.1496     4.7894    6.54685     0.2690     0.0346    99.1380      52914         18  0.000e+00
          0     60.875     60.375   44.37156 -124.96150     8.9755     8.9790   3.512657   3.512253    32.8842    32.8768     2.1496     4.7888    6.54684     0.2837     0.0346    99.1380      52915         18  0.000e+00
          0     60.875     60.375   44.37156 -124.96150     8.9754     8.9788   3.512669   3.512239    32.8845    32.8769     2.1496     4.7882    6.54685     0.3056     0.0368    99.0837      52916         18  0.000e+00
          0     60.875     60.375   44.37156 -124.96150     8.9755     8.9791   3.512675   3.512232    32.8844    32.8765     2.1496     4.7875    6.54683     0.3056     0.0390    99.0293      52917         18  0.000e+00
          0     60.875     60.375   44.37156 -124.96150     8.9754     8.9790   3.512687   3.512253    32.8846    32.8768     2.1496     4.7873    6.54684     0.3130     0.0390    99.0293      52918         18  0.000e+00
          0     60.875     60.375   44.37156 -124.96150     8.9755     8.9791   3.512675   3.512260    32.8844    32.8768     2.1496     4.7871    6.54683     0.3056     0.0379    99.0565      52919         18  0.000e+00
          0     60.875     60.375   44.37156 -124.96150     8.9752     8.9790   3.512638   3.512338    32.8843    32.8777     2.1496     4.7869    6.54688     0.3056     0.0368    99.0837      52920         18  0.000e+00
          0     60.875     60.376   44.37156 -124.96150     8.9754     8.9790   3.512638   3.512388    32.8841    32.8782     2.1496     4.7866    6.54687     0.3056     0.0357    99.1108      52921         18  0.000e+00
          0     60.875     60.376   44.37156 -124.96150     8.9759     8.9790   3.512608   3.512417    32.8833    32.8785     2.1484     4.7824    6.54682     0.3056     0.0346    99.1380      52922         18  0.000e+00
          0     60.816     60.317   44.37156 -124.96150     8.9761     8.9786   3.512583   3.512424    32.8830    32.8789     2.1496     4.7857    6.54682     0.3056     0.0335    99.1652      52923         18  0.000e+00
          0     60.875     60.376   44.37156 -124.96150     8.9762     8.9788   3.512522   3.512442    32.8822    32.8789     2.1484     4.7815    6.54683     0.3056     0.0335    99.1652      52924         18  0.000e+00
          0     60.816     60.317   44.37156 -124.96150     8.9761     8.9785   3.512510   3.512449    32.8822    32.8793     2.1471     4.7770    6.54685     0.3056     0.0335    99.1652      52925         18  0.000e+00
          0     60.816     60.317   44.37156 -124.96150     8.9764     8.9786   3.512534   3.512427    32.8822    32.8790     2.1471     4.7760    6.54681     0.3056     0.0324    99.1924      52926         18  0.000e+00
          0     60.816     60.317   44.37156 -124.96150     8.9762     8.9790   3.512583   3.512441    32.8828    32.8788     2.1471     4.7751    6.54680     0.3056     0.0324    99.1924      52927         18  0.000e+00
          0     60.875     60.376   44.37156 -124.96150     8.9761     8.9788   3.512559   3.512470    32.8827    32.8793     2.1471     4.7742    6.54683     0.3056     0.0324    99.1924      52928         18  0.000e+00
          0     60.764     60.265   44.37156 -124.96150     8.9762     8.9785   3.512540   3.512498    32.8824    32.8799     2.1471     4.7733    6.54682     0.3056     0.0324    99.1924      52929         18  0.000e+00
          0     60.816     60.317   44.37156 -124.96150     8.9764     8.9783   3.512522   3.512484    32.8820    32.8799     2.1471     4.7725    6.54681     0.3056     0.0335    99.1652      52930         18  0.000e+00
          0     60.816     60.317   44.37156 -124.96150     8.9761     8.9785   3.512553   3.512477    32.8827    32.8796     2.1471     4.7722    6.54683     0.3056     0.0324    99.1924      52931         18  0.000e+00
          0     60.764     60.265   44.37156 -124.96150     8.9761     8.9780   3.512626   3.512477    32.8834    32.8801     2.1471     4.7718    6.54680     0.3056     0.0324    99.1924      52932         18  0.000e+00
          0     60.816     60.317   44.37156 -124.96150     8.9755     8.9778   3.512608   3.512516    32.8837    32.8807     2.1471     4.7716    6.54686     0.3056     0.0324    99.1924      52933         18  0.000e+00
          0     60.764     60.265   44.37156 -124.96150     8.9759     8.9785   3.512534   3.512509    32.8826    32.8800     2.1471     4.7713    6.54686     0.3056     0.0324    99.1924      52934         18  0.000e+00
          0     60.816     60.317   44.37156 -124.96150     8.9759     8.9781   3.512418   3.512523    32.8814    32.8804     2.1459     4.7672    6.54691     0.3056     0.0324    99.1924      52935         18  0.000e+00
          0     60.764     60.265   44.37156 -124.96150     8.9767     8.9781   3.512314   3.512509    32.8796    32.8803     2.1471     4.7706    6.54687     0.3056     0.0324    99.1924      52936         18  0.000e+00
          0     60.764     60.265   44.37156 -124.96150     8.9771     8.9781   3.512222   3.512545    32.8782    32.8807     2.1471     4.7705    6.54686     0.3056     0.0324    99.1924      52937         18  0.000e+00
          0     60.704     60.206   44.37156 -124.96150     8.9775     8.9781   3.512173   3.512516    32.8774    32.8804     2.1471     4.7704    6.54684     0.3130     0.0335    99.1652      52938         18  0.000e+00
          0     60.764     60.265   44.37156 -124.96150     8.9781     8.9781   3.512124   3.512545    32.8763    32.8807     2.1471     4.7705    6.54680     0.3203     0.0335    99.1652      52939         18  0.000e+00
          0     60.764     60.265   44.37156 -124.96150     8.9783     8.9778   3.512148   3.512559    32.8764    32.8811     2.1459     4.7665    6.54677     0.3276     0.0335    99.1652      52940         18  0.000e+00
          0     60.704     60.206   44.37156 -124.96150     8.9781     8.9781   3.512124   3.512538    32.8763    32.8806     2.1459     4.7662    6.54680     0.3349     0.0335    99.1652      52941         18  0.000e+00
          0     60.704     60.206   44.37156 -124.96150     8.9783     8.9780   3.512106   3.512530    32.8760    32.8807     2.1471     4.7700    6.54679     0.3349     0.0335    99.1652      52942         18  0.000e+00
          0     60.764     60.265   44.37156 -124.96150     8.9786     8.9778   3.512057   3.512552    32.8751    32.8811     2.1471     4.7699    6.54677     0.3276     0.0335    99.1652      52943         18  0.000e+00
          0     60.652     60.155   44.37156 -124.96150     8.9788     8.9778   3.512063   3.512538    32.8751    32.8810     2.1459     4.7657    6.54676     0.3276     0.0335    99.1652      52944         18  0.000e+00
          0     60.764     60.265   44.37156 -124.96150     8.9790     8.9777   3.512026   3.512552    32.8745    32.8812     2.1471     4.7693    6.54675     0.3276     0.0335    99.1652      52945         18  0.000e+00
          0     60.652     60.155   44.37156 -124.96150     8.9790     8.9777   3.512014   3.512580    32.8744    32.8815     2.1459     4.7652    6.54676     0.3276     0.0335    99.1652      52946         18  0.000e+00
          0     60.704     60.206   44.37156 -124.96150     8.9791     8.9778   3.511983   3.512566    32.8740    32.8812     2.1459     4.7652    6.54676     0.3276     0.0335    99.1652      52947         18  0.000e+00
          0     60.704     60.206   44.37156 -124.96150     8.9790     8.9778   3.511977   3.512559    32.8740    32.8812     2.1447     4.7614    6.54677     0.3276     0.0335    99.1652      52948         18  0.000e+00
          0     60.652     60.155   44.37156 -124.96150     8.9793     8.9777   3.511977   3.512538    32.8738    32.8811     2.1459     4.7650    6.54674     0.3349     0.0346    99.1380      52949         18  0.000e+00
          0     60.652     60.155   44.37156 -124.96150     8.9793     8.9781   3.511934   3.512470    32.8733    32.8799     2.1459     4.7653    6.54676     0.3276     0.0357    99.1108      52950         18  0.000e+00
          0     60.652     60.155   44.37156 -124.96150     8.9793     8.9788   3.511891   3.512406    32.8729    32.8786     2.1459     4.7652    6.54678     0.3276     0.0346    99.1380      52951         18  0.000e+00
          0     60.652     60.155   44.37156 -124.96150     8.9792     8.9790   3.511934   3.512335    32.8734    32.8778     2.1459     4.7651    6.54677     0.3276     0.0335    99.1652      52952         18  0.000e+00
          0     60.600     60.103   44.37156 -124.96150     8.9796     8.9790   3.511928   3.512292    32.8730    32.8774     2.1447     4.7611    6.54673     0.3276     0.0335    99.1652      52953         18  0.000e+00
          0     60.653     60.155   44.37156 -124.96150     8.9794     8.9794   3.511916   3.512182    32.8730    32.8757     2.1447     4.7608    6.54675     0.3276     0.0335    99.1652      52954         18  0.000e+00
          0     60.600     60.103   44.37156 -124.96150     8.9794     8.9796   3.511873   3.512192    32.8726    32.8757     2.1447     4.7605    6.54677     0.3276     0.0335    99.1652      52955         18  0.000e+00
          0     60.653     60.155   44.37156 -124.96150     8.9796     8.9799   3.511879   3.512164    32.8725    32.8751     2.1447     4.7603    6.54675     0.3276     0.0335    99.1652      52956         18  0.000e+00
          0     60.600     60.103   44.37156 -124.96150     8.9796     8.9799   3.511885   3.512150    32.8725    32.8750     2.1459     4.7641    6.54675     0.3276     0.0335    99.1652      52957         18  0.000e+00
          0     60.601     60.103   44.37156 -124.96150     8.9798     8.9803   3.511910   3.512128    32.8726    32.8744     2.1447     4.7600    6.54671     0.3276     0.0335    99.1652      52958         18  0.000e+00
          0     60.601     60.103   44.37156 -124.96150     8.9797     8.9803   3.511916   3.512143    32.8727    32.8746     2.1447     4.7599    6.54672     0.3276     0.0335    99.1652      52959         18  0.000e+00
          0     60.541     60.044   44.37156 -124.96150     8.9796     8.9803   3.511897   3.512150    32.8727    32.8747     2.1459     4.7639    6.54674     0.3349     0.0335    99.1652      52960         18  0.000e+00
          0     60.601     60.103   44.37156 -124.96150     8.9798     8.9803   3.511910   3.512107    32.8726    32.8742     2.1459     4.7644    6.54671     0.3203     0.0324    99.1924      52961         18  0.000e+00
          0     60.541     60.044   44.37156 -124.96150     8.9798     8.9807   3.511873   3.512054    32.8723    32.8733     2.1447     4.7609    6.54673     0.3056     0.0324    99.1924      52962         18  0.000e+00
          0     60.541     60.044   44.37156 -124.96150     8.9799     8.9806   3.511854   3.512000    32.8719    32.8728     2.1447     4.7610    6.54672     0.3056     0.0346    99.1380      52963         18  0.000e+00
          0     60.549     60.052   44.37156 -124.96150     8.9799     8.9809   3.511836   3.512007    32.8717    32.8726     2.1447     4.7613    6.54673     0.3056     0.0357    99.1108      52964         18  0.000e+00
          0     60.541     60.044   44.37156 -124.96150     8.9801     8.9809   3.511824   3.511950    32.8715    32.8720     2.1447     4.7616    6.54672     0.3056     0.0357    99.1108      52965         18  0.000e+00
          0     60.541     60.044   44.37156 -124.96150     8.9797     8.9809   3.511916   3.511933    32.8727    32.8718     2.1447     4.7619    6.54672     0.3056     0.0346    99.1380      52966         18  0.000e+00
          0     60.489     59.993   44.37156 -124.96150     8.9794     8.9810   3.511971   3.511890    32.8736    32.8713     2.1447     4.7623    6.54672     0.3056     0.0346    99.1380      52967         18  0.000e+00
          0     60.489     59.993   44.37156 -124.96150     8.9796     8.9812   3.511977   3.511858    32.8736    32.8708     2.1447     4.7628    6.54670     0.3056     0.0335    99.1652      52968         18  0.000e+00
          0     60.489     59.993   44.37156 -124.96150     8.9794     8.9817   3.511977   3.511851    32.8737    32.8703     2.1447     4.7634    6.54672     0.3056     0.0335    99.1652      52969         18  0.000e+00
          0     60.549     60.052   44.37156 -124.96150     8.9793     8.9822   3.512001   3.511829    32.8741    32.8696     2.1447     4.7641    6.54673     0.3056     0.0346    99.1380      52970         18  0.000e+00
          0     60.489     59.993   44.37156 -124.96150     8.9791     8.9824   3.511989   3.511780    32.8741    32.8689     2.1459     4.7683    6.54675     0.3056     0.0379    99.0565      52971         18  0.000e+00
          0     60.437     59.941   44.37156 -124.96150     8.9791     8.9822   3.512001   3.511769    32.8743    32.8689     2.1447     4.7654    6.54674     0.3056     0.0412    98.9750      52972         18  0.000e+00
          0     60.489     59.993   44.37156 -124.96150     8.9792     8.9825   3.512007   3.511748    32.8742    32.8684     2.1447     4.7658    6.54673     0.3130     0.0423    98.9478      52973         18  0.000e+00
          0     60.437     59.941   44.37156 -124.96150     8.9790     8.9827   3.511958   3.511659    32.8740    32.8674     2.1447     4.7658    6.54678     0.3056     0.0412    98.9750      52974         18  0.000e+00
          0     60.437     59.941   44.37156 -124.96150     8.9791     8.9827   3.511946   3.511634    32.8737    32.8671     2.1447     4.7659    6.54677     0.3056     0.0390    99.0293      52975         18  0.000e+00
          0     60.489     59.993   44.37156 -124.96150     8.9793     8.9830   3.511952   3.511570    32.8736    32.8662     2.1447     4.7660    6.54675     0.3056     0.0379    99.0565      52976         18  0.000e+00
          0     60.437     59.941   44.37156 -124.96150     8.9791     8.9835   3.511922   3.511488    32.8734    32.8648     2.1447     4.7661    6.54678     0.3056     0.0368    99.0837      52977         18  0.000e+00
          0     60.378     59.882   44.37156 -124.96150     8.9794     8.9840   3.511965   3.511449    32.8736    32.8640     2.1447     4.7662    6.54672     0.3056     0.0368    99.0837      52978         18  0.000e+00
          0     60.437     59.941   44.37156 -124.96150     8.9794     8.9843   3.511909   3.511360    32.8730    32.8628     2.1459     4.7704    6.54675     0.3056     0.0368    99.0837      52979         18  0.000e+00
          0     60.437     59.941   44.37156 -124.96150     8.9793     8.9844   3.511909   3.511335    32.8732    32.8625     2.1447     4.7670    6.54677     0.3056     0.0357    99.1108      52980         18  0.000e+00
          0     60.378     59.882   44.37156 -124.96150     8.9796     8.9840   3.511983   3.511271    32.8737    32.8621     2.1459     4.7712    6.54670     0.3056     0.0346    99.1380      52981         18  0.000e+00
          0     60.437     59.941   44.37156 -124.96150     8.9794     8.9843   3.511916   3.511292    32.8731    32.8621     2.1459     4.7719    6.54675     0.3056     0.0346    99.1380      52982         18  0.000e+00
          0     60.378     59.882   44.37156 -124.96150     8.9796     8.9840   3.511891   3.511346    32.8727    32.8629     2.1447     4.7685    6.54674     0.3056     0.0346    99.1380      52983         18  0.000e+00
          0     60.378     59.882   44.37156 -124.96150     8.9798     8.9844   3.511860   3.511317    32.8722    32.8623     2.1459     4.7724    6.54673     0.3056     0.0335    99.1652      52984         18  0.000e+00
