TN422/CTD Data/TN-422_CTD-006.ros
* Sea-Bird SBE 9 Data File:
* FileName = C:\data\TN422\TN-422_CTD_06.hex
* Software Version Seasave V 7.26.7.107
* Temperature SN = 2195
* Conductivity SN = 2903
* Number of Bytes Per Scan = 41
* Number of Voltage Words = 4
* Number of Scans Averaged by the Deck Unit = 1
* NMEA Latitude = 44 22.35 N
* NMEA Longitude = 124 57.08 W
* NMEA UTC (Time) = Sep 11 2023  06:29:27
* NMEA baud rate = 4800
** Cruise: TN-422_CTD_06
** Cast: CTD_03_RS03AXPD
** Location: Endurance Off Shore
** Date: Sep 11, 2023
** Water Depth: 571
** Operator: jn
** Post DP Mooring Re=deployment
# nquan = 20
# nvalues = 2328                                  
# units = specified
# name 0 = modError: Modulo Error Count
# name 1 = prDM: Pressure, Digiquartz [db]
# name 2 = depSM: Depth [salt water, m]
# name 3 = latitude: Latitude [deg]
# name 4 = longitude: Longitude [deg]
# name 5 = t090C: Temperature [ITS-90, deg C]
# name 6 = t190C: Temperature, 2 [ITS-90, deg C]
# name 7 = c0S/m: Conductivity [S/m]
# name 8 = c1S/m: Conductivity, 2 [S/m]
# name 9 = sal00: Salinity, Practical [PSU]
# name 10 = sal11: Salinity, Practical, 2 [PSU]
# name 11 = sbeox0V: Oxygen raw, SBE 43 [V]
# name 12 = sbeox0ML/L: Oxygen, SBE 43 [ml/l]
# name 13 = oxsolML/L: Oxygen Saturation, Garcia & Gordon [ml/l]
# name 14 = flECO-AFL: Fluorescence, WET Labs ECO-AFL/FL [mg/m^3]
# name 15 = CStarAt0: Beam Attenuation, WET Labs C-Star [1/m]
# name 16 = CStarTr0: Beam Transmission, WET Labs C-Star [%]
# name 17 = scan: Scan Count
# name 18 = nbf: Bottles Fired
# name 19 = flag:  0.000e+00
# interval = seconds: 0.0416667
# start_time = Sep 11 2023 06:29:27 [NMEA time, header]
# bad_flag = -9.990e-29
*END*
[from data line 2245]
          0    201.606    199.883   44.37252 -124.95138     7.9339     7.9354   3.527033   3.526937    33.9576    33.9551     1.2637     2.2613    6.65464    -0.0460     0.0291    99.2739      81788         24  0.000e+00
          0    201.613    199.891   44.37252 -124.95138     7.9341     7.9356   3.527021   3.526966    33.9573    33.9552     1.2637     2.2613    6.65463    -0.0460     0.0291    99.2739      81789         24  0.000e+00
          0    201.613    199.891   44.37252 -124.95138     7.9339     7.9357   3.527045   3.526945    33.9577    33.9549     1.2637     2.2613    6.65464    -0.0460     0.0302    99.2467      81790         24  0.000e+00
          0    201.613    199.891   44.37252 -124.95138     7.9344     7.9354   3.527076   3.526895    33.9576    33.9547     1.2637     2.2612    6.65457    -0.0460     0.0291    99.2739      81791         24  0.000e+00
          0    201.666    199.943   44.37252 -124.95138     7.9344     7.9354   3.527058   3.526891    33.9574    33.9546     1.2637     2.2612    6.65458    -0.0460     0.0291    99.2739      81792         24  0.000e+00
          0    201.614    199.891   44.37252 -124.95138     7.9345     7.9351   3.527125   3.526905    33.9580    33.9551     1.2637     2.2611    6.65453    -0.0460     0.0281    99.3011      81793         24  0.000e+00
          0    201.666    199.943   44.37252 -124.95138     7.9346     7.9351   3.527168   3.526877    33.9584    33.9547     1.2637     2.2611    6.65451    -0.0387     0.0281    99.3011      81794         24  0.000e+00
          0    201.718    199.994   44.37252 -124.95138     7.9348     7.9350   3.527199   3.526880    33.9584    33.9549     1.2637     2.2610    6.65447    -0.0387     0.0281    99.3011      81795         24  0.000e+00
          0    201.666    199.943   44.37252 -124.95138     7.9350     7.9350   3.527235   3.526863    33.9587    33.9546     1.2637     2.2610    6.65443    -0.0387     0.0281    99.3011      81796         24  0.000e+00
          0    201.726    200.002   44.37252 -124.95138     7.9353     7.9352   3.527266   3.526905    33.9587    33.9549     1.2637     2.2609    6.65439    -0.0460     0.0281    99.3011      81797         24  0.000e+00
          0    201.726    200.002   44.37252 -124.95138     7.9356     7.9357   3.527315   3.526977    33.9589    33.9552     1.2649     2.2651    6.65433    -0.0460     0.0270    99.3283      81798         24  0.000e+00
          0    201.718    199.995   44.37252 -124.95138     7.9356     7.9359   3.527284   3.526994    33.9586    33.9552     1.2637     2.2613    6.65434    -0.0387     0.0270    99.3283      81799         24  0.000e+00
          0    201.778    200.054   44.37252 -124.95138     7.9359     7.9361   3.527364   3.526980    33.9591    33.9548     1.2649     2.2654    6.65427    -0.0387     0.0281    99.3011      81800         24  0.000e+00
          0    201.778    200.054   44.37252 -124.95138     7.9361     7.9357   3.527401   3.527009    33.9593    33.9555     1.2637     2.2616    6.65424    -0.0387     0.0281    99.3011      81801         24  0.000e+00
          0    201.778    200.054   44.37252 -124.95138     7.9363     7.9361   3.527383   3.527019    33.9590    33.9553     1.2649     2.2656    6.65423    -0.0460     0.0291    99.2739      81802         24  0.000e+00
          0    201.830    200.106   44.37252 -124.95138     7.9364     7.9359   3.527370   3.527009    33.9587    33.9553     1.2649     2.2660    6.65423    -0.0460     0.0291    99.2739      81803         24  0.000e+00
          0    201.838    200.113   44.37252 -124.95138     7.9361     7.9359   3.527340   3.527037    33.9586    33.9556     1.2649     2.2663    6.65427    -0.0387     0.0291    99.2739      81804         24  0.000e+00
          0    201.838    200.113   44.37252 -124.95138     7.9358     7.9359   3.527285   3.527005    33.9584    33.9553     1.2649     2.2667    6.65433    -0.0387     0.0291    99.2739      81805         24  0.000e+00
          0    201.890    200.165   44.37252 -124.95138     7.9358     7.9357   3.527315   3.527002    33.9587    33.9554     1.2649     2.2665    6.65431    -0.0387     0.0291    99.2739      81806         24  0.000e+00
          0    201.882    200.157   44.37252 -124.95138     7.9359     7.9359   3.527309   3.527037    33.9584    33.9556     1.2649     2.2667    6.65430    -0.0460     0.0291    99.2739      81807         24  0.000e+00
          0    201.942    200.217   44.37252 -124.95138     7.9356     7.9359   3.527278   3.527048    33.9584    33.9557     1.2649     2.2666    6.65435    -0.0460     0.0281    99.3011      81808         24  0.000e+00
          0    201.942    200.217   44.37252 -124.95138     7.9356     7.9361   3.527254   3.527094    33.9581    33.9560     1.2649     2.2668    6.65436    -0.0460     0.0291    99.2739      81809         24  0.000e+00
          0    201.942    200.217   44.37252 -124.95138     7.9355     7.9364   3.527285   3.527123    33.9586    33.9560     1.2649     2.2669    6.65436    -0.0460     0.0281    99.3011      81810         24  0.000e+00
          0    201.935    200.209   44.37252 -124.95138     7.9358     7.9364   3.527321   3.527116    33.9587    33.9559     1.2649     2.2671    6.65431    -0.0387     0.0281    99.3011      81811         24  0.000e+00
          0    202.002    200.276   44.37252 -124.95138     7.9357     7.9364   3.527334   3.527144    33.9589    33.9562     1.2649     2.2672    6.65432    -0.0387     0.0281    99.3011      81812         24  0.000e+00
          0    202.054    200.328   44.37252 -124.95138     7.9359     7.9364   3.527383   3.527137    33.9592    33.9561     1.2649     2.2674    6.65427    -0.0387     0.0302    99.2467      81813         24  0.000e+00
          0    202.002    200.276   44.37252 -124.95138     7.9359     7.9366   3.527401   3.527116    33.9594    33.9557     1.2649     2.2675    6.65426    -0.0387     0.0302    99.2467      81814         24  0.000e+00
          0    202.106    200.379   44.37252 -124.95138     7.9359     7.9367   3.527401   3.527123    33.9593    33.9556     1.2661     2.2717    6.65426    -0.0387     0.0291    99.2739      81815         24  0.000e+00
          0    202.054    200.328   44.37252 -124.95138     7.9363     7.9367   3.527377   3.527130    33.9588    33.9557     1.2661     2.2722    6.65424    -0.0387     0.0291    99.2739      81816         24  0.000e+00
          0    202.106    200.379   44.37252 -124.95138     7.9361     7.9367   3.527370   3.527176    33.9588    33.9562     1.2661     2.2731    6.65426    -0.0387     0.0291    99.2739      81817         24  0.000e+00
          0    202.107    200.379   44.37252 -124.95138     7.9365     7.9371   3.527389   3.527183    33.9587    33.9559     1.2661     2.2735    6.65421    -0.0387     0.0291    99.2739      81818         24  0.000e+00
          0    202.159    200.431   44.37252 -124.95138     7.9365     7.9371   3.527420   3.527162    33.9590    33.9557     1.2661     2.2739    6.65420    -0.0387     0.0281    99.3011      81819         24  0.000e+00
          0    202.107    200.380   44.37252 -124.95138     7.9364     7.9369   3.527407   3.527183    33.9590    33.9561     1.2649     2.2701    6.65421    -0.0460     0.0281    99.3011      81820         24  0.000e+00
          0    202.166    200.439   44.37252 -124.95138     7.9365     7.9372   3.527401   3.527248    33.9588    33.9564     1.2649     2.2700    6.65421    -0.0460     0.0281    99.3011      81821         24  0.000e+00
          0    202.219    200.490   44.37252 -124.95138     7.9363     7.9371   3.527401   3.527233    33.9590    33.9564     1.2649     2.2700    6.65423    -0.0460     0.0291    99.2739      81822         24  0.000e+00
          0    202.211    200.483   44.37252 -124.95138     7.9363     7.9372   3.527377   3.527255    33.9587    33.9565     1.2649     2.2698    6.65424    -0.0387     0.0291    99.2739      81823         24  0.000e+00
          0    202.219    200.491   44.37252 -124.95138     7.9363     7.9372   3.527371   3.527244    33.9586    33.9564     1.2661     2.2743    6.65424    -0.0387     0.0291    99.2739      81824         24  0.000e+00
          0    202.278    200.550   44.37252 -124.95138     7.9361     7.9373   3.527389   3.527248    33.9590    33.9563     1.2661     2.2750    6.65425    -0.0387     0.0291    99.2739      81825         24  0.000e+00
          0    202.278    200.550   44.37252 -124.95138     7.9359     7.9377   3.527377   3.527262    33.9590    33.9561     1.2661     2.2753    6.65428    -0.0387     0.0281    99.3011      81826         24  0.000e+00
          0    202.271    200.542   44.37252 -124.95138     7.9363     7.9373   3.527371   3.527244    33.9586    33.9562     1.2649     2.2718    6.65425    -0.0460     0.0281    99.3011      81827         24  0.000e+00
          0    202.331    200.601   44.37252 -124.95138     7.9358     7.9375   3.527297   3.527308    33.9583    33.9567     1.2661     2.2758    6.65433    -0.0460     0.0281    99.3011      81828         24  0.000e+00
          0    202.278    200.550   44.37252 -124.95138     7.9359     7.9377   3.527315   3.527301    33.9584    33.9565     1.2661     2.2759    6.65431    -0.0387     0.0281    99.3011      81829         24  0.000e+00
          0    202.383    200.653   44.37252 -124.95138     7.9356     7.9377   3.527334   3.527301    33.9588    33.9564     1.2661     2.2761    6.65433    -0.0460     0.0291    99.2739      81830         24  0.000e+00
          0    202.323    200.594   44.37252 -124.95138     7.9356     7.9375   3.527334   3.527337    33.9588    33.9570     1.2661     2.2762    6.65433    -0.0460     0.0281    99.3011      81831         24  0.000e+00
          0    202.383    200.653   44.37252 -124.95138     7.9355     7.9377   3.527285   3.527326    33.9584    33.9567     1.2661     2.2763    6.65437    -0.0460     0.0291    99.2739      81832         24  0.000e+00
          0    202.383    200.653   44.37252 -124.95138     7.9356     7.9377   3.527272   3.527308    33.9581    33.9565     1.2661     2.2763    6.65436    -0.0460     0.0291    99.2739      81833         24  0.000e+00
          0    202.331    200.602   44.37252 -124.95138     7.9358     7.9375   3.527321   3.527315    33.9585    33.9567     1.2661     2.2763    6.65432    -0.0460     0.0281    99.3011      81834         24  0.000e+00
          0    202.495    200.764   44.37252 -124.95138     7.9359     7.9373   3.527334   3.527258    33.9584    33.9563     1.2661     2.2763    6.65430    -0.0460     0.0291    99.2739      81835         24  0.000e+00
          0    202.435    200.705   44.37252 -124.95138     7.9359     7.9373   3.527358   3.527287    33.9587    33.9566     1.2661     2.2762    6.65429    -0.0387     0.0291    99.2739      81836         24  0.000e+00
          0    202.443    200.713   44.37252 -124.95138     7.9358     7.9375   3.527389   3.527273    33.9592    33.9562     1.2661     2.2761    6.65429    -0.0387     0.0281    99.3011      81837         24  0.000e+00
          0    202.443    200.713   44.37252 -124.95138     7.9361     7.9372   3.527377   3.527223    33.9588    33.9560     1.2661     2.2760    6.65427    -0.0460     0.0291    99.2739      81838         24  0.000e+00
          0    202.495    200.764   44.37252 -124.95138     7.9361     7.9369   3.527371   3.527219    33.9587    33.9563     1.2661     2.2758    6.65427    -0.0460     0.0302    99.2467      81839         24  0.000e+00
          0    202.435    200.705   44.37252 -124.95138     7.9359     7.9371   3.527395   3.527212    33.9591    33.9561     1.2661     2.2756    6.65427    -0.0460     0.0302    99.2467      81840         24  0.000e+00
          0    202.495    200.764   44.37252 -124.95138     7.9365     7.9372   3.527401   3.527198    33.9586    33.9557     1.2661     2.2753    6.65421    -0.0387     0.0291    99.2739      81841         24  0.000e+00
          0    202.495    200.765   44.37252 -124.95138     7.9361     7.9367   3.527401   3.527205    33.9590    33.9563     1.2661     2.2750    6.65425    -0.0387     0.0291    99.2739      81842         24  0.000e+00
          0    202.547    200.816   44.37252 -124.95138     7.9361     7.9371   3.527420   3.527212    33.9592    33.9560     1.2661     2.2747    6.65425    -0.0387     0.0291    99.2739      81843         24  0.000e+00
          0    202.488    200.757   44.37252 -124.95138     7.9365     7.9370   3.527407   3.527219    33.9587    33.9562     1.2661     2.2743    6.65421    -0.0460     0.0291    99.2739      81844         24  0.000e+00
          0    202.495    200.765   44.37252 -124.95138     7.9363     7.9371   3.527401   3.527234    33.9588    33.9563     1.2661     2.2740    6.65424    -0.0460     0.0291    99.2739      81845         24  0.000e+00
          0    202.547    200.816   44.37252 -124.95138     7.9361     7.9369   3.527377   3.527198    33.9587    33.9561     1.2661     2.2736    6.65427    -0.0460     0.0281    99.3011      81846         24  0.000e+00
          0    202.495    200.765   44.37252 -124.95138     7.9362     7.9372   3.527395   3.527212    33.9588    33.9559     1.2649     2.2694    6.65424    -0.0387     0.0291    99.2739      81847         24  0.000e+00
          0    202.547    200.816   44.37252 -124.95138     7.9363     7.9371   3.527352   3.527234    33.9583    33.9562     1.2661     2.2727    6.65426    -0.0387     0.0291    99.2739      81848         24  0.000e+00
          0    202.547    200.816   44.37252 -124.95138     7.9361     7.9371   3.527383   3.527219    33.9588    33.9561     1.2661     2.2726    6.65426    -0.0387     0.0291    99.2739      81849         24  0.000e+00
          0    202.548    200.816   44.37252 -124.95138     7.9361     7.9369   3.527377   3.527241    33.9587    33.9565     1.2661     2.2721    6.65427    -0.0460     0.0281    99.3011      81850         24  0.000e+00
          0    202.495    200.765   44.37252 -124.95138     7.9361     7.9371   3.527371   3.527198    33.9587    33.9559     1.2661     2.2720    6.65427    -0.0460     0.0281    99.3011      81851         24  0.000e+00
          0    202.548    200.817   44.37252 -124.95138     7.9359     7.9367   3.527371   3.527191    33.9588    33.9561     1.2649     2.2677    6.65429    -0.0387     0.0281    99.3011      81852         24  0.000e+00
          0    202.548    200.817   44.37252 -124.95138     7.9359     7.9369   3.527346   3.527205    33.9585    33.9561     1.2661     2.2713    6.65430    -0.0460     0.0281    99.3011      81853         24  0.000e+00
          0    202.548    200.817   44.37252 -124.95138     7.9363     7.9371   3.527334   3.527212    33.9581    33.9560     1.2661     2.2712    6.65427    -0.0460     0.0281    99.3011      81854         24  0.000e+00
          0    202.548    200.817   44.37252 -124.95138     7.9361     7.9371   3.527334   3.527159    33.9583    33.9554     1.2661     2.2710    6.65429    -0.0533     0.0270    99.3283      81855         24  0.000e+00
          0    202.548    200.817   44.37252 -124.95138     7.9361     7.9369   3.527358   3.527234    33.9585    33.9564     1.2661     2.2708    6.65427    -0.0533     0.0270    99.3283      81856         24  0.000e+00
          0    202.496    200.765   44.37252 -124.95138     7.9359     7.9369   3.527315   3.527201    33.9582    33.9561     1.2661     2.2706    6.65431    -0.0607     0.0259    99.3555      81857         24  0.000e+00
          0    202.548    200.817   44.37252 -124.95138     7.9361     7.9369   3.527352   3.527212    33.9584    33.9562     1.2649     2.2663    6.65428    -0.0607     0.0270    99.3283      81858         24  0.000e+00
