TN422/CTD Data/TN-422_CTD-006.ros
* Sea-Bird SBE 9 Data File:
* FileName = C:\data\TN422\TN-422_CTD_06.hex
* Software Version Seasave V 7.26.7.107
* Temperature SN = 2195
* Conductivity SN = 2903
* Number of Bytes Per Scan = 41
* Number of Voltage Words = 4
* Number of Scans Averaged by the Deck Unit = 1
* NMEA Latitude = 44 22.35 N
* NMEA Longitude = 124 57.08 W
* NMEA UTC (Time) = Sep 11 2023  06:29:27
* NMEA baud rate = 4800
** Cruise: TN-422_CTD_06
** Cast: CTD_03_RS03AXPD
** Location: Endurance Off Shore
** Date: Sep 11, 2023
** Water Depth: 571
** Operator: jn
** Post DP Mooring Re=deployment
# nquan = 20
# nvalues = 2328                                  
# units = specified
# name 0 = modError: Modulo Error Count
# name 1 = prDM: Pressure, Digiquartz [db]
# name 2 = depSM: Depth [salt water, m]
# name 3 = latitude: Latitude [deg]
# name 4 = longitude: Longitude [deg]
# name 5 = t090C: Temperature [ITS-90, deg C]
# name 6 = t190C: Temperature, 2 [ITS-90, deg C]
# name 7 = c0S/m: Conductivity [S/m]
# name 8 = c1S/m: Conductivity, 2 [S/m]
# name 9 = sal00: Salinity, Practical [PSU]
# name 10 = sal11: Salinity, Practical, 2 [PSU]
# name 11 = sbeox0V: Oxygen raw, SBE 43 [V]
# name 12 = sbeox0ML/L: Oxygen, SBE 43 [ml/l]
# name 13 = oxsolML/L: Oxygen Saturation, Garcia & Gordon [ml/l]
# name 14 = flECO-AFL: Fluorescence, WET Labs ECO-AFL/FL [mg/m^3]
# name 15 = CStarAt0: Beam Attenuation, WET Labs C-Star [1/m]
# name 16 = CStarTr0: Beam Transmission, WET Labs C-Star [%]
# name 17 = scan: Scan Count
# name 18 = nbf: Bottles Fired
# name 19 = flag:  0.000e+00
# interval = seconds: 0.0416667
# start_time = Sep 11 2023 06:29:27 [NMEA time, header]
# bad_flag = -9.990e-29
*END*
[from data line 73]
          0    565.810    560.483   44.37254 -124.95134     5.1367     5.1406   3.307087   3.307307    34.1219    34.1204     0.7131     0.6496    7.09184    -0.0387     0.0324    99.1924      32293          1  0.000e+00
          0    565.697    560.372   44.37254 -124.95134     5.1366     5.1404   3.307093   3.307294    34.1220    34.1205     0.7131     0.6495    7.09184    -0.0460     0.0335    99.1652      32294          1  0.000e+00
          0    565.697    560.372   44.37254 -124.95134     5.1367     5.1406   3.307093   3.307287    34.1220    34.1202     0.7131     0.6493    7.09184    -0.0387     0.0357    99.1108      32295          1  0.000e+00
          0    565.682    560.357   44.37254 -124.95134     5.1366     5.1402   3.307099   3.307283    34.1221    34.1206     0.7131     0.6498    7.09184    -0.0387     0.0357    99.1108      32296          1  0.000e+00
          0    565.585    560.261   44.37254 -124.95134     5.1362     5.1402   3.307099   3.307283    34.1226    34.1206     0.7131     0.6497    7.09188    -0.0387     0.0368    99.0837      32297          1  0.000e+00
          0    565.757    560.431   44.37254 -124.95134     5.1362     5.1399   3.307117   3.307287    34.1227    34.1209     0.7131     0.6496    7.09188    -0.0460     0.0346    99.1380      32298          1  0.000e+00
          0    565.682    560.357   44.37254 -124.95134     5.1365     5.1398   3.307129   3.307249    34.1226    34.1206     0.7131     0.6494    7.09184    -0.0387     0.0346    99.1380      32299          1  0.000e+00
          0    565.697    560.372   44.37254 -124.95134     5.1367     5.1399   3.307081   3.307238    34.1219    34.1204     0.7131     0.6493    7.09184    -0.0460     0.0335    99.1652      32300          1  0.000e+00
          0    565.645    560.320   44.37254 -124.95134     5.1365     5.1399   3.307111   3.307290    34.1224    34.1210     0.7131     0.6492    7.09185    -0.0387     0.0346    99.1380      32301          1  0.000e+00
          0    565.622    560.298   44.37254 -124.95134     5.1366     5.1405   3.307105   3.307290    34.1223    34.1204     0.7131     0.6491    7.09184    -0.0460     0.0335    99.1652      32302          1  0.000e+00
          0    565.645    560.320   44.37254 -124.95134     5.1366     5.1404   3.307099   3.307287    34.1222    34.1204     0.7131     0.6496    7.09184    -0.0387     0.0346    99.1380      32303          1  0.000e+00
          0    565.645    560.320   44.37254 -124.95134     5.1368     5.1407   3.307117   3.307307    34.1222    34.1204     0.7131     0.6495    7.09181    -0.0387     0.0346    99.1380      32304          1  0.000e+00
          0    565.622    560.298   44.37254 -124.95134     5.1368     5.1407   3.307081   3.307314    34.1217    34.1204     0.7131     0.6494    7.09182    -0.0387     0.0346    99.1380      32305          1  0.000e+00
          0    565.585    560.261   44.37254 -124.95134     5.1368     5.1407   3.307087   3.307293    34.1219    34.1203     0.7131     0.6499    7.09182    -0.0460     0.0346    99.1380      32306          1  0.000e+00
          0    565.645    560.320   44.37254 -124.95134     5.1362     5.1406   3.307093   3.307304    34.1225    34.1204     0.7131     0.6498    7.09189    -0.0387     0.0346    99.1380      32307          1  0.000e+00
          0    565.510    560.187   44.37254 -124.95134     5.1362     5.1408   3.307075   3.307311    34.1224    34.1204     0.7131     0.6497    7.09190    -0.0387     0.0335    99.1652      32308          1  0.000e+00
          0    565.645    560.320   44.37254 -124.95134     5.1362     5.1407   3.307087   3.307314    34.1224    34.1204     0.7119     0.6449    7.09189    -0.0460     0.0335    99.1652      32309          1  0.000e+00
          0    565.585    560.261   44.37254 -124.95134     5.1364     5.1407   3.307099   3.307293    34.1224    34.1203     0.7143     0.6538    7.09186    -0.0387     0.0335    99.1652      32310          1  0.000e+00
          0    565.585    560.261   44.37254 -124.95134     5.1365     5.1404   3.307135   3.307287    34.1227    34.1204     0.7131     0.6495    7.09184    -0.0314     0.0335    99.1652      32311          1  0.000e+00
          0    565.570    560.246   44.37254 -124.95134     5.1370     5.1405   3.307171   3.307266    34.1226    34.1201     0.7131     0.6501    7.09175    -0.0240     0.0346    99.1380      32312          1  0.000e+00
          0    565.585    560.261   44.37254 -124.95134     5.1374     5.1404   3.307183   3.307297    34.1223    34.1206     0.7131     0.6506    7.09170    -0.0240     0.0335    99.1652      32313          1  0.000e+00
          0    565.532    560.209   44.37254 -124.95134     5.1378     5.1409   3.307201   3.307290    34.1221    34.1200     0.7119     0.6464    7.09163    -0.0240     0.0335    99.1652      32314          1  0.000e+00
          0    565.510    560.187   44.37254 -124.95134     5.1379     5.1407   3.307231   3.307307    34.1224    34.1205     0.7131     0.6506    7.09160    -0.0314     0.0335    99.1652      32315          1  0.000e+00
          0    565.532    560.209   44.37254 -124.95134     5.1385     5.1404   3.307243   3.307293    34.1219    34.1205     0.7131     0.6506    7.09153    -0.0314     0.0335    99.1652      32316          1  0.000e+00
          0    565.517    560.194   44.37254 -124.95134     5.1360     5.1385   3.307057   3.307165    34.1223    34.1211     0.7131     0.6516    7.09193    -0.0167     0.0313    99.2196      32887          2  0.000e+00
          0    565.592    560.268   44.37254 -124.95134     5.1359     5.1386   3.307045   3.307145    34.1223    34.1206     0.7119     0.6467    7.09195    -0.0167     0.0324    99.1924      32888          2  0.000e+00
          0    565.540    560.216   44.37254 -124.95134     5.1360     5.1385   3.307039   3.307152    34.1221    34.1209     0.7131     0.6514    7.09194    -0.0314     0.0324    99.1924      32889          2  0.000e+00
          0    565.592    560.268   44.37254 -124.95134     5.1361     5.1386   3.307081   3.307138    34.1225    34.1206     0.7131     0.6518    7.09191    -0.0387     0.0313    99.2196      32890          2  0.000e+00
          0    565.577    560.253   44.37254 -124.95134     5.1362     5.1388   3.307027   3.307113    34.1217    34.1201     0.7119     0.6469    7.09192    -0.0387     0.0324    99.1924      32891          2  0.000e+00
          0    565.592    560.268   44.37254 -124.95134     5.1362     5.1388   3.307051   3.307145    34.1221    34.1205     0.7131     0.6516    7.09191    -0.0314     0.0324    99.1924      32892          2  0.000e+00
          0    565.652    560.327   44.37254 -124.95134     5.1361     5.1387   3.307069   3.307172    34.1224    34.1209     0.7131     0.6520    7.09192    -0.0314     0.0324    99.1924      32893          2  0.000e+00
          0    565.577    560.253   44.37254 -124.95134     5.1362     5.1386   3.307069   3.307145    34.1223    34.1206     0.7119     0.6477    7.09190    -0.0387     0.0313    99.2196      32894          2  0.000e+00
          0    565.652    560.327   44.37254 -124.95134     5.1361     5.1390   3.307045   3.307190    34.1221    34.1208     0.7131     0.6518    7.09193    -0.0314     0.0324    99.1924      32895          2  0.000e+00
          0    565.592    560.268   44.37254 -124.95134     5.1359     5.1394   3.307081   3.307210    34.1227    34.1206     0.7131     0.6522    7.09193    -0.0387     0.0313    99.2196      32896          2  0.000e+00
          0    565.690    560.365   44.37254 -124.95134     5.1360     5.1391   3.307075   3.307210    34.1225    34.1208     0.7119     0.6479    7.09192    -0.0387     0.0302    99.2467      32897          2  0.000e+00
          0    565.592    560.268   44.37254 -124.95134     5.1361     5.1394   3.307045   3.307231    34.1221    34.1208     0.7131     0.6520    7.09193    -0.0314     0.0324    99.1924      32898          2  0.000e+00
          0    565.705    560.379   44.37254 -124.95134     5.1358     5.1396   3.307081   3.307214    34.1227    34.1203     0.7131     0.6525    7.09194    -0.0387     0.0313    99.2196      32899          2  0.000e+00
          0    565.630    560.305   44.37254 -124.95134     5.1362     5.1399   3.307069   3.307266    34.1222    34.1208     0.7119     0.6481    7.09190    -0.0387     0.0313    99.2196      32900          2  0.000e+00
          0    565.652    560.328   44.37254 -124.95134     5.1365     5.1399   3.307087   3.307249    34.1222    34.1205     0.7131     0.6522    7.09186    -0.0314     0.0335    99.1652      32901          2  0.000e+00
          0    565.705    560.380   44.37254 -124.95134     5.1362     5.1402   3.307099   3.307255    34.1225    34.1202     0.7131     0.6527    7.09188    -0.0387     0.0346    99.1380      32902          2  0.000e+00
          0    565.690    560.365   44.37254 -124.95134     5.1361     5.1404   3.307099   3.307318    34.1227    34.1207     0.7119     0.6484    7.09190    -0.0387     0.0346    99.1380      32903          2  0.000e+00
          0    565.652    560.328   44.37254 -124.95134     5.1363     5.1404   3.307075   3.307318    34.1222    34.1208     0.7131     0.6524    7.09189    -0.0314     0.0346    99.1380      32904          2  0.000e+00
          0    565.705    560.380   44.37254 -124.95134     5.1364     5.1406   3.307069   3.307345    34.1220    34.1209     0.7131     0.6529    7.09188    -0.0314     0.0324    99.1924      32905          2  0.000e+00
          0    565.705    560.380   44.37254 -124.95134     5.1365     5.1405   3.307087   3.307325    34.1221    34.1207     0.7119     0.6486    7.09187    -0.0387     0.0324    99.1924      32906          2  0.000e+00
          0    565.690    560.365   44.37254 -124.95134     5.1364     5.1407   3.307099   3.307294    34.1223    34.1202     0.7131     0.6527    7.09186    -0.0314     0.0324    99.1924      32907          2  0.000e+00
          0    565.705    560.380   44.37254 -124.95134     5.1364     5.1407   3.307099   3.307325    34.1223    34.1205     0.7131     0.6531    7.09187    -0.0314     0.0324    99.1924      32908          2  0.000e+00
          0    565.705    560.380   44.37254 -124.95134     5.1366     5.1407   3.307099   3.307318    34.1221    34.1205     0.7119     0.6488    7.09184    -0.0387     0.0324    99.1924      32909          2  0.000e+00
          0    565.742    560.417   44.37254 -124.95134     5.1364     5.1407   3.307117   3.307314    34.1225    34.1204     0.7119     0.6481    7.09186    -0.0314     0.0335    99.1652      32910          2  0.000e+00
          0    565.705    560.380   44.37254 -124.95134     5.1366     5.1408   3.307105   3.307311    34.1222    34.1203     0.7131     0.6522    7.09184    -0.0387     0.0335    99.1652      32911          2  0.000e+00
          0    565.705    560.380   44.37254 -124.95134     5.1364     5.1409   3.307117   3.307332    34.1225    34.1204     0.7131     0.6526    7.09186    -0.0387     0.0324    99.1924      32912          2  0.000e+00
          0    565.743    560.417   44.37254 -124.95134     5.1363     5.1408   3.307123   3.307318    34.1227    34.1203     0.7131     0.6525    7.09187    -0.0387     0.0313    99.2196      32913          2  0.000e+00
          0    565.705    560.380   44.37254 -124.95134     5.1364     5.1409   3.307105   3.307294    34.1224    34.1200     0.7131     0.6529    7.09186    -0.0314     0.0313    99.2196      32914          2  0.000e+00
          0    565.705    560.380   44.37254 -124.95134     5.1364     5.1405   3.307099   3.307266    34.1223    34.1201     0.7119     0.6486    7.09187    -0.0387     0.0302    99.2467      32915          2  0.000e+00
          0    565.743    560.417   44.37254 -124.95134     5.1365     5.1399   3.307117   3.307242    34.1225    34.1203     0.7119     0.6478    7.09185    -0.0387     0.0313    99.2196      32916          2  0.000e+00
          0    565.765    560.439   44.37254 -124.95134     5.1366     5.1400   3.307105   3.307269    34.1222    34.1206     0.7131     0.6519    7.09184    -0.0314     0.0313    99.2196      32917          2  0.000e+00
          0    565.705    560.380   44.37254 -124.95134     5.1365     5.1399   3.307075   3.307283    34.1220    34.1208     0.7131     0.6524    7.09187    -0.0314     0.0313    99.2196      32918          2  0.000e+00
          0    565.705    560.380   44.37254 -124.95134     5.1366     5.1400   3.307111   3.307266    34.1223    34.1206     0.7131     0.6528    7.09184    -0.0387     0.0313    99.2196      32919          2  0.000e+00
          0    565.743    560.417   44.37254 -124.95134     5.1368     5.1398   3.307105   3.307262    34.1220    34.1207     0.7131     0.6526    7.09182    -0.0314     0.0313    99.2196      32920          2  0.000e+00
          0    565.705    560.380   44.37254 -124.95134     5.1364     5.1400   3.307117   3.307280    34.1225    34.1207     0.7131     0.6524    7.09186    -0.0314     0.0313    99.2196      32921          2  0.000e+00
          0    565.705    560.380   44.37254 -124.95134     5.1364     5.1402   3.307105   3.307228    34.1224    34.1199     0.7131     0.6528    7.09186    -0.0387     0.0313    99.2196      32922          2  0.000e+00
          0    565.743    560.417   44.37254 -124.95134     5.1366     5.1400   3.307099   3.307262    34.1221    34.1205     0.7119     0.6478    7.09184    -0.0387     0.0313    99.2196      32923          2  0.000e+00
          0    565.705    560.380   44.37254 -124.95134     5.1364     5.1399   3.307135   3.307266    34.1227    34.1206     0.7131     0.6518    7.09185    -0.0314     0.0313    99.2196      32924          2  0.000e+00
          0    565.705    560.380   44.37254 -124.95134     5.1368     5.1397   3.307129   3.307280    34.1223    34.1210     0.7131     0.6522    7.09180    -0.0387     0.0302    99.2467      32925          2  0.000e+00
          0    565.743    560.417   44.37254 -124.95134     5.1368     5.1398   3.307141   3.307228    34.1223    34.1203     0.7119     0.6477    7.09179    -0.0387     0.0302    99.2467      32926          2  0.000e+00
          0    565.653    560.328   44.37254 -124.95134     5.1367     5.1402   3.307153   3.307249    34.1227    34.1202     0.7131     0.6517    7.09180    -0.0314     0.0302    99.2467      32927          2  0.000e+00
          0    565.705    560.380   44.37254 -124.95134     5.1369     5.1402   3.307111   3.307242    34.1219    34.1201     0.7131     0.6521    7.09179    -0.0387     0.0302    99.2467      32928          2  0.000e+00
          0    565.743    560.417   44.37254 -124.95134     5.1370     5.1400   3.307117   3.307252    34.1219    34.1204     0.7119     0.6476    7.09178    -0.0387     0.0302    99.2467      32929          2  0.000e+00
          0    565.653    560.328   44.37254 -124.95134     5.1368     5.1400   3.307129   3.307242    34.1223    34.1203     0.7131     0.6522    7.09180    -0.0314     0.0302    99.2467      32930          2  0.000e+00
          0    565.705    560.380   44.37254 -124.95134     5.1367     5.1398   3.307129   3.307255    34.1224    34.1207     0.7119     0.6478    7.09182    -0.0387     0.0302    99.2467      32931          2  0.000e+00
          0    565.653    560.328   44.37254 -124.95134     5.1371     5.1396   3.307147   3.307204    34.1222    34.1203     0.7119     0.6477    7.09175    -0.0314     0.0302    99.2467      32932          2  0.000e+00
          0    565.690    560.365   44.37254 -124.95134     5.1368     5.1395   3.307135   3.307204    34.1223    34.1204     0.7131     0.6517    7.09179    -0.0387     0.0313    99.2196      32933          2  0.000e+00
