TN422/CTD Data/TN-422_CTD-003.ros
* Sea-Bird SBE 9 Data File:
* FileName = C:\data\TN422\TN-422_CTD_03.hex
* Software Version Seasave V 7.26.7.107
* Temperature SN = 2195
* Conductivity SN = 2903
* Number of Bytes Per Scan = 41
* Number of Voltage Words = 4
* Number of Scans Averaged by the Deck Unit = 1
* NMEA Latitude = 45 50.06 N
* NMEA Longitude = 129 44.81 W
* NMEA UTC (Time) = Aug 25 2023  11:29:03
* NMEA baud rate = 4800
** Cruise: TN-422_CTD_03
** Cast: CTD_03_RS03AXPS
** Location:
** Date: Aug 25, 2023
** Water Depth:
** Operator: MW
** Axial Base shallow profiler pre recovery
# nquan = 20
# nvalues = 2328                                  
# units = specified
# name 0 = modError: Modulo Error Count
# name 1 = prDM: Pressure, Digiquartz [db]
# name 2 = depSM: Depth [salt water, m]
# name 3 = latitude: Latitude [deg]
# name 4 = longitude: Longitude [deg]
# name 5 = t090C: Temperature [ITS-90, deg C]
# name 6 = t190C: Temperature, 2 [ITS-90, deg C]
# name 7 = c0S/m: Conductivity [S/m]
# name 8 = c1S/m: Conductivity, 2 [S/m]
# name 9 = sal00: Salinity, Practical [PSU]
# name 10 = sal11: Salinity, Practical, 2 [PSU]
# name 11 = sbeox0V: Oxygen raw, SBE 43 [V]
# name 12 = sbeox0ML/L: Oxygen, SBE 43 [ml/l]
# name 13 = oxsolML/L: Oxygen Saturation, Garcia & Gordon [ml/l]
# name 14 = flECO-AFL: Fluorescence, WET Labs ECO-AFL/FL [mg/m^3]
# name 15 = CStarAt0: Beam Attenuation, WET Labs C-Star [1/m]
# name 16 = CStarTr0: Beam Transmission, WET Labs C-Star [%]
# name 17 = scan: Scan Count
# name 18 = nbf: Bottles Fired
# name 19 = flag:  0.000e+00
# interval = seconds: 0.0416667
# start_time = Aug 25 2023 11:29:03 [NMEA time, header]
# bad_flag = -9.990e-29
*END*
[from data line 362]
          0    202.029    200.275   45.83430 -129.74692     6.6332     6.6356   3.396618   3.396730    33.8111    33.8100     1.5419     3.2192    6.86179    -0.0387     0.0171    99.5729      31160          4  0.000e+00
          0    202.036    200.283   45.83430 -129.74692     6.6335     6.6351   3.396624   3.396709    33.8109    33.8102     1.5419     3.2188    6.86175    -0.0387     0.0171    99.5729      31161          4  0.000e+00
          0    201.976    200.223   45.83430 -129.74692     6.6333     6.6356   3.396612   3.396741    33.8109    33.8101     1.5419     3.2184    6.86178    -0.0387     0.0171    99.5729      31162          4  0.000e+00
          0    202.036    200.283   45.83430 -129.74692     6.6333     6.6357   3.396588   3.396793    33.8107    33.8106     1.5431     3.2224    6.86180    -0.0460     0.0171    99.5729      31163          4  0.000e+00
          0    201.969    200.216   45.83430 -129.74692     6.6336     6.6357   3.396636   3.396769    33.8109    33.8103     1.5419     3.2180    6.86173    -0.0460     0.0171    99.5729      31164          4  0.000e+00
          0    202.036    200.283   45.83430 -129.74692     6.6335     6.6358   3.396642   3.396776    33.8111    33.8102     1.5419     3.2181    6.86174    -0.0533     0.0171    99.5729      31165          4  0.000e+00
          0    201.976    200.224   45.83430 -129.74692     6.6335     6.6358   3.396642   3.396762    33.8111    33.8101     1.5419     3.2181    6.86174    -0.0460     0.0171    99.5729      31166          4  0.000e+00
          0    201.976    200.224   45.83430 -129.74692     6.6335     6.6358   3.396606   3.396776    33.8107    33.8103     1.5431     3.2225    6.86176    -0.0533     0.0182    99.5457      31167          4  0.000e+00
          0    202.029    200.275   45.83430 -129.74692     6.6333     6.6360   3.396606   3.396783    33.8108    33.8102     1.5419     3.2182    6.86178    -0.0460     0.0182    99.5457      31168          4  0.000e+00
          0    201.976    200.224   45.83430 -129.74692     6.6333     6.6361   3.396612   3.396783    33.8109    33.8101     1.5431     3.2220    6.86178    -0.0533     0.0171    99.5729      31169          4  0.000e+00
          0    201.976    200.224   45.83430 -129.74692     6.6335     6.6361   3.396624   3.396783    33.8109    33.8101     1.5431     3.2224    6.86175    -0.0460     0.0171    99.5729      31170          4  0.000e+00
          0    201.976    200.224   45.83430 -129.74692     6.6338     6.6362   3.396636   3.396762    33.8107    33.8097     1.5419     3.2185    6.86171    -0.0460     0.0171    99.5729      31171          4  0.000e+00
          0    201.917    200.164   45.83430 -129.74692     6.6336     6.6363   3.396618   3.396797    33.8107    33.8100     1.5419     3.2184    6.86174    -0.0460     0.0171    99.5729      31172          4  0.000e+00
          0    202.036    200.283   45.83430 -129.74692     6.6334     6.6362   3.396600   3.396790    33.8107    33.8100     1.5419     3.2184    6.86177    -0.0533     0.0171    99.5729      31173          4  0.000e+00
          0    201.976    200.224   45.83430 -129.74692     6.6335     6.6362   3.396654   3.396821    33.8112    33.8104     1.5419     3.2183    6.86174    -0.0460     0.0182    99.5457      31174          4  0.000e+00
          0    201.976    200.224   45.83430 -129.74692     6.6335     6.6365   3.396648   3.396793    33.8112    33.8098     1.5419     3.2183    6.86174    -0.0460     0.0193    99.5185      31175          4  0.000e+00
          0    201.976    200.224   45.83430 -129.74692     6.6336     6.6360   3.396630   3.396821    33.8108    33.8106     1.5419     3.2182    6.86173    -0.0460     0.0193    99.5185      31176          4  0.000e+00
          0    201.969    200.216   45.83430 -129.74692     6.6336     6.6361   3.396636   3.396793    33.8109    33.8102     1.5419     3.2182    6.86173    -0.0460     0.0193    99.5185      31177          4  0.000e+00
          0    201.924    200.172   45.83430 -129.74692     6.6335     6.6363   3.396618   3.396783    33.8109    33.8099     1.5419     3.2181    6.86175    -0.0533     0.0193    99.5185      31178          4  0.000e+00
          0    201.977    200.224   45.83430 -129.74692     6.6336     6.6362   3.396648   3.396800    33.8110    33.8102     1.5419     3.2180    6.86172    -0.0460     0.0193    99.5185      31179          4  0.000e+00
          0    201.977    200.224   45.83430 -129.74692     6.6336     6.6362   3.396642   3.396786    33.8109    33.8100     1.5419     3.2180    6.86172    -0.0533     0.0204    99.4913      31180          4  0.000e+00
          0    201.917    200.165   45.83430 -129.74692     6.6336     6.6363   3.396630   3.396804    33.8108    33.8101     1.5419     3.2179    6.86173    -0.0533     0.0215    99.4642      31181          4  0.000e+00
          0    201.977    200.224   45.83430 -129.74692     6.6333     6.6362   3.396594   3.396807    33.8107    33.8103     1.5419     3.2179    6.86179    -0.0533     0.0215    99.4642      31182          4  0.000e+00
          0    201.924    200.172   45.83430 -129.74692     6.6336     6.6363   3.396600   3.396765    33.8106    33.8097     1.5419     3.2178    6.86175    -0.0533     0.0204    99.4913      31183          4  0.000e+00
          0    201.977    200.224   45.83430 -129.74692     6.6335     6.6365   3.396624   3.396814    33.8109    33.8100     1.5419     3.2178    6.86175    -0.0533     0.0193    99.5185      31184          4  0.000e+00
          0    201.917    200.165   45.83430 -129.74692     6.6335     6.6363   3.396612   3.396814    33.8108    33.8102     1.5419     3.2177    6.86176    -0.0460     0.0193    99.5185      31185          4  0.000e+00
          0    181.373    179.808   45.83430 -129.74694     6.9436     6.9456   3.420187   3.420257    33.7754    33.7742     1.6252     3.4461    6.81449    -0.0387     0.0182    99.5457      35047          5  0.000e+00
          0    181.373    179.808   45.83430 -129.74694     6.9435     6.9457   3.420193   3.420264    33.7756    33.7742     1.6239     3.4421    6.81451    -0.0387     0.0182    99.5457      35048          5  0.000e+00
          0    181.284    179.720   45.83430 -129.74694     6.9436     6.9456   3.420157   3.420247    33.7751    33.7742     1.6239     3.4419    6.81451    -0.0460     0.0171    99.5729      35049          5  0.000e+00
          0    181.321    179.757   45.83430 -129.74694     6.9436     6.9455   3.420163   3.420271    33.7751    33.7745     1.6252     3.4460    6.81450    -0.0460     0.0171    99.5729      35050          5  0.000e+00
          0    181.321    179.757   45.83430 -129.74694     6.9436     6.9456   3.420175   3.420271    33.7753    33.7744     1.6252     3.4462    6.81450    -0.0460     0.0171    99.5729      35051          5  0.000e+00
          0    181.344    179.779   45.83430 -129.74694     6.9438     6.9457   3.420175   3.420257    33.7751    33.7741     1.6252     3.4465    6.81448    -0.0460     0.0182    99.5457      35052          5  0.000e+00
          0    181.269    179.705   45.83430 -129.74694     6.9436     6.9457   3.420175   3.420264    33.7753    33.7742     1.6252     3.4467    6.81450    -0.0460     0.0182    99.5457      35053          5  0.000e+00
          0    181.269    179.705   45.83430 -129.74694     6.9439     6.9461   3.420175   3.420257    33.7750    33.7738     1.6239     3.4425    6.81446    -0.0460     0.0171    99.5729      35054          5  0.000e+00
          0    181.284    179.720   45.83430 -129.74694     6.9438     6.9455   3.420175   3.420264    33.7751    33.7744     1.6239     3.4423    6.81448    -0.0533     0.0171    99.5729      35055          5  0.000e+00
          0    181.209    179.646   45.83430 -129.74694     6.9436     6.9461   3.420193   3.420278    33.7756    33.7741     1.6252     3.4463    6.81449    -0.0460     0.0171    99.5729      35056          5  0.000e+00
          0    181.269    179.705   45.83430 -129.74694     6.9436     6.9456   3.420205   3.420271    33.7756    33.7744     1.6239     3.4422    6.81448    -0.0460     0.0171    99.5729      35057          5  0.000e+00
          0    181.232    179.668   45.83430 -129.74694     6.9438     6.9458   3.420181   3.420257    33.7752    33.7740     1.6252     3.4462    6.81448    -0.0460     0.0171    99.5729      35058          5  0.000e+00
          0    181.209    179.646   45.83430 -129.74694     6.9438     6.9458   3.420151   3.420243    33.7749    33.7739     1.6239     3.4420    6.81449    -0.0460     0.0171    99.5729      35059          5  0.000e+00
          0    181.157    179.594   45.83430 -129.74694     6.9438     6.9457   3.420187   3.420261    33.7753    33.7742     1.6239     3.4417    6.81447    -0.0533     0.0171    99.5729      35060          5  0.000e+00
          0    181.157    179.594   45.83430 -129.74694     6.9438     6.9458   3.420205   3.420257    33.7755    33.7741     1.6252     3.4457    6.81446    -0.0460     0.0171    99.5729      35061          5  0.000e+00
          0    181.232    179.668   45.83430 -129.74694     6.9439     6.9457   3.420205   3.420243    33.7754    33.7740     1.6252     3.4458    6.81445    -0.0460     0.0171    99.5729      35062          5  0.000e+00
          0    181.157    179.594   45.83430 -129.74694     6.9438     6.9454   3.420199   3.420229    33.7754    33.7742     1.6239     3.4416    6.81447    -0.0460     0.0171    99.5729      35063          5  0.000e+00
          0    181.157    179.594   45.83430 -129.74694     6.9438     6.9461   3.420181   3.420278    33.7752    33.7741     1.6239     3.4413    6.81447    -0.0460     0.0171    99.5729      35064          5  0.000e+00
          0    181.120    179.557   45.83430 -129.74694     6.9441     6.9458   3.420175   3.420264    33.7749    33.7742     1.6239     3.4409    6.81444    -0.0460     0.0171    99.5729      35065          5  0.000e+00
          0    181.098    179.535   45.83430 -129.74694     6.9438     6.9456   3.420193   3.420285    33.7754    33.7747     1.6252     3.4449    6.81447    -0.0533     0.0171    99.5729      35066          5  0.000e+00
          0    181.098    179.535   45.83430 -129.74694     6.9439     6.9458   3.420205   3.420285    33.7754    33.7744     1.6252     3.4450    6.81444    -0.0460     0.0171    99.5729      35067          5  0.000e+00
          0    181.068    179.505   45.83430 -129.74694     6.9439     6.9456   3.420223   3.420292    33.7756    33.7748     1.6239     3.4407    6.81444    -0.0460     0.0171    99.5729      35068          5  0.000e+00
          0    181.098    179.535   45.83430 -129.74694     6.9441     6.9458   3.420187   3.420275    33.7750    33.7743     1.6239     3.4404    6.81443    -0.0460     0.0171    99.5729      35069          5  0.000e+00
          0    181.045    179.483   45.83430 -129.74694     6.9441     6.9457   3.420193   3.420257    33.7751    33.7743     1.6252     3.4442    6.81443    -0.0460     0.0171    99.5729      35070          5  0.000e+00
          0    181.068    179.505   45.83430 -129.74694     6.9443     6.9458   3.420205   3.420243    33.7751    33.7739     1.6239     3.4400    6.81441    -0.0460     0.0171    99.5729      35071          5  0.000e+00
          0    181.045    179.483   45.83430 -129.74694     6.9443     6.9458   3.420181   3.420250    33.7748    33.7740     1.6239     3.4396    6.81442    -0.0460     0.0182    99.5457      35072          5  0.000e+00
          0    180.993    179.432   45.83430 -129.74694     6.9439     6.9458   3.420193   3.420264    33.7753    33.7742     1.6239     3.4392    6.81445    -0.0460     0.0193    99.5185      35073          5  0.000e+00
          0    181.016    179.454   45.83430 -129.74694     6.9443     6.9458   3.420181   3.420257    33.7748    33.7741     1.6239     3.4393    6.81442    -0.0533     0.0226    99.4370      35074          5  0.000e+00
          0    180.993    179.432   45.83430 -129.74694     6.9442     6.9461   3.420193   3.420243    33.7750    33.7738     1.6239     3.4389    6.81442    -0.0533     0.0248    99.3826      35075          5  0.000e+00
          0    180.993    179.432   45.83430 -129.74694     6.9444     6.9463   3.420181   3.420250    33.7747    33.7736     1.6252     3.4432    6.81440    -0.0460     0.0248    99.3826      35076          5  0.000e+00
          0    180.993    179.432   45.83430 -129.74694     6.9443     6.9463   3.420175   3.420264    33.7748    33.7737     1.6239     3.4391    6.81442    -0.0460     0.0237    99.4098      35077          5  0.000e+00
          0    180.956    179.395   45.83430 -129.74694     6.9441     6.9466   3.420175   3.420268    33.7750    33.7736     1.6239     3.4387    6.81444    -0.0460     0.0215    99.4642      35078          5  0.000e+00
          0    180.934    179.372   45.83430 -129.74694     6.9444     6.9465   3.420193   3.420257    33.7749    33.7735     1.6239     3.4383    6.81439    -0.0533     0.0204    99.4913      35079          5  0.000e+00
          0    180.934    179.372   45.83430 -129.74694     6.9443     6.9463   3.420181   3.420285    33.7749    33.7740     1.6252     3.4426    6.81442    -0.0460     0.0193    99.5185      35080          5  0.000e+00
          0    180.956    179.395   45.83430 -129.74694     6.9444     6.9468   3.420193   3.420285    33.7749    33.7735     1.6239     3.4389    6.81440    -0.0460     0.0193    99.5185      35081          5  0.000e+00
          0    180.934    179.372   45.83430 -129.74694     6.9444     6.9466   3.420205   3.420292    33.7750    33.7739     1.6239     3.4385    6.81439    -0.0460     0.0193    99.5185      35082          5  0.000e+00
          0    180.881    179.321   45.83430 -129.74694     6.9446     6.9466   3.420223   3.420306    33.7751    33.7740     1.6239     3.4381    6.81436    -0.0533     0.0204    99.4913      35083          5  0.000e+00
          0    180.904    179.343   45.83430 -129.74694     6.9446     6.9465   3.420187   3.420299    33.7746    33.7740     1.6239     3.4378    6.81438    -0.0533     0.0237    99.4098      35084          5  0.000e+00
          0    180.934    179.372   45.83430 -129.74694     6.9446     6.9466   3.420217   3.420285    33.7750    33.7738     1.6252     3.4422    6.81436    -0.0533     0.0248    99.3826      35085          5  0.000e+00
          0    180.881    179.321   45.83430 -129.74694     6.9446     6.9463   3.420211   3.420271    33.7749    33.7739     1.6252     3.4423    6.81436    -0.0460     0.0237    99.4098      35086          5  0.000e+00
          0    180.844    179.284   45.83430 -129.74694     6.9444     6.9462   3.420205   3.420278    33.7751    33.7741     1.6252     3.4423    6.81439    -0.0460     0.0215    99.4642      35087          5  0.000e+00
          0    180.881    179.321   45.83430 -129.74694     6.9446     6.9465   3.420181   3.420271    33.7746    33.7737     1.6239     3.4381    6.81438    -0.0460     0.0204    99.4913      35088          5  0.000e+00
          0    180.881    179.321   45.83430 -129.74694     6.9447     6.9463   3.420217   3.420268    33.7748    33.7738     1.6252     3.4420    6.81434    -0.0460     0.0193    99.5185      35089          5  0.000e+00
          0    180.829    179.269   45.83430 -129.74694     6.9447     6.9466   3.420187   3.420257    33.7745    33.7735     1.6239     3.4382    6.81436    -0.0533     0.0193    99.5185      35090          5  0.000e+00
          0    180.844    179.284   45.83430 -129.74694     6.9447     6.9461   3.420217   3.420285    33.7748    33.7742     1.6239     3.4383    6.81434    -0.0533     0.0204    99.4913      35091          5  0.000e+00
          0    180.881    179.321   45.83430 -129.74694     6.9449     6.9463   3.420235   3.420264    33.7749    33.7738     1.6239     3.4379    6.81431    -0.0460     0.0204    99.4913      35092          5  0.000e+00
