TN422/CTD Data/TN-422_CTD-007.ros
* Sea-Bird SBE 9 Data File:
* FileName = C:\data\TN422\TN-422_CTD_07.hex
* Software Version Seasave V 7.26.7.107
* Temperature SN = 2195
* Conductivity SN = 2903
* Number of Bytes Per Scan = 41
* Number of Voltage Words = 4
* Number of Scans Averaged by the Deck Unit = 1
* NMEA Latitude = 44 31.42 N
* NMEA Longitude = 125 22.54 W
* NMEA UTC (Time) = Sep 11 2023  19:35:36
* NMEA baud rate = 4800
** Cruise: TN-422_CTD_007
** Cast: CTD_03_RS03AXPD
** Location: Slope Base DP
** Date: Sep 11, 2023
** Water Depth: 2905
** Operator: JN
** 500 m SE of DP
# nquan = 20
# nvalues = 2328                                  
# units = specified
# name 0 = modError: Modulo Error Count
# name 1 = prDM: Pressure, Digiquartz [db]
# name 2 = depSM: Depth [salt water, m]
# name 3 = latitude: Latitude [deg]
# name 4 = longitude: Longitude [deg]
# name 5 = t090C: Temperature [ITS-90, deg C]
# name 6 = t190C: Temperature, 2 [ITS-90, deg C]
# name 7 = c0S/m: Conductivity [S/m]
# name 8 = c1S/m: Conductivity, 2 [S/m]
# name 9 = sal00: Salinity, Practical [PSU]
# name 10 = sal11: Salinity, Practical, 2 [PSU]
# name 11 = sbeox0V: Oxygen raw, SBE 43 [V]
# name 12 = sbeox0ML/L: Oxygen, SBE 43 [ml/l]
# name 13 = oxsolML/L: Oxygen Saturation, Garcia & Gordon [ml/l]
# name 14 = flECO-AFL: Fluorescence, WET Labs ECO-AFL/FL [mg/m^3]
# name 15 = CStarAt0: Beam Attenuation, WET Labs C-Star [1/m]
# name 16 = CStarTr0: Beam Transmission, WET Labs C-Star [%]
# name 17 = scan: Scan Count
# name 18 = nbf: Bottles Fired
# name 19 = flag:  0.000e+00
# interval = seconds: 0.0416667
# start_time = Sep 11 2023 19:35:36 [NMEA time, header]
# bad_flag = -9.990e-29
*END*
          0   2934.618   2890.782   44.52366 -125.37570     1.7204     1.7232   3.147569   3.147558    34.6430    34.6398     0.8965     1.9181    7.68329    -0.0240     0.0281    99.3011      83122          1  0.000e+00
          0   2934.556   2890.721   44.52366 -125.37570     1.7202     1.7231   3.147575   3.147562    34.6432    34.6400     0.8965     1.9188    7.68330    -0.0167     0.0291    99.2739      83123          1  0.000e+00
          0   2934.556   2890.721   44.52366 -125.37570     1.7204     1.7234   3.147552   3.147558    34.6428    34.6396     0.8952     1.9113    7.68330    -0.0167     0.0281    99.3011      83124          1  0.000e+00
          0   2934.618   2890.782   44.52366 -125.37570     1.7204     1.7231   3.147546   3.147541    34.6426    34.6397     0.8965     1.9184    7.68329    -0.0167     0.0281    99.3011      83125          1  0.000e+00
          0   2934.556   2890.721   44.52366 -125.37570     1.7202     1.7232   3.147569   3.147551    34.6432    34.6397     0.8965     1.9189    7.68331    -0.0167     0.0270    99.3283      83126          1  0.000e+00
          0   2934.618   2890.783   44.52366 -125.37570     1.7204     1.7233   3.147558   3.147579    34.6428    34.6399     0.8952     1.9130    7.68329    -0.0167     0.0281    99.3011      83127          1  0.000e+00
          0   2934.556   2890.721   44.52366 -125.37570     1.7204     1.7232   3.147546   3.147568    34.6426    34.6399     0.8965     1.9218    7.68329    -0.0167     0.0270    99.3283      83128          1  0.000e+00
          0   2934.618   2890.783   44.52366 -125.37570     1.7204     1.7235   3.147569   3.147541    34.6430    34.6392     0.8952     1.9142    7.68329    -0.0167     0.0270    99.3283      83129          1  0.000e+00
          0   2934.618   2890.783   44.52366 -125.37570     1.7204     1.7231   3.147599   3.147535    34.6433    34.6396     0.8952     1.9131    7.68326    -0.0240     0.0281    99.3011      83130          1  0.000e+00
          0   2934.556   2890.721   44.52366 -125.37570     1.7205     1.7232   3.147540   3.147551    34.6424    34.6397     0.8952     1.9120    7.68328    -0.0314     0.0291    99.2739      83131          1  0.000e+00
          0   2934.618   2890.783   44.52366 -125.37570     1.7204     1.7234   3.147558   3.147562    34.6428    34.6396     0.8952     1.9109    7.68329    -0.0240     0.0291    99.2739      83132          1  0.000e+00
          0   2934.556   2890.722   44.52366 -125.37570     1.7204     1.7232   3.147558   3.147558    34.6428    34.6398     0.8965     1.9179    7.68329    -0.0314     0.0281    99.3011      83133          1  0.000e+00
          0   2934.619   2890.783   44.52366 -125.37570     1.7204     1.7234   3.147569   3.147579    34.6430    34.6398     0.8952     1.9103    7.68329    -0.0314     0.0270    99.3283      83134          1  0.000e+00
          0   2934.525   2890.691   44.52366 -125.37570     1.7202     1.7235   3.147558   3.147582    34.6430    34.6398     0.8965     1.9172    7.68331    -0.0240     0.0270    99.3283      83135          1  0.000e+00
          0   2934.619   2890.783   44.52366 -125.37570     1.7205     1.7229   3.147569   3.147585    34.6428    34.6404     0.8965     1.9176    7.68326    -0.0314     0.0270    99.3283      83136          1  0.000e+00
          0   2934.556   2890.722   44.52366 -125.37570     1.7204     1.7234   3.147575   3.147582    34.6430    34.6399     0.8952     1.9116    7.68327    -0.0240     0.0270    99.3283      83137          1  0.000e+00
          0   2934.556   2890.722   44.52366 -125.37570     1.7204     1.7235   3.147552   3.147548    34.6428    34.6393     0.8965     1.9202    7.68330    -0.0314     0.0270    99.3283      83138          1  0.000e+00
          0   2934.556   2890.722   44.52366 -125.37570     1.7204     1.7232   3.147546   3.147558    34.6427    34.6398     0.8952     1.9125    7.68330    -0.0314     0.0270    99.3283      83139          1  0.000e+00
          0   2934.494   2890.661   44.52366 -125.37570     1.7204     1.7232   3.147522   3.147575    34.6424    34.6400     0.8952     1.9112    7.68331    -0.0240     0.0281    99.3011      83140          1  0.000e+00
          0   2934.556   2890.722   44.52366 -125.37570     1.7202     1.7232   3.147540   3.147531    34.6428    34.6395     0.8952     1.9117    7.68333    -0.0314     0.0281    99.3011      83141          1  0.000e+00
          0   2934.494   2890.661   44.52366 -125.37570     1.7202     1.7234   3.147546   3.147545    34.6429    34.6395     0.8952     1.9123    7.68331    -0.0240     0.0281    99.3011      83142          1  0.000e+00
          0   2934.556   2890.722   44.52366 -125.37570     1.7204     1.7234   3.147564   3.147541    34.6429    34.6394     0.8965     1.9193    7.68329    -0.0314     0.0281    99.3011      83143          1  0.000e+00
          0   2934.494   2890.661   44.52366 -125.37570     1.7204     1.7232   3.147534   3.147551    34.6426    34.6397     0.8952     1.9134    7.68331    -0.0314     0.0270    99.3283      83144          1  0.000e+00
          0   2934.439   2890.607   44.52366 -125.37570     1.7204     1.7234   3.147540   3.147578    34.6426    34.6399     0.8952     1.9122    7.68329    -0.0240     0.0291    99.2739      83145          1  0.000e+00
          0   2934.494   2890.661   44.52366 -125.37570     1.7205     1.7234   3.147546   3.147565    34.6425    34.6397     0.8952     1.9129    7.68327    -0.0314     0.0281    99.3011      83146          1  0.000e+00
          0   2934.494   2890.661   44.52366 -125.37570     1.7201     1.7234   3.147546   3.147578    34.6430    34.6399     0.8952     1.9136    7.68333    -0.0240     0.0281    99.3011      83147          1  0.000e+00
          0   2934.439   2890.607   44.52366 -125.37570     1.7205     1.7234   3.147546   3.147548    34.6426    34.6396     0.8965     1.9207    7.68327    -0.0314     0.0270    99.3283      83148          1  0.000e+00
          0   2934.439   2890.607   44.52366 -125.37570     1.7201     1.7232   3.147522   3.147575    34.6427    34.6400     0.8952     1.9150    7.68334    -0.0314     0.0281    99.3011      83149          1  0.000e+00
          0   2934.377   2890.546   44.52366 -125.37570     1.7204     1.7232   3.147540   3.147565    34.6427    34.6400     0.8965     1.9221    7.68330    -0.0240     0.0281    99.3011      83150          1  0.000e+00
          0   2934.439   2890.607   44.52366 -125.37570     1.7202     1.7235   3.147569   3.147578    34.6432    34.6398     0.8952     1.9164    7.68331    -0.0314     0.0270    99.3283      83151          1  0.000e+00
          0   2934.377   2890.546   44.52366 -125.37570     1.7202     1.7235   3.147558   3.147548    34.6430    34.6394     0.8952     1.9171    7.68330    -0.0240     0.0270    99.3283      83152          1  0.000e+00
          0   2934.377   2890.546   44.52366 -125.37570     1.7205     1.7234   3.147546   3.147551    34.6426    34.6396     0.8940     1.9081    7.68327    -0.0314     0.0270    99.3283      83153          1  0.000e+00
          0   2934.314   2890.485   44.52366 -125.37570     1.7204     1.7234   3.147546   3.147541    34.6427    34.6395     0.8940     1.9056    7.68329    -0.0314     0.0270    99.3283      83154          1  0.000e+00
          0   2934.314   2890.485   44.52366 -125.37570     1.7204     1.7234   3.147569   3.147534    34.6431    34.6394     0.8952     1.9095    7.68328    -0.0314     0.0270    99.3283      83155          1  0.000e+00
          0   2934.314   2890.485   44.52366 -125.37570     1.7204     1.7233   3.147534   3.147555    34.6427    34.6398     0.8952     1.9087    7.68330    -0.0314     0.0270    99.3283      83156          1  0.000e+00
          0   2934.291   2890.462   44.52366 -125.37570     1.7204     1.7235   3.147540   3.147575    34.6427    34.6398     0.8965     1.9159    7.68329    -0.0240     0.0270    99.3283      83157          1  0.000e+00
          0   2934.314   2890.485   44.52366 -125.37570     1.7205     1.7234   3.147546   3.147531    34.6426    34.6394     0.8952     1.9086    7.68327    -0.0314     0.0270    99.3283      83158          1  0.000e+00
          0   2934.197   2890.371   44.52366 -125.37570     1.7202     1.7234   3.147569   3.147565    34.6433    34.6399     0.8952     1.9077    7.68329    -0.0240     0.0281    99.3011      83159          1  0.000e+00
          0   2934.260   2890.432   44.52366 -125.37570     1.7204     1.7234   3.147575   3.147548    34.6432    34.6396     0.8952     1.9068    7.68327    -0.0314     0.0281    99.3011      83160          1  0.000e+00
          0   2934.197   2890.371   44.52366 -125.37570     1.7204     1.7235   3.147552   3.147551    34.6429    34.6395     0.8940     1.8977    7.68329    -0.0314     0.0281    99.3011      83161          1  0.000e+00
          0   2934.197   2890.371   44.52366 -125.37570     1.7202     1.7234   3.147528   3.147541    34.6428    34.6396     0.8952     1.9034    7.68332    -0.0240     0.0291    99.2739      83162          1  0.000e+00
          0   2934.197   2890.371   44.52366 -125.37570     1.7205     1.7232   3.147540   3.147551    34.6426    34.6399     0.8952     1.9025    7.68327    -0.0314     0.0281    99.3011      83163          1  0.000e+00
          0   2934.135   2890.310   44.52366 -125.37570     1.7202     1.7232   3.147546   3.147561    34.6430    34.6400     0.8952     1.9017    7.68331    -0.0314     0.0281    99.3011      83164          1  0.000e+00
          0   2934.080   2890.256   44.52366 -125.37570     1.7204     1.7238   3.147546   3.147524    34.6429    34.6390     0.8952     1.9008    7.68329    -0.0314     0.0291    99.2739      83165          1  0.000e+00
          0   2934.135   2890.310   44.52366 -125.37570     1.7204     1.7232   3.147528   3.147565    34.6426    34.6401     0.8965     1.9081    7.68329    -0.0314     0.0291    99.2739      83166          1  0.000e+00
          0   2934.080   2890.256   44.52366 -125.37570     1.7204     1.7234   3.147499   3.147531    34.6423    34.6395     0.8952     1.9025    7.68332    -0.0314     0.0291    99.2739      83167          1  0.000e+00
          0   2934.080   2890.256   44.52366 -125.37570     1.7204     1.7232   3.147511   3.147545    34.6425    34.6398     0.8965     1.9098    7.68331    -0.0314     0.0291    99.2739      83168          1  0.000e+00
          0   2934.018   2890.195   44.52366 -125.37570     1.7202     1.7238   3.147558   3.147507    34.6432    34.6388     0.8952     1.9024    7.68330    -0.0314     0.0291    99.2739      83169          1  0.000e+00
          0   2934.080   2890.256   44.52366 -125.37570     1.7204     1.7234   3.147511   3.147521    34.6425    34.6394     0.8965     1.9114    7.68331    -0.0240     0.0291    99.2739      83170          1  0.000e+00
          0   2933.893   2890.073   44.52366 -125.37570     1.7204     1.7234   3.147528   3.147500    34.6427    34.6392     0.8952     1.9057    7.68329    -0.0240     0.0291    99.2739      83171          1  0.000e+00
          0   2933.955   2890.134   44.52366 -125.37570     1.7204     1.7235   3.147522   3.147575    34.6427    34.6399     0.8952     1.9066    7.68330    -0.0314     0.0281    99.3011      83172          1  0.000e+00
          0   2933.893   2890.073   44.52366 -125.37570     1.7202     1.7234   3.147563   3.147534    34.6434    34.6396     0.8952     1.9059    7.68330    -0.0240     0.0281    99.3011      83173          1  0.000e+00
          0   2933.893   2890.073   44.52366 -125.37570     1.7202     1.7235   3.147552   3.147544    34.6432    34.6396     0.8952     1.9068    7.68330    -0.0314     0.0281    99.3011      83174          1  0.000e+00
          0   2933.869   2890.050   44.52366 -125.37570     1.7204     1.7234   3.147505   3.147524    34.6425    34.6395     0.8952     1.9079    7.68331    -0.0314     0.0281    99.3011      83175          1  0.000e+00
          0   2933.893   2890.073   44.52366 -125.37570     1.7204     1.7235   3.147528   3.147528    34.6427    34.6394     0.8965     1.9154    7.68329    -0.0314     0.0291    99.2739      83176          1  0.000e+00
          0   2933.838   2890.019   44.52366 -125.37570     1.7202     1.7238   3.147546   3.147534    34.6432    34.6392     0.8952     1.9100    7.68331    -0.0314     0.0291    99.2739      83177          1  0.000e+00
          0   2933.838   2890.019   44.52366 -125.37570     1.7202     1.7235   3.147505   3.147517    34.6426    34.6393     0.8965     1.9175    7.68333    -0.0314     0.0291    99.2739      83178          1  0.000e+00
          0   2933.776   2889.958   44.52366 -125.37570     1.7202     1.7235   3.147534   3.147527    34.6431    34.6394     0.8952     1.9103    7.68331    -0.0387     0.0281    99.3011      83179          1  0.000e+00
          0   2933.776   2889.958   44.52366 -125.37570     1.7204     1.7235   3.147505   3.147534    34.6426    34.6395     0.8952     1.9096    7.68331    -0.0314     0.0281    99.3011      83180          1  0.000e+00
          0   2933.713   2889.897   44.52366 -125.37570     1.7202     1.7235   3.147511   3.147551    34.6428    34.6398     0.8940     1.9008    7.68332    -0.0387     0.0281    99.3011      83181          1  0.000e+00
          0   2933.713   2889.897   44.52366 -125.37570     1.7204     1.7235   3.147516   3.147507    34.6427    34.6392     0.8952     1.9083    7.68330    -0.0387     0.0281    99.3011      83182          1  0.000e+00
          0   2933.658   2889.844   44.52366 -125.37570     1.7201     1.7234   3.147540   3.147521    34.6433    34.6396     0.8952     1.9078    7.68331    -0.0314     0.0281    99.3011      83183          1  0.000e+00
          0   2933.713   2889.897   44.52366 -125.37570     1.7204     1.7235   3.147546   3.147534    34.6431    34.6396     0.8965     1.9171    7.68328    -0.0387     0.0281    99.3011      83184          1  0.000e+00
          0   2933.596   2889.782   44.52366 -125.37570     1.7206     1.7232   3.147528   3.147514    34.6426    34.6397     0.8965     1.9199    7.68325    -0.0314     0.0281    99.3011      83185          1  0.000e+00
          0   2933.659   2889.844   44.52366 -125.37570     1.7204     1.7234   3.147540   3.147527    34.6430    34.6397     0.8952     1.9129    7.68327    -0.0387     0.0281    99.3011      83186          1  0.000e+00
          0   2933.596   2889.782   44.52366 -125.37570     1.7204     1.7232   3.147528   3.147514    34.6429    34.6397     0.8965     1.9222    7.68329    -0.0314     0.0281    99.3011      83187          1  0.000e+00
          0   2933.534   2889.721   44.52366 -125.37570     1.7202     1.7234   3.147540   3.147510    34.6432    34.6395     0.8952     1.9152    7.68330    -0.0387     0.0281    99.3011      83188          1  0.000e+00
          0   2933.534   2889.721   44.52366 -125.37570     1.7204     1.7235   3.147505   3.147527    34.6427    34.6396     0.8952     1.9146    7.68330    -0.0314     0.0281    99.3011      83189          1  0.000e+00
          0   2933.534   2889.721   44.52366 -125.37570     1.7204     1.7234   3.147510   3.147517    34.6427    34.6396     0.8952     1.9141    7.68330    -0.0387     0.0281    99.3011      83190          1  0.000e+00
          0   2933.479   2889.668   44.52366 -125.37570     1.7202     1.7231   3.147516   3.147514    34.6430    34.6399     0.8965     1.9216    7.68331    -0.0314     0.0281    99.3011      83191          1  0.000e+00
          0   2933.510   2889.698   44.52366 -125.37570     1.7204     1.7235   3.147499   3.147527    34.6426    34.6396     0.8965     1.9244    7.68331    -0.0314     0.0291    99.2739      83192          1  0.000e+00
          0   2933.479   2889.668   44.52366 -125.37570     1.7204     1.7231   3.147510   3.147517    34.6427    34.6399     0.8952     1.9173    7.68329    -0.0387     0.0291    99.2739      83193          1  0.000e+00
