TN422/CTD Data/TN-422_CTD-008.ros
* Sea-Bird SBE 9 Data File:
* FileName = C:\data\TN422\TN-422_CTD_08hex.hex
* Software Version Seasave V 7.26.7.107
* Temperature SN = 2195
* Conductivity SN = 2903
* Number of Bytes Per Scan = 41
* Number of Voltage Words = 4
* Number of Scans Averaged by the Deck Unit = 1
* NMEA Latitude = 45 50.08 N
* NMEA Longitude = 129 45.55 W
* NMEA UTC (Time) = Sep 12 2023  23:09:40
* NMEA baud rate = 4800
** Cruise: TN-422_CTD_008
** Cast: CTD_03_RS03AXPD
** Location: Axial Base DP
** Date: Sep 12, 2023
** Water Depth: 2603
** Operator: JN
# nquan = 20
# nvalues = 2328                                  
# units = specified
# name 0 = modError: Modulo Error Count
# name 1 = prDM: Pressure, Digiquartz [db]
# name 2 = depSM: Depth [salt water, m]
# name 3 = latitude: Latitude [deg]
# name 4 = longitude: Longitude [deg]
# name 5 = t090C: Temperature [ITS-90, deg C]
# name 6 = t190C: Temperature, 2 [ITS-90, deg C]
# name 7 = c0S/m: Conductivity [S/m]
# name 8 = c1S/m: Conductivity, 2 [S/m]
# name 9 = sal00: Salinity, Practical [PSU]
# name 10 = sal11: Salinity, Practical, 2 [PSU]
# name 11 = sbeox0V: Oxygen raw, SBE 43 [V]
# name 12 = sbeox0ML/L: Oxygen, SBE 43 [ml/l]
# name 13 = oxsolML/L: Oxygen Saturation, Garcia & Gordon [ml/l]
# name 14 = flECO-AFL: Fluorescence, WET Labs ECO-AFL/FL [mg/m^3]
# name 15 = CStarAt0: Beam Attenuation, WET Labs C-Star [1/m]
# name 16 = CStarTr0: Beam Transmission, WET Labs C-Star [%]
# name 17 = scan: Scan Count
# name 18 = nbf: Bottles Fired
# name 19 = flag:  0.000e+00
# interval = seconds: 0.0416667
# start_time = Sep 12 2023 23:09:40 [NMEA time, header]
# bad_flag = -9.990e-29
*END*
[from data line 1521]
          0   1010.605    999.892   45.83458 -129.75922     3.3119     3.3129   3.187608   3.187539    34.3818    34.3799     0.5899     0.2548    7.39807    -0.0094     0.0030    99.9262     144561         16  0.000e+00
          0   1010.651    999.936   45.83458 -129.75922     3.3121     3.3132   3.187591   3.187543    34.3814    34.3797     0.5899     0.2550    7.39806    -0.0094     0.0040    99.8990     144562         16  0.000e+00
          0   1010.666    999.951   45.83458 -129.75922     3.3119     3.3131   3.187614   3.187553    34.3818    34.3799     0.5899     0.2552    7.39807    -0.0021     0.0040    99.8990     144563         16  0.000e+00
          0   1010.666    999.951   45.83458 -129.75922     3.3119     3.3129   3.187591   3.187587    34.3815    34.3804     0.5911     0.2608    7.39808    -0.0021     0.0040    99.8990     144564         16  0.000e+00
          0   1010.606    999.892   45.83458 -129.75922     3.3118     3.3129   3.187585   3.187567    34.3817    34.3802     0.5899     0.2563    7.39810    -0.0021     0.0040    99.8990     144565         16  0.000e+00
          0   1010.666    999.951   45.83458 -129.75922     3.3119     3.3132   3.187614   3.187546    34.3818    34.3796     0.5899     0.2556    7.39807    -0.0094     0.0030    99.9262     144566         16  0.000e+00
          0   1010.590    999.877   45.83458 -129.75922     3.3119     3.3132   3.187591   3.187553    34.3816    34.3798     0.5899     0.2550    7.39808    -0.0094     0.0030    99.9262     144567         16  0.000e+00
          0   1010.666    999.952   45.83458 -129.75922     3.3119     3.3129   3.187591   3.187567    34.3815    34.3802     0.5899     0.2551    7.39808    -0.0094     0.0030    99.9262     144568         16  0.000e+00
          0   1010.606    999.892   45.83458 -129.75922     3.3119     3.3132   3.187585   3.187560    34.3815    34.3799     0.5899     0.2552    7.39808    -0.0167     0.0040    99.8990     144569         16  0.000e+00
          0   1010.606    999.892   45.83458 -129.75922     3.3117     3.3129   3.187561   3.187546    34.3815    34.3800     0.5899     0.2561    7.39813    -0.0240     0.0040    99.8990     144570         16  0.000e+00
          0   1010.666    999.952   45.83458 -129.75922     3.3118     3.3132   3.187585   3.187536    34.3816    34.3796     0.5899     0.2562    7.39811    -0.0167     0.0040    99.8990     144571         16  0.000e+00
          0   1010.591    999.877   45.83458 -129.75922     3.3117     3.3132   3.187585   3.187543    34.3818    34.3796     0.5899     0.2555    7.39812    -0.0167     0.0040    99.8990     144572         16  0.000e+00
          0   1010.606    999.892   45.83458 -129.75922     3.3117     3.3129   3.187585   3.187553    34.3818    34.3801     0.5899     0.2556    7.39812    -0.0167     0.0040    99.8990     144573         16  0.000e+00
          0   1010.606    999.892   45.83458 -129.75922     3.3118     3.3129   3.187567   3.187567    34.3815    34.3802     0.5899     0.2557    7.39812    -0.0167     0.0030    99.9262     144574         16  0.000e+00
          0   1010.606    999.892   45.83458 -129.75922     3.3115     3.3132   3.187555   3.187550    34.3816    34.3798     0.5899     0.2558    7.39816    -0.0167     0.0030    99.9262     144575         16  0.000e+00
          0   1010.553    999.840   45.83458 -129.75922     3.3117     3.3132   3.187555   3.187516    34.3815    34.3793     0.5899     0.2559    7.39814    -0.0167     0.0040    99.8990     144576         16  0.000e+00
          0   1010.591    999.877   45.83458 -129.75922     3.3117     3.3131   3.187585   3.187573    34.3818    34.3802     0.5899     0.2552    7.39812    -0.0167     0.0030    99.9262     144577         16  0.000e+00
          0   1010.606    999.892   45.83458 -129.75922     3.3117     3.3133   3.187543   3.187587    34.3813    34.3801     0.5899     0.2553    7.39814    -0.0167     0.0030    99.9262     144578         16  0.000e+00
          0   1010.553    999.840   45.83458 -129.75922     3.3115     3.3132   3.187532   3.187573    34.3814    34.3800     0.5899     0.2553    7.39817    -0.0167     0.0030    99.9262     144579         16  0.000e+00
          0   1010.553    999.840   45.83458 -129.75922     3.3117     3.3133   3.187549   3.187539    34.3814    34.3795     0.5899     0.2554    7.39814    -0.0167     0.0030    99.9262     144580         16  0.000e+00
          0   1010.553    999.840   45.83458 -129.75922     3.3116     3.3132   3.187555   3.187560    34.3815    34.3799     0.5899     0.2555    7.39814    -0.0167     0.0040    99.8990     144581         16  0.000e+00
          0   1010.538    999.825   45.83458 -129.75922     3.3117     3.3133   3.187585   3.187560    34.3818    34.3798     0.5899     0.2555    7.39812    -0.0167     0.0040    99.8990     144582         16  0.000e+00
          0   1010.553    999.840   45.83458 -129.75922     3.3118     3.3131   3.187561   3.187546    34.3814    34.3799     0.5899     0.2556    7.39812    -0.0167     0.0030    99.9262     144583         16  0.000e+00
          0   1010.553    999.840   45.83458 -129.75922     3.3117     3.3132   3.187555   3.187573    34.3815    34.3801     0.5899     0.2556    7.39814    -0.0167     0.0030    99.9262     144584         16  0.000e+00
          0   1010.553    999.840   45.83458 -129.75922     3.3115     3.3132   3.187561   3.187573    34.3817    34.3800     0.5911     0.2612    7.39815    -0.0167     0.0040    99.8990     144585         16  0.000e+00
          0   1010.493    999.780   45.83458 -129.75922     3.3117     3.3127   3.187579   3.187560    34.3818    34.3804     0.5899     0.2557    7.39812    -0.0240     0.0040    99.8990     144586         16  0.000e+00
          0   1010.478    999.766   45.83458 -129.75922     3.3117     3.3132   3.187585   3.187546    34.3819    34.3798     0.5899     0.2557    7.39812    -0.0167     0.0030    99.9262     144587         16  0.000e+00
          0   1010.553    999.840   45.83458 -129.75922     3.3118     3.3129   3.187591   3.187536    34.3818    34.3799     0.5911     0.2612    7.39810    -0.0167     0.0030    99.9262     144588         16  0.000e+00
          0   1010.493    999.781   45.83458 -129.75922     3.3117     3.3128   3.187608   3.187560    34.3821    34.3804     0.5911     0.2619    7.39810    -0.0167     0.0040    99.8990     144589         16  0.000e+00
          0   1010.493    999.781   45.83458 -129.75922     3.3118     3.3131   3.187591   3.187580    34.3818    34.3803     0.5899     0.2572    7.39810    -0.0167     0.0040    99.8990     144590         16  0.000e+00
          0   1010.493    999.781   45.83458 -129.75922     3.3121     3.3128   3.187591   3.187536    34.3815    34.3801     0.5899     0.2571    7.39806    -0.0240     0.0030    99.9262     144591         16  0.000e+00
          0    758.753    751.161   45.83458 -129.75922     3.9323     3.9344   3.221013   3.221063    34.2602    34.2586     0.5945     0.2581    7.29296    -0.0167     0.0040    99.8990     154524         17  0.000e+00
          0    758.753    751.161   45.83458 -129.75922     3.9323     3.9340   3.221031   3.221039    34.2604    34.2588     0.5945     0.2587    7.29295    -0.0167     0.0051    99.8718     154525         17  0.000e+00
          0    758.806    751.213   45.83458 -129.75922     3.9323     3.9343   3.221060   3.221008    34.2607    34.2581     0.5945     0.2594    7.29294    -0.0167     0.0051    99.8718     154526         17  0.000e+00
          0    758.806    751.213   45.83458 -129.75922     3.9327     3.9344   3.221072   3.221022    34.2605    34.2581     0.5945     0.2600    7.29289    -0.0167     0.0051    99.8718     154527         17  0.000e+00
          0    758.806    751.213   45.83458 -129.75922     3.9327     3.9343   3.221072   3.221039    34.2605    34.2584     0.5933     0.2555    7.29289    -0.0167     0.0051    99.8718     154528         17  0.000e+00
          0    758.814    751.221   45.83458 -129.75922     3.9328     3.9344   3.221096   3.221032    34.2607    34.2582     0.5933     0.2555    7.29286    -0.0167     0.0040    99.8990     154529         17  0.000e+00
          0    758.972    751.377   45.83458 -129.75922     3.9327     3.9344   3.221055   3.221028    34.2602    34.2581     0.5933     0.2549    7.29290    -0.0167     0.0040    99.8990     154530         17  0.000e+00
          0    758.919    751.325   45.83458 -129.75922     3.9327     3.9343   3.221043   3.221083    34.2601    34.2589     0.5945     0.2593    7.29291    -0.0167     0.0040    99.8990     154531         17  0.000e+00
          0    758.972    751.377   45.83458 -129.75922     3.9325     3.9347   3.221066   3.221063    34.2605    34.2582     0.5945     0.2593    7.29292    -0.0167     0.0040    99.8990     154532         17  0.000e+00
          0    758.919    751.325   45.83458 -129.75922     3.9327     3.9346   3.221055   3.221090    34.2602    34.2587     0.5945     0.2592    7.29290    -0.0167     0.0051    99.8718     154533         17  0.000e+00
          0    758.979    751.385   45.83458 -129.75922     3.9325     3.9347   3.221066   3.221083    34.2605    34.2584     0.5945     0.2592    7.29292    -0.0167     0.0051    99.8718     154534         17  0.000e+00
          0    759.032    751.437   45.83458 -129.75922     3.9329     3.9348   3.221049   3.221076    34.2598    34.2582     0.5933     0.2546    7.29287    -0.0167     0.0051    99.8718     154535         17  0.000e+00
          0    759.032    751.437   45.83458 -129.75922     3.9328     3.9346   3.221066   3.221076    34.2602    34.2584     0.5933     0.2546    7.29288    -0.0167     0.0040    99.8990     154536         17  0.000e+00
          0    759.032    751.437   45.83458 -129.75922     3.9328     3.9347   3.221072   3.221076    34.2603    34.2583     0.5933     0.2538    7.29288    -0.0167     0.0040    99.8990     154537         17  0.000e+00
          0    759.032    751.437   45.83458 -129.75922     3.9328     3.9346   3.221072   3.221076    34.2603    34.2585     0.5933     0.2538    7.29288    -0.0167     0.0040    99.8990     154538         17  0.000e+00
          0    759.085    751.489   45.83458 -129.75922     3.9326     3.9347   3.221049   3.221066    34.2601    34.2582     0.5933     0.2538    7.29292    -0.0167     0.0040    99.8990     154539         17  0.000e+00
          0    759.085    751.489   45.83458 -129.75922     3.9328     3.9344   3.221066   3.221073    34.2602    34.2586     0.5933     0.2531    7.29288    -0.0167     0.0040    99.8990     154540         17  0.000e+00
          0    759.085    751.489   45.83458 -129.75922     3.9327     3.9346   3.221072   3.221076    34.2604    34.2584     0.5945     0.2576    7.29289    -0.0167     0.0040    99.8990     154541         17  0.000e+00
          0    759.145    751.549   45.83458 -129.75922     3.9328     3.9344   3.221072   3.221097    34.2602    34.2588     0.5945     0.2575    7.29288    -0.0240     0.0040    99.8990     154542         17  0.000e+00
          0    759.093    751.497   45.83458 -129.75922     3.9328     3.9347   3.221072   3.221104    34.2602    34.2586     0.5945     0.2582    7.29288    -0.0240     0.0051    99.8718     154543         17  0.000e+00
          0    759.145    751.549   45.83458 -129.75922     3.9328     3.9344   3.221072   3.221083    34.2602    34.2586     0.5945     0.2588    7.29288    -0.0240     0.0051    99.8718     154544         17  0.000e+00
          0    759.145    751.549   45.83458 -129.75922     3.9329     3.9346   3.221055   3.221076    34.2598    34.2584     0.5945     0.2595    7.29287    -0.0240     0.0040    99.8990     154545         17  0.000e+00
          0    759.145    751.549   45.83458 -129.75922     3.9325     3.9345   3.221067   3.221076    34.2604    34.2585     0.5933     0.2550    7.29292    -0.0314     0.0040    99.8990     154546         17  0.000e+00
          0    759.145    751.549   45.83458 -129.75922     3.9328     3.9346   3.221072   3.221076    34.2602    34.2584     0.5933     0.2543    7.29288    -0.0314     0.0040    99.8990     154547         17  0.000e+00
          0    759.198    751.601   45.83458 -129.75922     3.9329     3.9346   3.221072   3.221076    34.2601    34.2584     0.5933     0.2536    7.29287    -0.0314     0.0040    99.8990     154548         17  0.000e+00
          0    759.146    751.549   45.83458 -129.75922     3.9328     3.9344   3.221072   3.221056    34.2602    34.2583     0.5933     0.2529    7.29288    -0.0314     0.0040    99.8990     154549         17  0.000e+00
          0    759.146    751.549   45.83458 -129.75922     3.9329     3.9347   3.221072   3.221083    34.2600    34.2583     0.5933     0.2529    7.29286    -0.0314     0.0040    99.8990     154550         17  0.000e+00
          0    759.198    751.601   45.83458 -129.75922     3.9328     3.9345   3.221049   3.221080    34.2599    34.2585     0.5945     0.2581    7.29290    -0.0314     0.0040    99.8990     154551         17  0.000e+00
          0    759.146    751.549   45.83458 -129.75922     3.9328     3.9347   3.221067   3.221097    34.2601    34.2585     0.5945     0.2588    7.29289    -0.0240     0.0040    99.8990     154552         17  0.000e+00
          0    759.198    751.601   45.83458 -129.75922     3.9327     3.9346   3.221072   3.221083    34.2603    34.2585     0.5945     0.2595    7.29290    -0.0240     0.0040    99.8990     154553         17  0.000e+00
          0    759.146    751.549   45.83458 -129.75922     3.9328     3.9346   3.221055   3.221097    34.2600    34.2587     0.5945     0.2595    7.29289    -0.0240     0.0040    99.8990     154554         17  0.000e+00
          0    759.198    751.601   45.83458 -129.75922     3.9325     3.9348   3.221043   3.221104    34.2601    34.2584     0.5945     0.2595    7.29294    -0.0240     0.0040    99.8990     154555         17  0.000e+00
          0    759.146    751.549   45.83458 -129.75922     3.9328     3.9346   3.221043   3.221104    34.2599    34.2587     0.5933     0.2542    7.29290    -0.0314     0.0040    99.8990     154556         17  0.000e+00
          0    759.146    751.549   45.83458 -129.75922     3.9329     3.9346   3.221043   3.221083    34.2597    34.2585     0.5933     0.2542    7.29288    -0.0314     0.0040    99.8990     154557         17  0.000e+00
          0    759.146    751.549   45.83458 -129.75922     3.9328     3.9347   3.221043   3.221114    34.2599    34.2587     0.5945     0.2594    7.29290    -0.0314     0.0040    99.8990     154558         17  0.000e+00
          0    759.146    751.549   45.83458 -129.75922     3.9327     3.9346   3.221067   3.221087    34.2603    34.2585     0.5945     0.2600    7.29290    -0.0240     0.0040    99.8990     154559         17  0.000e+00
          0    759.146    751.549   45.83458 -129.75922     3.9327     3.9347   3.221049   3.221076    34.2600    34.2583     0.5945     0.2600    7.29291    -0.0240     0.0040    99.8990     154560         17  0.000e+00
          0    759.093    751.497   45.83458 -129.75922     3.9327     3.9346   3.221043   3.221066    34.2600    34.2582     0.5945     0.2600    7.29291    -0.0240     0.0051    99.8718     154561         17  0.000e+00
          0    759.146    751.549   45.83458 -129.75922     3.9328     3.9346   3.221067   3.221073    34.2601    34.2584     0.5945     0.2599    7.29289    -0.0240     0.0051    99.8718     154562         17  0.000e+00
          0    759.086    751.490   45.83458 -129.75922     3.9327     3.9346   3.221055   3.221097    34.2601    34.2587     0.5933     0.2546    7.29290    -0.0240     0.0040    99.8990     154563         17  0.000e+00
