TN422/CTD Data/TN-422_CTD-001.ros
* Sea-Bird SBE 9 Data File:
* FileName = C:\data\TN422\TN-422_CTD_01.hex
* Software Version Seasave V 7.26.7.107
* Temperature SN = 2195
* Conductivity SN = 2903
* Number of Bytes Per Scan = 41
* Number of Voltage Words = 4
* Number of Scans Averaged by the Deck Unit = 1
* NMEA Latitude = 44 22.29 N
* NMEA Longitude = 124 57.69 W
* NMEA UTC (Time) = Aug 15 2023  06:40:20
* NMEA baud rate = 4800
** Cruise: TN-422
** Cast: CTD-001
** Location: 500 m downcurrent of SP
** Date: Aug 15, 2023
** Water Depth: 582
** Operator: JN
# nquan = 20
# nvalues = 2328                                  
# units = specified
# name 0 = modError: Modulo Error Count
# name 1 = prDM: Pressure, Digiquartz [db]
# name 2 = depSM: Depth [salt water, m]
# name 3 = latitude: Latitude [deg]
# name 4 = longitude: Longitude [deg]
# name 5 = t090C: Temperature [ITS-90, deg C]
# name 6 = t190C: Temperature, 2 [ITS-90, deg C]
# name 7 = c0S/m: Conductivity [S/m]
# name 8 = c1S/m: Conductivity, 2 [S/m]
# name 9 = sal00: Salinity, Practical [PSU]
# name 10 = sal11: Salinity, Practical, 2 [PSU]
# name 11 = sbeox0V: Oxygen raw, SBE 43 [V]
# name 12 = sbeox0ML/L: Oxygen, SBE 43 [ml/l]
# name 13 = oxsolML/L: Oxygen Saturation, Garcia & Gordon [ml/l]
# name 14 = flECO-AFL: Fluorescence, WET Labs ECO-AFL/FL [mg/m^3]
# name 15 = CStarAt0: Beam Attenuation, WET Labs C-Star [1/m]
# name 16 = CStarTr0: Beam Transmission, WET Labs C-Star [%]
# name 17 = scan: Scan Count
# name 18 = nbf: Bottles Fired
# name 19 = flag:  0.000e+00
# interval = seconds: 0.0416667
# start_time = Aug 15 2023 06:40:20 [NMEA time, header]
# bad_flag = -9.990e-29
*END*
[from data line 942]
          0    141.083    139.898   44.37160 -124.96150     7.8341     7.8357   3.507585   3.507595    33.8746    33.8731     1.3664     2.5609    6.67327    -0.0460     0.0259    99.3555      41529         10  0.000e+00
          0    141.023    139.839   44.37160 -124.96150     7.8339     7.8360   3.507603   3.507588    33.8750    33.8728     1.3664     2.5609    6.67328    -0.0387     0.0259    99.3555      41530         10  0.000e+00
          0    141.075    139.891   44.37160 -124.96150     7.8340     7.8362   3.507609   3.507573    33.8750    33.8724     1.3664     2.5610    6.67327    -0.0387     0.0259    99.3555      41531         10  0.000e+00
          0    140.971    139.787   44.37160 -124.96150     7.8340     7.8360   3.507615   3.507602    33.8751    33.8730     1.3664     2.5610    6.67327    -0.0387     0.0259    99.3555      41532         10  0.000e+00
          0    141.023    139.839   44.37160 -124.96150     7.8338     7.8362   3.507585   3.507580    33.8750    33.8725     1.3664     2.5611    6.67330    -0.0460     0.0259    99.3555      41533         10  0.000e+00
          0    140.971    139.787   44.37160 -124.96150     7.8338     7.8362   3.507579   3.507559    33.8749    33.8723     1.3664     2.5607    6.67331    -0.0387     0.0259    99.3555      41534         10  0.000e+00
          0    140.964    139.780   44.37160 -124.96150     7.8339     7.8360   3.507585   3.507548    33.8749    33.8724     1.3676     2.5653    6.67329    -0.0387     0.0259    99.3555      41535         10  0.000e+00
          0    140.919    139.736   44.37160 -124.96150     7.8340     7.8361   3.507579   3.507595    33.8748    33.8729     1.3652     2.5575    6.67328    -0.0387     0.0259    99.3555      41536         10  0.000e+00
          0    140.919    139.736   44.37160 -124.96150     7.8338     7.8360   3.507579   3.507570    33.8750    33.8727     1.3664     2.5612    6.67330    -0.0460     0.0248    99.3826      41537         10  0.000e+00
          0    140.912    139.728   44.37160 -124.96150     7.8340     7.8360   3.507609   3.507566    33.8751    33.8726     1.3664     2.5613    6.67327    -0.0387     0.0248    99.3826      41538         10  0.000e+00
          0    140.860    139.677   44.37160 -124.96150     7.8340     7.8359   3.507585   3.507559    33.8748    33.8727     1.3676     2.5654    6.67328    -0.0460     0.0248    99.3826      41539         10  0.000e+00
          0    140.912    139.728   44.37160 -124.96150     7.8339     7.8359   3.507579   3.507548    33.8748    33.8726     1.3664     2.5618    6.67329    -0.0460     0.0248    99.3826      41540         10  0.000e+00
          0    140.807    139.625   44.37160 -124.96150     7.8340     7.8360   3.507585   3.507556    33.8749    33.8726     1.3676     2.5659    6.67328    -0.0387     0.0259    99.3555      41541         10  0.000e+00
          0    140.860    139.677   44.37160 -124.96150     7.8339     7.8361   3.507579   3.507566    33.8748    33.8726     1.3664     2.5622    6.67329    -0.0460     0.0248    99.3826      41542         10  0.000e+00
          0    140.860    139.677   44.37160 -124.96150     7.8341     7.8359   3.507579   3.507559    33.8746    33.8727     1.3664     2.5627    6.67326    -0.0387     0.0248    99.3826      41543         10  0.000e+00
          0    140.808    139.625   44.37160 -124.96150     7.8339     7.8360   3.507585   3.507566    33.8749    33.8727     1.3664     2.5627    6.67328    -0.0460     0.0259    99.3555      41544         10  0.000e+00
          0    140.800    139.618   44.37160 -124.96148     7.8340     7.8364   3.507579   3.507580    33.8748    33.8725     1.3664     2.5628    6.67328    -0.0387     0.0259    99.3555      41545         10  0.000e+00
          0    140.808    139.625   44.37160 -124.96148     7.8340     7.8359   3.507554   3.507573    33.8745    33.8729     1.3664     2.5628    6.67329    -0.0387     0.0259    99.3555      41546         10  0.000e+00
          0    140.748    139.566   44.37160 -124.96148     7.8338     7.8362   3.507579   3.507580    33.8750    33.8727     1.3664     2.5624    6.67330    -0.0387     0.0259    99.3555      41547         10  0.000e+00
          0    140.808    139.625   44.37160 -124.96148     7.8340     7.8362   3.507579   3.507534    33.8748    33.8721     1.3664     2.5624    6.67328    -0.0460     0.0248    99.3826      41548         10  0.000e+00
          0    140.748    139.566   44.37160 -124.96148     7.8338     7.8360   3.507579   3.507548    33.8750    33.8725     1.3664     2.5624    6.67330    -0.0387     0.0248    99.3826      41549         10  0.000e+00
          0    140.748    139.566   44.37160 -124.96148     7.8338     7.8362   3.507579   3.507548    33.8750    33.8723     1.3664     2.5624    6.67330    -0.0387     0.0248    99.3826      41550         10  0.000e+00
          0    140.808    139.625   44.37160 -124.96148     7.8339     7.8360   3.507585   3.507556    33.8749    33.8726     1.3664     2.5625    6.67328    -0.0460     0.0248    99.3826      41551         10  0.000e+00
          0    140.748    139.566   44.37160 -124.96148     7.8340     7.8360   3.507554   3.507580    33.8746    33.8729     1.3652     2.5588    6.67329    -0.0460     0.0248    99.3826      41552         10  0.000e+00
          0    140.748    139.566   44.37160 -124.96148     7.8340     7.8361   3.507523   3.507595    33.8742    33.8730     1.3652     2.5584    6.67330    -0.0387     0.0248    99.3826      41553         10  0.000e+00
          0    140.748    139.566   44.37160 -124.96148     7.8338     7.8359   3.507572   3.507545    33.8750    33.8726     1.3664     2.5626    6.67330    -0.0387     0.0248    99.3826      41554         10  0.000e+00
          0    140.748    139.566   44.37160 -124.96148     7.8338     7.8362   3.507603   3.507559    33.8753    33.8724     1.3652     2.5586    6.67329    -0.0460     0.0248    99.3826      41555         10  0.000e+00
          0    140.748    139.566   44.37160 -124.96148     7.8339     7.8361   3.507609   3.507580    33.8752    33.8728     1.3664     2.5624    6.67327    -0.0387     0.0248    99.3826      41556         10  0.000e+00
          0    121.314    120.301   44.37158 -124.96152     8.0037     8.0066   3.519133   3.519200    33.8435    33.8414     1.4544     2.8094    6.64912    -0.0460     0.0281    99.3011      43874         11  0.000e+00
          0    121.426    120.412   44.37158 -124.96152     8.0032     8.0076   3.519084   3.519207    33.8434    33.8405     1.4544     2.8101    6.64921    -0.0533     0.0270    99.3283      43875         11  0.000e+00
          0    121.366    120.353   44.37158 -124.96152     8.0026     8.0077   3.519121   3.519250    33.8444    33.8409     1.4544     2.8104    6.64926    -0.0460     0.0281    99.3011      43876         11  0.000e+00
          0    121.366    120.353   44.37158 -124.96152     8.0032     8.0076   3.519133   3.519264    33.8440    33.8412     1.4544     2.8107    6.64918    -0.0460     0.0270    99.3283      43877         11  0.000e+00
          0    121.366    120.353   44.37158 -124.96152     8.0056     8.0073   3.519176   3.519282    33.8421    33.8416     1.4532     2.8068    6.64890    -0.0460     0.0270    99.3283      43878         11  0.000e+00
          0    121.366    120.353   44.37158 -124.96152     8.0078     8.0077   3.519268   3.519350    33.8410    33.8419     1.4532     2.8065    6.64863    -0.0460     0.0281    99.3011      43879         11  0.000e+00
          0    121.426    120.412   44.37158 -124.96152     8.0090     8.0100   3.519335   3.519371    33.8405    33.8399     1.4544     2.8101    6.64847    -0.0460     0.0281    99.3011      43880         11  0.000e+00
          0    121.366    120.353   44.37158 -124.96152     8.0097     8.0105   3.519396   3.519392    33.8405    33.8397     1.4544     2.8103    6.64836    -0.0533     0.0281    99.3011      43881         11  0.000e+00
          0    121.426    120.412   44.37158 -124.96152     8.0094     8.0095   3.519415   3.519460    33.8410    33.8413     1.4532     2.8065    6.64839    -0.0533     0.0270    99.3283      43882         11  0.000e+00
          0    121.367    120.353   44.37158 -124.96152     8.0087     8.0087   3.519482   3.519481    33.8424    33.8424     1.4544     2.8101    6.64843    -0.0460     0.0281    99.3011      43883         11  0.000e+00
          0    121.426    120.412   44.37158 -124.96152     8.0085     8.0080   3.519507   3.519460    33.8428    33.8428     1.4544     2.8105    6.64844    -0.0460     0.0281    99.3011      43884         11  0.000e+00
          0    121.426    120.412   44.37158 -124.96152     8.0088     8.0077   3.519507   3.519453    33.8425    33.8430     1.4544     2.8108    6.64840    -0.0460     0.0270    99.3283      43885         11  0.000e+00
          0    121.426    120.412   44.37158 -124.96152     8.0095     8.0076   3.519580   3.519431    33.8426    33.8429     1.4532     2.8069    6.64830    -0.0533     0.0270    99.3283      43886         11  0.000e+00
          0    121.367    120.353   44.37158 -124.96152     8.0100     8.0077   3.519580   3.519406    33.8422    33.8426     1.4544     2.8109    6.64824    -0.0460     0.0281    99.3011      43887         11  0.000e+00
          0    121.426    120.412   44.37158 -124.96152     8.0097     8.0077   3.519592   3.519378    33.8425    33.8422     1.4544     2.8112    6.64827    -0.0533     0.0270    99.3283      43888         11  0.000e+00
          0    121.426    120.412   44.37158 -124.96152     8.0095     8.0072   3.519605   3.519371    33.8429    33.8426     1.4532     2.8075    6.64828    -0.0533     0.0270    99.3283      43889         11  0.000e+00
          0    121.478    120.464   44.37158 -124.96152     8.0098     8.0066   3.519605   3.519350    33.8425    33.8430     1.4532     2.8074    6.64825    -0.0460     0.0281    99.3011      43890         11  0.000e+00
          0    121.426    120.412   44.37158 -124.96152     8.0098     8.0059   3.519648   3.519325    33.8430    33.8434     1.4544     2.8110    6.64823    -0.0460     0.0281    99.3011      43891         11  0.000e+00
          0    121.426    120.412   44.37158 -124.96152     8.0102     8.0062   3.519666   3.519339    33.8429    33.8432     1.4532     2.8072    6.64819    -0.0533     0.0281    99.3011      43892         11  0.000e+00
          0    121.426    120.412   44.37158 -124.96152     8.0102     8.0073   3.519623   3.519385    33.8425    33.8426     1.4532     2.8068    6.64821    -0.0533     0.0281    99.3011      43893         11  0.000e+00
          0    121.479    120.464   44.37158 -124.96152     8.0105     8.0092   3.519605   3.519439    33.8419    33.8414     1.4544     2.8108    6.64818    -0.0460     0.0281    99.3011      43894         11  0.000e+00
          0    121.426    120.412   44.37158 -124.96152     8.0103     8.0112   3.519550   3.519495    33.8415    33.8400     1.4544     2.8112    6.64822    -0.0460     0.0281    99.3011      43895         11  0.000e+00
          0    121.479    120.464   44.37158 -124.96152     8.0102     8.0122   3.519494   3.519588    33.8411    33.8401     1.4544     2.8111    6.64827    -0.0533     0.0281    99.3011      43896         11  0.000e+00
          0    121.427    120.412   44.37158 -124.96152     8.0097     8.0122   3.519476   3.519656    33.8413    33.8408     1.4544     2.8111    6.64832    -0.0460     0.0291    99.2739      43897         11  0.000e+00
          0    121.479    120.464   44.37158 -124.96152     8.0092     8.0127   3.519476   3.519649    33.8418    33.8402     1.4532     2.8073    6.64838    -0.0460     0.0291    99.2739      43898         11  0.000e+00
          0    121.479    120.464   44.37158 -124.96152     8.0082     8.0137   3.519452   3.519684    33.8425    33.8397     1.4544     2.8114    6.64850    -0.0460     0.0291    99.2739      43899         11  0.000e+00
          0    121.479    120.464   44.37158 -124.96152     8.0082     8.0148   3.519464   3.519738    33.8426    33.8392     1.4532     2.8072    6.64849    -0.0533     0.0281    99.3011      43900         11  0.000e+00
          0    121.479    120.464   44.37158 -124.96152     8.0082     8.0146   3.519476   3.519795    33.8427    33.8399     1.4532     2.8067    6.64849    -0.0460     0.0291    99.2739      43901         11  0.000e+00
          0    121.479    120.464   44.37158 -124.96152     8.0082     8.0140   3.519427   3.519827    33.8422    33.8409     1.4544     2.8108    6.64851    -0.0460     0.0291    99.2739      43902         11  0.000e+00
          0    121.479    120.464   44.37158 -124.96152     8.0080     8.0130   3.519415   3.519834    33.8422    33.8419     1.4532     2.8066    6.64853    -0.0460     0.0281    99.3011      43903         11  0.000e+00
          0    121.479    120.464   44.37158 -124.96152     8.0085     8.0129   3.519464   3.519791    33.8423    33.8416     1.4544     2.8102    6.64846    -0.0460     0.0291    99.2739      43904         11  0.000e+00
          0    121.531    120.516   44.37158 -124.96152     8.0087     8.0122   3.519476   3.519695    33.8423    33.8412     1.4544     2.8105    6.64844    -0.0460     0.0291    99.2739      43905         11  0.000e+00
          0    121.479    120.464   44.37158 -124.96152     8.0088     8.0117   3.519476   3.519670    33.8422    33.8414     1.4532     2.8063    6.64842    -0.0533     0.0291    99.2739      43906         11  0.000e+00
          0    121.479    120.464   44.37158 -124.96152     8.0082     8.0127   3.519427   3.519670    33.8422    33.8405     1.4532     2.8058    6.64851    -0.0460     0.0291    99.2739      43907         11  0.000e+00
          0    121.531    120.516   44.37158 -124.96152     8.0084     8.0132   3.519415   3.519713    33.8419    33.8404     1.4544     2.8098    6.64850    -0.0460     0.0291    99.2739      43908         11  0.000e+00
          0    121.531    120.516   44.37158 -124.96152     8.0084     8.0137   3.519464   3.519727    33.8424    33.8401     1.4544     2.8101    6.64848    -0.0533     0.0291    99.2739      43909         11  0.000e+00
          0    121.479    120.464   44.37158 -124.96152     8.0084     8.0135   3.519501   3.519706    33.8429    33.8400     1.4532     2.8063    6.64846    -0.0533     0.0291    99.2739      43910         11  0.000e+00
          0    121.531    120.516   44.37158 -124.96152     8.0085     8.0130   3.519507   3.519698    33.8427    33.8404     1.4532     2.8058    6.64844    -0.0533     0.0291    99.2739      43911         11  0.000e+00
          0    121.531    120.516   44.37158 -124.96152     8.0085     8.0122   3.519488   3.519677    33.8425    33.8410     1.4532     2.8058    6.64845    -0.0533     0.0281    99.3011      43912         11  0.000e+00
          0    121.531    120.516   44.37158 -124.96152     8.0080     8.0126   3.519452   3.519691    33.8426    33.8408     1.4544     2.8103    6.64852    -0.0607     0.0281    99.3011      43913         11  0.000e+00
          0    121.531    120.516   44.37158 -124.96152     8.0076     8.0134   3.519445   3.519698    33.8430    33.8401     1.4532     2.8062    6.64857    -0.0607     0.0281    99.3011      43914         11  0.000e+00
          0    121.531    120.516   44.37158 -124.96152     8.0073     8.0134   3.519427   3.519677    33.8431    33.8399     1.4544     2.8103    6.64861    -0.0533     0.0281    99.3011      43915         11  0.000e+00
          0    121.591    120.575   44.37158 -124.96152     8.0073     8.0135   3.519482   3.519691    33.8437    33.8398     1.4532     2.8061    6.64859    -0.0533     0.0281    99.3011      43916         11  0.000e+00
