TN422/CTD Data/TN-422_CTD-005.ros
* Sea-Bird SBE 9 Data File:
* FileName = C:\data\TN422\TN-422_CTD_05.hex
* Software Version Seasave V 7.26.7.107
* Temperature SN = 2195
* Conductivity SN = 2903
* Number of Bytes Per Scan = 41
* Number of Voltage Words = 4
* Number of Scans Averaged by the Deck Unit = 1
* NMEA Latitude = 44 22.29 N
* NMEA Longitude = 124 57.46 W
* NMEA UTC (Time) = Sep 09 2023  11:33:18
* NMEA baud rate = 4800
** Cruise: TN-422_CTD_05
** Cast: CTD_03_RS03AXPD
** Location: Off Shore
** Date: Sep 9, 2023
** Water Depth: 577
** Operator: jn
# nquan = 20
# nvalues = 2328                                  
# units = specified
# name 0 = modError: Modulo Error Count
# name 1 = prDM: Pressure, Digiquartz [db]
# name 2 = depSM: Depth [salt water, m]
# name 3 = latitude: Latitude [deg]
# name 4 = longitude: Longitude [deg]
# name 5 = t090C: Temperature [ITS-90, deg C]
# name 6 = t190C: Temperature, 2 [ITS-90, deg C]
# name 7 = c0S/m: Conductivity [S/m]
# name 8 = c1S/m: Conductivity, 2 [S/m]
# name 9 = sal00: Salinity, Practical [PSU]
# name 10 = sal11: Salinity, Practical, 2 [PSU]
# name 11 = sbeox0V: Oxygen raw, SBE 43 [V]
# name 12 = sbeox0ML/L: Oxygen, SBE 43 [ml/l]
# name 13 = oxsolML/L: Oxygen Saturation, Garcia & Gordon [ml/l]
# name 14 = flECO-AFL: Fluorescence, WET Labs ECO-AFL/FL [mg/m^3]
# name 15 = CStarAt0: Beam Attenuation, WET Labs C-Star [1/m]
# name 16 = CStarTr0: Beam Transmission, WET Labs C-Star [%]
# name 17 = scan: Scan Count
# name 18 = nbf: Bottles Fired
# name 19 = flag:  0.000e+00
# interval = seconds: 0.0416667
# start_time = Sep 09 2023 11:33:18 [NMEA time, header]
# bad_flag = -9.990e-29
*END*
[from data line 797]
          0    403.199    399.560   44.37154 -124.95764     6.0315     6.0337   3.371541   3.371582    34.0309    34.0292     0.9111     1.2721    6.94823    -0.0314     0.0128    99.6816      58086          9  0.000e+00
          0    403.169    399.530   44.37154 -124.95764     6.0317     6.0336   3.371571   3.371578    34.0311    34.0293     0.9111     1.2719    6.94820    -0.0314     0.0117    99.7088      58087          9  0.000e+00
          0    403.199    399.560   44.37154 -124.95764     6.0315     6.0339   3.371559   3.371599    34.0311    34.0292     0.9111     1.2723    6.94822    -0.0314     0.0117    99.7088      58088          9  0.000e+00
          0    403.140    399.501   44.37154 -124.95764     6.0315     6.0337   3.371595   3.371606    34.0315    34.0295     0.9111     1.2721    6.94820    -0.0314     0.0117    99.7088      58089          9  0.000e+00
          0    403.140    399.501   44.37154 -124.95764     6.0315     6.0337   3.371589   3.371606    34.0315    34.0295     0.9111     1.2725    6.94821    -0.0314     0.0106    99.7359      58090          9  0.000e+00
          0    403.199    399.560   44.37154 -124.95764     6.0318     6.0337   3.371559   3.371599    34.0308    34.0294     0.9111     1.2724    6.94819    -0.0314     0.0106    99.7359      58091          9  0.000e+00
          0    403.140    399.501   44.37154 -124.95764     6.0315     6.0337   3.371571   3.371603    34.0313    34.0295     0.9111     1.2722    6.94822    -0.0314     0.0106    99.7359      58092          9  0.000e+00
          0    403.140    399.501   44.37154 -124.95764     6.0315     6.0336   3.371583   3.371606    34.0314    34.0296     0.9111     1.2721    6.94821    -0.0314     0.0106    99.7359      58093          9  0.000e+00
          0    403.117    399.479   44.37154 -124.95764     6.0317     6.0336   3.371583   3.371564    34.0312    34.0292     0.9111     1.2725    6.94819    -0.0314     0.0106    99.7359      58094          9  0.000e+00
          0    403.140    399.501   44.37154 -124.95764     6.0315     6.0336   3.371583   3.371592    34.0314    34.0295     0.9111     1.2730    6.94821    -0.0387     0.0106    99.7359      58095          9  0.000e+00
          0    403.140    399.501   44.37154 -124.95764     6.0317     6.0334   3.371559   3.371578    34.0310    34.0295     0.9111     1.2734    6.94820    -0.0314     0.0095    99.7631      58096          9  0.000e+00
          0    403.140    399.501   44.37154 -124.95764     6.0315     6.0336   3.371571   3.371596    34.0313    34.0295     0.9111     1.2734    6.94822    -0.0314     0.0117    99.7088      58097          9  0.000e+00
          0    403.087    399.449   44.37154 -124.95764     6.0317     6.0334   3.371559   3.371585    34.0310    34.0296     0.9111     1.2733    6.94820    -0.0314     0.0117    99.7088      58098          9  0.000e+00
          0    403.140    399.501   44.37154 -124.95764     6.0317     6.0334   3.371571   3.371578    34.0311    34.0295     0.9111     1.2732    6.94820    -0.0314     0.0117    99.7088      58099          9  0.000e+00
          0    403.087    399.449   44.37154 -124.95764     6.0315     6.0337   3.371559   3.371578    34.0312    34.0292     0.9111     1.2732    6.94822    -0.0314     0.0117    99.7088      58100          9  0.000e+00
          0    403.117    399.479   44.37154 -124.95764     6.0314     6.0334   3.371553   3.371599    34.0312    34.0297     0.9111     1.2731    6.94824    -0.0314     0.0106    99.7359      58101          9  0.000e+00
          0    403.087    399.449   44.37154 -124.95764     6.0315     6.0334   3.371571   3.371578    34.0313    34.0295     0.9111     1.2730    6.94822    -0.0387     0.0106    99.7359      58102          9  0.000e+00
          0    403.088    399.449   44.37154 -124.95764     6.0315     6.0336   3.371583   3.371557    34.0314    34.0291     0.9111     1.2730    6.94821    -0.0387     0.0106    99.7359      58103          9  0.000e+00
          0    403.140    399.501   44.37154 -124.95764     6.0315     6.0333   3.371559   3.371592    34.0311    34.0298     0.9111     1.2729    6.94822    -0.0387     0.0106    99.7359      58104          9  0.000e+00
          0    403.088    399.449   44.37154 -124.95764     6.0315     6.0334   3.371571   3.371585    34.0313    34.0296     0.9111     1.2728    6.94822    -0.0314     0.0106    99.7359      58105          9  0.000e+00
          0    403.088    399.449   44.37154 -124.95764     6.0315     6.0336   3.371601   3.371599    34.0316    34.0296     0.9111     1.2728    6.94820    -0.0314     0.0106    99.7359      58106          9  0.000e+00
          0    403.088    399.449   44.37154 -124.95764     6.0314     6.0337   3.371589   3.371578    34.0317    34.0292     0.9111     1.2727    6.94823    -0.0314     0.0106    99.7359      58107          9  0.000e+00
          0    403.058    399.420   44.37154 -124.95764     6.0314     6.0336   3.371559   3.371575    34.0313    34.0293     0.9111     1.2726    6.94824    -0.0314     0.0117    99.7088      58108          9  0.000e+00
          0    403.088    399.449   44.37154 -124.95764     6.0315     6.0336   3.371553   3.371578    34.0311    34.0294     0.9111     1.2731    6.94823    -0.0314     0.0128    99.6816      58109          9  0.000e+00
          0    403.088    399.450   44.37154 -124.95764     6.0317     6.0334   3.371553   3.371599    34.0309    34.0297     0.9111     1.2736    6.94821    -0.0314     0.0138    99.6544      58110          9  0.000e+00
          0    403.088    399.450   44.37154 -124.95764     6.0315     6.0336   3.371571   3.371585    34.0313    34.0294     0.9111     1.2741    6.94822    -0.0314     0.0128    99.6816      58111          9  0.000e+00
          0    402.976    399.338   44.37154 -124.95764     6.0317     6.0337   3.371601   3.371578    34.0315    34.0293     0.9111     1.2741    6.94818    -0.0387     0.0128    99.6816      58112          9  0.000e+00
          0    403.088    399.450   44.37154 -124.95764     6.0315     6.0334   3.371565   3.371592    34.0312    34.0297     0.9111     1.2741    6.94822    -0.0387     0.0128    99.6816      58113          9  0.000e+00
          0    403.088    399.450   44.37154 -124.95764     6.0315     6.0337   3.371595   3.371603    34.0316    34.0295     0.9111     1.2741    6.94820    -0.0387     0.0128    99.6816      58114          9  0.000e+00
          0    403.058    399.420   44.37154 -124.95764     6.0315     6.0339   3.371565   3.371624    34.0312    34.0296     0.9123     1.2787    6.94822    -0.0314     0.0138    99.6544      58115          9  0.000e+00
          0    403.088    399.450   44.37154 -124.95764     6.0315     6.0339   3.371571   3.371610    34.0313    34.0293     0.9111     1.2746    6.94822    -0.0314     0.0160    99.6001      58116          9  0.000e+00
          0    403.036    399.398   44.37154 -124.95764     6.0317     6.0339   3.371583   3.371585    34.0313    34.0292     0.9111     1.2746    6.94819    -0.0314     0.0149    99.6272      58117          9  0.000e+00
          0    403.088    399.450   44.37154 -124.95764     6.0315     6.0339   3.371559   3.371631    34.0312    34.0296     0.9111     1.2746    6.94822    -0.0387     0.0138    99.6544      58118          9  0.000e+00
          0    403.036    399.398   44.37154 -124.95764     6.0315     6.0339   3.371571   3.371617    34.0313    34.0295     0.9111     1.2746    6.94821    -0.0314     0.0128    99.6816      58119          9  0.000e+00
          0    403.088    399.450   44.37154 -124.95764     6.0317     6.0339   3.371559   3.371606    34.0310    34.0293     0.9111     1.2745    6.94820    -0.0314     0.0117    99.7088      58120          9  0.000e+00
          0    403.036    399.398   44.37154 -124.95764     6.0317     6.0336   3.371571   3.371606    34.0312    34.0297     0.9111     1.2745    6.94820    -0.0240     0.0117    99.7088      58121          9  0.000e+00
          0    403.058    399.420   44.37154 -124.95764     6.0315     6.0339   3.371583   3.371585    34.0314    34.0291     0.9111     1.2745    6.94821    -0.0240     0.0117    99.7088      58122          9  0.000e+00
          0    403.036    399.398   44.37154 -124.95764     6.0317     6.0336   3.371583   3.371571    34.0313    34.0293     0.9123     1.2790    6.94819    -0.0314     0.0106    99.7359      58123          9  0.000e+00
          0    403.088    399.450   44.37154 -124.95764     6.0317     6.0339   3.371559   3.371613    34.0310    34.0294     0.9111     1.2750    6.94820    -0.0314     0.0106    99.7359      58124          9  0.000e+00
          0    403.088    399.450   44.37154 -124.95764     6.0315     6.0337   3.371553   3.371610    34.0311    34.0296     0.9111     1.2749    6.94823    -0.0314     0.0106    99.7359      58125          9  0.000e+00
          0    403.036    399.398   44.37154 -124.95764     6.0316     6.0337   3.371571   3.371624    34.0312    34.0297     0.9111     1.2749    6.94820    -0.0314     0.0095    99.7631      58126          9  0.000e+00
          0    403.088    399.450   44.37154 -124.95764     6.0315     6.0341   3.371583   3.371610    34.0314    34.0292     0.9111     1.2748    6.94821    -0.0240     0.0106    99.7359      58127          9  0.000e+00
          0    403.036    399.398   44.37154 -124.95764     6.0317     6.0339   3.371583   3.371624    34.0313    34.0295     0.9111     1.2748    6.94819    -0.0240     0.0106    99.7359      58128          9  0.000e+00
          0    403.058    399.420   44.37154 -124.95764     6.0317     6.0339   3.371583   3.371585    34.0313    34.0292     0.9123     1.2793    6.94819    -0.0240     0.0117    99.7088      58129          9  0.000e+00
          0    403.088    399.450   44.37154 -124.95764     6.0314     6.0336   3.371601   3.371575    34.0318    34.0293     0.9111     1.2752    6.94822    -0.0314     0.0106    99.7359      58130          9  0.000e+00
          0    403.088    399.450   44.37154 -124.95764     6.0317     6.0336   3.371589   3.371617    34.0313    34.0298     0.9111     1.2751    6.94819    -0.0314     0.0106    99.7359      58131          9  0.000e+00
          0    403.088    399.450   44.37154 -124.95764     6.0315     6.0337   3.371583   3.371589    34.0314    34.0293     0.9111     1.2751    6.94821    -0.0240     0.0106    99.7359      58132          9  0.000e+00
          0    403.088    399.450   44.37154 -124.95764     6.0317     6.0337   3.371583   3.371599    34.0313    34.0294     0.9123     1.2796    6.94819    -0.0240     0.0106    99.7359      58133          9  0.000e+00
          0    403.088    399.450   44.37154 -124.95764     6.0315     6.0337   3.371583   3.371617    34.0314    34.0296     0.9123     1.2800    6.94821    -0.0240     0.0106    99.7359      58134          9  0.000e+00
          0    403.088    399.450   44.37154 -124.95764     6.0319     6.0337   3.371583   3.371589    34.0311    34.0293     0.9123     1.2804    6.94817    -0.0240     0.0095    99.7631      58135          9  0.000e+00
          0    403.036    399.398   44.37154 -124.95764     6.0319     6.0339   3.371625   3.371617    34.0316    34.0294     0.9111     1.2762    6.94815    -0.0240     0.0095    99.7631      58136          9  0.000e+00
          0    403.171    399.532   44.37154 -124.95764     6.0320     6.0339   3.371595   3.371652    34.0311    34.0298     0.9111     1.2761    6.94815    -0.0314     0.0106    99.7359      58137          9  0.000e+00
          0    403.089    399.450   44.37154 -124.95764     6.0320     6.0339   3.371649   3.371638    34.0317    34.0297     0.9111     1.2760    6.94812    -0.0314     0.0095    99.7631      58138          9  0.000e+00
          0    403.089    399.450   44.37154 -124.95764     6.0319     6.0341   3.371625   3.371631    34.0316    34.0294     0.9123     1.2804    6.94815    -0.0240     0.0106    99.7359      58139          9  0.000e+00
          0    403.141    399.502   44.37154 -124.95764     6.0322     6.0341   3.371631   3.371624    34.0313    34.0293     0.9111     1.2762    6.94811    -0.0240     0.0106    99.7359      58140          9  0.000e+00
          0    403.141    399.502   44.37154 -124.95764     6.0320     6.0339   3.371643   3.371648    34.0316    34.0298     0.9123     1.2806    6.94812    -0.0240     0.0095    99.7631      58141          9  0.000e+00
          0    403.141    399.502   44.37154 -124.95764     6.0319     6.0339   3.371643   3.371659    34.0318    34.0299     0.9123     1.2810    6.94814    -0.0314     0.0106    99.7359      58142          9  0.000e+00
          0    403.089    399.450   44.37154 -124.95764     6.0320     6.0341   3.371619   3.371659    34.0313    34.0297     0.9111     1.2767    6.94813    -0.0387     0.0106    99.7359      58143          9  0.000e+00
          0    403.171    399.532   44.37154 -124.95764     6.0319     6.0339   3.371613   3.371638    34.0314    34.0296     0.9111     1.2766    6.94816    -0.0387     0.0106    99.7359      58144          9  0.000e+00
          0    403.141    399.502   44.37154 -124.95764     6.0319     6.0341   3.371631   3.371606    34.0316    34.0291     0.9111     1.2764    6.94815    -0.0387     0.0106    99.7359      58145          9  0.000e+00
          0    403.201    399.562   44.37154 -124.95764     6.0320     6.0339   3.371619   3.371620    34.0313    34.0294     0.9111     1.2762    6.94814    -0.0387     0.0117    99.7088      58146          9  0.000e+00
          0    403.201    399.562   44.37154 -124.95764     6.0319     6.0339   3.371631   3.371610    34.0316    34.0294     0.9111     1.2760    6.94815    -0.0314     0.0117    99.7088      58147          9  0.000e+00
          0    403.141    399.502   44.37154 -124.95764     6.0320     6.0339   3.371643   3.371624    34.0316    34.0295     0.9123     1.2803    6.94812    -0.0314     0.0117    99.7088      58148          9  0.000e+00
          0    403.201    399.562   44.37154 -124.95764     6.0321     6.0337   3.371643   3.371631    34.0314    34.0297     0.9123     1.2806    6.94811    -0.0314     0.0117    99.7088      58149          9  0.000e+00
          0    403.224    399.584   44.37154 -124.95764     6.0320     6.0339   3.371619   3.371631    34.0313    34.0295     0.9123     1.2809    6.94814    -0.0314     0.0117    99.7088      58150          9  0.000e+00
          0    403.201    399.562   44.37154 -124.95764     6.0319     6.0342   3.371631   3.371624    34.0316    34.0292     0.9123     1.2812    6.94815    -0.0314     0.0117    99.7088      58151          9  0.000e+00
          0    403.254    399.614   44.37154 -124.95764     6.0320     6.0339   3.371619   3.371627    34.0313    34.0295     0.9111     1.2769    6.94814    -0.0387     0.0117    99.7088      58152          9  0.000e+00
          0    403.254    399.614   44.37154 -124.95764     6.0317     6.0342   3.371655   3.371631    34.0320    34.0292     0.9111     1.2766    6.94816    -0.0387     0.0106    99.7359      58153          9  0.000e+00
          0    403.201    399.562   44.37154 -124.95764     6.0315     6.0341   3.371649   3.371631    34.0321    34.0294     0.9111     1.2763    6.94818    -0.0387     0.0106    99.7359      58154          9  0.000e+00
          0    403.314    399.673   44.37154 -124.95764     6.0322     6.0341   3.371619   3.371631    34.0311    34.0293     0.9111     1.2760    6.94812    -0.0387     0.0106    99.7359      58155          9  0.000e+00
          0    403.254    399.614   44.37154 -124.95764     6.0320     6.0341   3.371631   3.371606    34.0314    34.0291     0.9111     1.2757    6.94813    -0.0387     0.0106    99.7359      58156          9  0.000e+00
