TN422/CTD Data/TN-422_CTD-008.ros
* Sea-Bird SBE 9 Data File:
* FileName = C:\data\TN422\TN-422_CTD_08hex.hex
* Software Version Seasave V 7.26.7.107
* Temperature SN = 2195
* Conductivity SN = 2903
* Number of Bytes Per Scan = 41
* Number of Voltage Words = 4
* Number of Scans Averaged by the Deck Unit = 1
* NMEA Latitude = 45 50.08 N
* NMEA Longitude = 129 45.55 W
* NMEA UTC (Time) = Sep 12 2023  23:09:40
* NMEA baud rate = 4800
** Cruise: TN-422_CTD_008
** Cast: CTD_03_RS03AXPD
** Location: Axial Base DP
** Date: Sep 12, 2023
** Water Depth: 2603
** Operator: JN
# nquan = 20
# nvalues = 2328                                  
# units = specified
# name 0 = modError: Modulo Error Count
# name 1 = prDM: Pressure, Digiquartz [db]
# name 2 = depSM: Depth [salt water, m]
# name 3 = latitude: Latitude [deg]
# name 4 = longitude: Longitude [deg]
# name 5 = t090C: Temperature [ITS-90, deg C]
# name 6 = t190C: Temperature, 2 [ITS-90, deg C]
# name 7 = c0S/m: Conductivity [S/m]
# name 8 = c1S/m: Conductivity, 2 [S/m]
# name 9 = sal00: Salinity, Practical [PSU]
# name 10 = sal11: Salinity, Practical, 2 [PSU]
# name 11 = sbeox0V: Oxygen raw, SBE 43 [V]
# name 12 = sbeox0ML/L: Oxygen, SBE 43 [ml/l]
# name 13 = oxsolML/L: Oxygen Saturation, Garcia & Gordon [ml/l]
# name 14 = flECO-AFL: Fluorescence, WET Labs ECO-AFL/FL [mg/m^3]
# name 15 = CStarAt0: Beam Attenuation, WET Labs C-Star [1/m]
# name 16 = CStarTr0: Beam Transmission, WET Labs C-Star [%]
# name 17 = scan: Scan Count
# name 18 = nbf: Bottles Fired
# name 19 = flag:  0.000e+00
# interval = seconds: 0.0416667
# start_time = Sep 12 2023 23:09:40 [NMEA time, header]
# bad_flag = -9.990e-29
*END*
[from data line 869]
          0   1771.119   1749.188   45.83458 -129.75922     2.0974     2.1001   3.128063   3.128111    34.5602    34.5579     0.7698     1.0808    7.61505    -0.0314     0.0008    99.9806     112030          9  0.000e+00
          0   1771.103   1749.173   45.83458 -129.75922     2.0976     2.1004   3.128075   3.128138    34.5602    34.5579     0.7710     1.0863    7.61502    -0.0240     0.0019    99.9534     112031          9  0.000e+00
          0   1771.057   1749.128   45.83458 -129.75922     2.0976     2.1003   3.128087   3.128117    34.5604    34.5579     0.7698     1.0787    7.61501    -0.0314     0.0008    99.9806     112032          9  0.000e+00
          0   1771.042   1749.113   45.83458 -129.75922     2.0976     2.1006   3.128087   3.128121    34.5604    34.5576     0.7710     1.0829    7.61501    -0.0387     0.0008    99.9806     112033          9  0.000e+00
          0   1769.871   1747.961   45.83458 -129.75922     2.0994     2.1017   3.128168   3.128137    34.5600    34.5573     0.7685     1.0684    7.61468    -0.0314     0.0030    99.9262     112657         10  0.000e+00
          0   1769.910   1747.999   45.83458 -129.75922     2.0991     2.1010   3.128145   3.128100    34.5600    34.5574     0.7698     1.0746    7.61473    -0.0314     0.0030    99.9262     112658         10  0.000e+00
          0   1769.871   1747.962   45.83458 -129.75922     2.0993     2.1010   3.128139   3.128087    34.5598    34.5573     0.7685     1.0699    7.61471    -0.0240     0.0019    99.9534     112659         10  0.000e+00
          0   1769.910   1747.999   45.83458 -129.75922     2.0994     2.1007   3.128139   3.128093    34.5596    34.5577     0.7685     1.0695    7.61470    -0.0314     0.0019    99.9534     112660         10  0.000e+00
          0   1769.871   1747.962   45.83458 -129.75922     2.0990     2.1004   3.128139   3.128087    34.5601    34.5579     0.7673     1.0626    7.61476    -0.0240     0.0019    99.9534     112661         10  0.000e+00
          0   1769.910   1747.999   45.83458 -129.75922     2.0991     2.1004   3.128156   3.128093    34.5601    34.5580     0.7685     1.0677    7.61472    -0.0240     0.0019    99.9534     112662         10  0.000e+00
          0   1769.872   1747.962   45.83458 -129.75922     2.0990     2.1009   3.128145   3.128124    34.5602    34.5579     0.7685     1.0674    7.61475    -0.0240     0.0019    99.9534     112663         10  0.000e+00
          0   1769.910   1747.999   45.83458 -129.75922     2.0990     2.1010   3.128139   3.128097    34.5601    34.5574     0.7698     1.0736    7.61476    -0.0314     0.0019    99.9534     112664         10  0.000e+00
          0   1769.925   1748.015   45.83458 -129.75922     2.0991     2.1010   3.128139   3.128114    34.5599    34.5576     0.7685     1.0678    7.61474    -0.0240     0.0019    99.9534     112665         10  0.000e+00
          0   1769.910   1748.000   45.83458 -129.75922     2.0989     2.1012   3.128139   3.128130    34.5602    34.5576     0.7685     1.0686    7.61477    -0.0240     0.0019    99.9534     112666         10  0.000e+00
          0   1769.910   1748.000   45.83458 -129.75922     2.0987     2.1010   3.128139   3.128124    34.5604    34.5577     0.7685     1.0694    7.61480    -0.0240     0.0019    99.9534     112667         10  0.000e+00
          0   1769.925   1748.015   45.83458 -129.75922     2.0990     2.1007   3.128115   3.128130    34.5598    34.5581     0.7685     1.0692    7.61477    -0.0314     0.0019    99.9534     112668         10  0.000e+00
          0   1769.971   1748.060   45.83458 -129.75922     2.0989     2.1009   3.128110   3.128097    34.5598    34.5575     0.7685     1.0689    7.61479    -0.0240     0.0019    99.9534     112669         10  0.000e+00
          0   1769.987   1748.075   45.83458 -129.75922     2.0987     2.1006   3.128151   3.128076    34.5605    34.5576     0.7685     1.0698    7.61479    -0.0314     0.0019    99.9534     112670         10  0.000e+00
          0   1769.972   1748.060   45.83458 -129.75922     2.0987     2.1003   3.128121   3.128043    34.5602    34.5575     0.7685     1.0695    7.61481    -0.0240     0.0030    99.9262     112671         10  0.000e+00
          0   1769.926   1748.015   45.83458 -129.75922     2.0987     2.1001   3.128110   3.128090    34.5601    34.5583     0.7685     1.0693    7.61482    -0.0314     0.0019    99.9534     112672         10  0.000e+00
          0   1770.025   1748.113   45.83458 -129.75922     2.0985     2.1003   3.128110   3.128080    34.5602    34.5579     0.7698     1.0756    7.61484    -0.0240     0.0030    99.9262     112673         10  0.000e+00
          0   1770.041   1748.128   45.83458 -129.75922     2.0987     2.1003   3.128127   3.128063    34.5602    34.5577     0.7685     1.0699    7.61481    -0.0314     0.0019    99.9534     112674         10  0.000e+00
          0   1770.025   1748.113   45.83458 -129.75922     2.0985     2.1001   3.128116   3.128049    34.5603    34.5577     0.7698     1.0762    7.61484    -0.0314     0.0019    99.9534     112675         10  0.000e+00
          0   1770.041   1748.128   45.83458 -129.75922     2.0989     2.1001   3.128110   3.128039    34.5598    34.5577     0.7685     1.0716    7.61480    -0.0314     0.0019    99.9534     112676         10  0.000e+00
          0   1770.025   1748.113   45.83458 -129.75922     2.0987     2.1003   3.128127   3.128073    34.5602    34.5579     0.7685     1.0713    7.61481    -0.0240     0.0019    99.9534     112677         10  0.000e+00
          0   1770.087   1748.173   45.83458 -129.75922     2.0985     2.1000   3.128116   3.128076    34.5602    34.5582     0.7685     1.0722    7.61484    -0.0314     0.0019    99.9534     112678         10  0.000e+00
          0   1770.102   1748.189   45.83458 -129.75922     2.0987     2.1000   3.128127   3.128063    34.5602    34.5580     0.7685     1.0719    7.61481    -0.0240     0.0019    99.9534     112679         10  0.000e+00
          0   1770.087   1748.174   45.83458 -129.75922     2.0987     2.1000   3.128116   3.128039    34.5600    34.5577     0.7685     1.0717    7.61482    -0.0314     0.0019    99.9534     112680         10  0.000e+00
          0   1770.102   1748.189   45.83458 -129.75922     2.0989     2.0998   3.128110   3.128046    34.5598    34.5580     0.7685     1.0715    7.61480    -0.0240     0.0019    99.9534     112681         10  0.000e+00
          0   1770.141   1748.226   45.83458 -129.75922     2.0987     2.0997   3.128127   3.128039    34.5602    34.5580     0.7685     1.0713    7.61481    -0.0240     0.0019    99.9534     112682         10  0.000e+00
          0   1770.164   1748.249   45.83458 -129.75922     2.0987     2.0998   3.128098   3.128063    34.5598    34.5581     0.7685     1.0710    7.61483    -0.0167     0.0019    99.9534     112683         10  0.000e+00
          0   1770.202   1748.287   45.83458 -129.75922     2.0989     2.0998   3.128104   3.128063    34.5597    34.5581     0.7685     1.0708    7.61480    -0.0240     0.0019    99.9534     112684         10  0.000e+00
          0   1770.164   1748.249   45.83458 -129.75922     2.0987     2.1000   3.128110   3.128022    34.5599    34.5575     0.7685     1.0706    7.61482    -0.0167     0.0019    99.9534     112685         10  0.000e+00
          0   1770.202   1748.287   45.83458 -129.75922     2.0985     2.1001   3.128092   3.128039    34.5599    34.5575     0.7685     1.0704    7.61486    -0.0240     0.0019    99.9534     112686         10  0.000e+00
          0   1770.279   1748.362   45.83458 -129.75922     2.0984     2.0998   3.128121   3.128056    34.5603    34.5580     0.7685     1.0701    7.61486    -0.0167     0.0019    99.9534     112687         10  0.000e+00
          0   1770.202   1748.287   45.83458 -129.75922     2.0985     2.1001   3.128116   3.128070    34.5602    34.5580     0.7685     1.0699    7.61484    -0.0167     0.0019    99.9534     112688         10  0.000e+00
          0   1770.279   1748.362   45.83458 -129.75922     2.0987     2.1001   3.128110   3.128063    34.5599    34.5578     0.7685     1.0697    7.61483    -0.0167     0.0019    99.9534     112689         10  0.000e+00
          0   1770.317   1748.400   45.83458 -129.75922     2.0987     2.1000   3.128127   3.128060    34.5601    34.5579     0.7685     1.0695    7.61482    -0.0167     0.0019    99.9534     112690         10  0.000e+00
          0   1770.317   1748.400   45.83458 -129.75922     2.0989     2.1003   3.128157   3.128070    34.5602    34.5577     0.7685     1.0704    7.61477    -0.0167     0.0019    99.9534     112691         10  0.000e+00
          0   1770.333   1748.415   45.83458 -129.75922     2.0990     2.1004   3.128168   3.128043    34.5603    34.5572     0.7685     1.0702    7.61475    -0.0167     0.0019    99.9534     112692         10  0.000e+00
          0   1770.317   1748.400   45.83458 -129.75922     2.0990     2.1003   3.128145   3.128053    34.5600    34.5575     0.7685     1.0700    7.61477    -0.0167     0.0019    99.9534     112693         10  0.000e+00
          0   1770.394   1748.476   45.83458 -129.75922     2.0989     2.1004   3.128116   3.128087    34.5597    34.5578     0.7685     1.0698    7.61480    -0.0167     0.0019    99.9534     112694         10  0.000e+00
          0   1770.379   1748.461   45.83458 -129.75922     2.0990     2.1003   3.128151   3.128087    34.5600    34.5578     0.7685     1.0696    7.61476    -0.0167     0.0019    99.9534     112695         10  0.000e+00
          0   1770.448   1748.529   45.83458 -129.75922     2.0990     2.1001   3.128186   3.128077    34.5604    34.5578     0.7698     1.0760    7.61474    -0.0167     0.0019    99.9534     112696         10  0.000e+00
          0   1770.433   1748.514   45.83458 -129.75922     2.0991     2.1004   3.128198   3.128083    34.5604    34.5576     0.7685     1.0703    7.61471    -0.0240     0.0019    99.9534     112697         10  0.000e+00
          0   1770.448   1748.529   45.83458 -129.75922     2.0987     2.1001   3.128174   3.128104    34.5606    34.5582     0.7698     1.0766    7.61479    -0.0167     0.0019    99.9534     112698         10  0.000e+00
          0   1770.494   1748.574   45.83458 -129.75922     2.0989     2.1003   3.128186   3.128100    34.5605    34.5580     0.7685     1.0709    7.61476    -0.0240     0.0019    99.9534     112699         10  0.000e+00
          0   1770.510   1748.589   45.83458 -129.75922     2.0990     2.1006   3.128151   3.128087    34.5600    34.5575     0.7698     1.0772    7.61477    -0.0167     0.0019    99.9534     112700         10  0.000e+00
          0   1770.494   1748.574   45.83458 -129.75922     2.0989     2.1007   3.128139   3.128120    34.5599    34.5577     0.7685     1.0714    7.61479    -0.0240     0.0019    99.9534     112701         10  0.000e+00
          0   1770.563   1748.642   45.83458 -129.75922     2.0987     2.1010   3.128116   3.128124    34.5598    34.5574     0.7685     1.0711    7.61483    -0.0167     0.0019    99.9534     112702         10  0.000e+00
          0   1770.609   1748.687   45.83458 -129.75922     2.0983     2.1010   3.128127   3.128131    34.5603    34.5575     0.7685     1.0708    7.61487    -0.0167     0.0019    99.9534     112703         10  0.000e+00
          0   1770.563   1748.642   45.83458 -129.75922     2.0984     2.1007   3.128139   3.128144    34.5604    34.5580     0.7685     1.0705    7.61485    -0.0387     0.0019    99.9534     112704         10  0.000e+00
          0   1770.548   1748.627   45.83458 -129.75922     2.0982     2.1009   3.128075   3.128137    34.5598    34.5577     0.7685     1.0713    7.61492    -0.0460     0.0019    99.9534     112705         10  0.000e+00
          0   1770.663   1748.740   45.83458 -129.75922     2.0984     2.1007   3.128116   3.128134    34.5601    34.5578     0.7685     1.0711    7.61487    -0.0460     0.0019    99.9534     112706         10  0.000e+00
          0   1770.625   1748.703   45.83458 -129.75922     2.0982     2.1009   3.128098   3.128104    34.5601    34.5573     0.7685     1.0719    7.61491    -0.0460     0.0019    99.9534     112707         10  0.000e+00
          0   1770.725   1748.801   45.83458 -129.75922     2.0979     2.1007   3.128104   3.128124    34.5604    34.5576     0.7685     1.0717    7.61495    -0.0460     0.0019    99.9534     112708         10  0.000e+00
          0   1770.625   1748.703   45.83458 -129.75922     2.0981     2.1004   3.128110   3.128087    34.5604    34.5576     0.7685     1.0715    7.61492    -0.0460     0.0019    99.9534     112709         10  0.000e+00
          0   1770.725   1748.801   45.83458 -129.75922     2.0979     2.1001   3.128092   3.128100    34.5602    34.5580     0.7685     1.0701    7.61495    -0.0460     0.0019    99.9534     112710         10  0.000e+00
          0   1770.740   1748.816   45.83458 -129.75922     2.0979     2.0994   3.128104   3.128070    34.5604    34.5584     0.7685     1.0699    7.61495    -0.0460     0.0019    99.9534     112711         10  0.000e+00
          0   1770.725   1748.801   45.83458 -129.75922     2.0979     2.0996   3.128110   3.128050    34.5605    34.5579     0.7673     1.0631    7.61494    -0.0387     0.0019    99.9534     112712         10  0.000e+00
          0   1770.802   1748.876   45.83458 -129.75922     2.0976     2.0994   3.128092   3.128019    34.5606    34.5577     0.7685     1.0694    7.61500    -0.0460     0.0019    99.9534     112713         10  0.000e+00
          0   1770.779   1748.854   45.83458 -129.75922     2.0978     2.0994   3.128040   3.128013    34.5598    34.5576     0.7685     1.0692    7.61501    -0.0460     0.0019    99.9534     112714         10  0.000e+00
          0   1770.802   1748.876   45.83458 -129.75922     2.0978     2.0991   3.128045   3.128019    34.5598    34.5580     0.7685     1.0690    7.61501    -0.0460     0.0019    99.9534     112715         10  0.000e+00
          0   1770.779   1748.854   45.83458 -129.75922     2.0978     2.0990   3.128075   3.128013    34.5602    34.5581     0.7685     1.0689    7.61499    -0.0460     0.0019    99.9534     112716         10  0.000e+00
          0   1770.855   1748.929   45.83458 -129.75922     2.0978     2.0987   3.128104   3.127982    34.5605    34.5580     0.7685     1.0687    7.61497    -0.0460     0.0019    99.9534     112717         10  0.000e+00
          0   1770.901   1748.975   45.83458 -129.75922     2.0978     2.0990   3.128046   3.128002    34.5598    34.5579     0.7685     1.0685    7.61501    -0.0460     0.0019    99.9534     112718         10  0.000e+00
          0   1770.856   1748.929   45.83458 -129.75922     2.0978     2.0990   3.128069   3.128046    34.5601    34.5585     0.7698     1.0748    7.61499    -0.0460     0.0019    99.9534     112719         10  0.000e+00
          0   1770.902   1748.975   45.83458 -129.75922     2.0979     2.0991   3.128087   3.128029    34.5601    34.5581     0.7685     1.0692    7.61497    -0.0387     0.0019    99.9534     112720         10  0.000e+00
          0   1770.917   1748.990   45.83458 -129.75922     2.0978     2.0988   3.128104   3.128033    34.5605    34.5585     0.7685     1.0690    7.61497    -0.0460     0.0008    99.9806     112721         10  0.000e+00
          0   1770.902   1748.975   45.83458 -129.75922     2.0978     2.0990   3.128110   3.128046    34.5606    34.5585     0.7685     1.0699    7.61497    -0.0387     0.0008    99.9806     112722         10  0.000e+00
          0   1770.917   1748.990   45.83458 -129.75922     2.0978     2.0991   3.128069   3.128019    34.5600    34.5580     0.7673     1.0632    7.61499    -0.0387     0.0019    99.9534     112723         10  0.000e+00
          0   1770.955   1749.028   45.83458 -129.75922     2.0979     2.0996   3.128092   3.128046    34.5601    34.5578     0.7685     1.0696    7.61496    -0.0460     0.0008    99.9806     112724         10  0.000e+00
