TN422/CTD Data/TN-422_CTD-004.ros
* Sea-Bird SBE 9 Data File:
* FileName = C:\data\TN422\TN-422_CTD_04.hex
* Software Version Seasave V 7.26.7.107
* Temperature SN = 2195
* Conductivity SN = 2903
* Number of Bytes Per Scan = 41
* Number of Voltage Words = 4
* Number of Scans Averaged by the Deck Unit = 1
* NMEA Latitude = 45 49.48 N
* NMEA Longitude = 129 45.58 W
* NMEA UTC (Time) = Sep 03 2023  04:41:43
* NMEA baud rate = 4800
** Cruise: TN-422_CTD_04
** Cast: CTD_03_RS03AXPD
** Location:
** Date: Sep 2, 2023
** Water Depth:
** Operator: MW
# nquan = 20
# nvalues = 2328                                  
# units = specified
# name 0 = modError: Modulo Error Count
# name 1 = prDM: Pressure, Digiquartz [db]
# name 2 = depSM: Depth [salt water, m]
# name 3 = latitude: Latitude [deg]
# name 4 = longitude: Longitude [deg]
# name 5 = t090C: Temperature [ITS-90, deg C]
# name 6 = t190C: Temperature, 2 [ITS-90, deg C]
# name 7 = c0S/m: Conductivity [S/m]
# name 8 = c1S/m: Conductivity, 2 [S/m]
# name 9 = sal00: Salinity, Practical [PSU]
# name 10 = sal11: Salinity, Practical, 2 [PSU]
# name 11 = sbeox0V: Oxygen raw, SBE 43 [V]
# name 12 = sbeox0ML/L: Oxygen, SBE 43 [ml/l]
# name 13 = oxsolML/L: Oxygen Saturation, Garcia & Gordon [ml/l]
# name 14 = flECO-AFL: Fluorescence, WET Labs ECO-AFL/FL [mg/m^3]
# name 15 = CStarAt0: Beam Attenuation, WET Labs C-Star [1/m]
# name 16 = CStarTr0: Beam Transmission, WET Labs C-Star [%]
# name 17 = scan: Scan Count
# name 18 = nbf: Bottles Fired
# name 19 = flag:  0.000e+00
# interval = seconds: 0.0416667
# start_time = Sep 03 2023 04:41:43 [NMEA time, header]
# bad_flag = -9.990e-29
*END*
[from data line 1448]
          0    251.971    249.754   45.82462 -129.75974     5.8760     5.8738   3.335032   3.334709    33.8510    33.8496     1.3042     2.5308    6.98189    -0.0167     0.0138    99.6544     169835         15  0.000e+00
          0    251.941    249.724   45.82462 -129.75974     5.8758     5.8739   3.335002   3.334758    33.8509    33.8500     1.3042     2.5309    6.98193    -0.0167     0.0149    99.6272     169836         15  0.000e+00
          0    251.971    249.754   45.82462 -129.75974     5.8756     5.8746   3.334996   3.334793    33.8509    33.8497     1.3042     2.5309    6.98195    -0.0167     0.0149    99.6272     169837         15  0.000e+00
          0    251.971    249.754   45.82462 -129.75974     5.8756     5.8749   3.334978   3.334796    33.8507    33.8495     1.3042     2.5304    6.98196    -0.0167     0.0149    99.6272     169838         15  0.000e+00
          0    251.971    249.754   45.82462 -129.75974     5.8753     5.8747   3.334918   3.334782    33.8504    33.8494     1.3042     2.5305    6.98203    -0.0167     0.0149    99.6272     169839         15  0.000e+00
          0    251.993    249.776   45.82462 -129.75974     5.8747     5.8745   3.334864   3.334751    33.8504    33.8493     1.3042     2.5300    6.98213    -0.0167     0.0160    99.6001     169840         15  0.000e+00
          0    251.971    249.754   45.82462 -129.75974     5.8734     5.8744   3.334738   3.334768    33.8503    33.8496     1.3042     2.5301    6.98235    -0.0167     0.0160    99.6001     169841         15  0.000e+00
          0    252.554    250.332   45.82462 -129.75972     5.8679     5.8682   3.334294   3.334234    33.8505    33.8495     1.3030     2.5246    6.98324    -0.0314     0.0138    99.6544     170275         16  0.000e+00
          0    252.584    250.362   45.82462 -129.75972     5.8677     5.8674   3.334282   3.334192    33.8505    33.8498     1.3018     2.5205    6.98327    -0.0387     0.0138    99.6544     170276         16  0.000e+00
          0    252.532    250.310   45.82462 -129.75972     5.8679     5.8678   3.334276   3.334161    33.8503    33.8491     1.3030     2.5248    6.98324    -0.0314     0.0138    99.6544     170277         16  0.000e+00
          0    252.532    250.310   45.82462 -129.75972     5.8674     5.8677   3.334276   3.334129    33.8508    33.8488     1.3030     2.5257    6.98330    -0.0314     0.0138    99.6544     170278         16  0.000e+00
          0    252.532    250.310   45.82462 -129.75972     5.8672     5.8672   3.334234   3.334143    33.8505    33.8495     1.3018     2.5217    6.98335    -0.0314     0.0138    99.6544     170279         16  0.000e+00
          0    252.502    250.280   45.82462 -129.75972     5.8673     5.8670   3.334210   3.334129    33.8502    33.8495     1.3018     2.5216    6.98335    -0.0387     0.0138    99.6544     170280         16  0.000e+00
          0    252.532    250.310   45.82462 -129.75972     5.8672     5.8670   3.334216   3.334105    33.8503    33.8492     1.3030     2.5260    6.98336    -0.0314     0.0138    99.6544     170281         16  0.000e+00
          0    252.472    250.251   45.82462 -129.75972     5.8669     5.8670   3.334222   3.334098    33.8507    33.8492     1.3030     2.5264    6.98339    -0.0314     0.0138    99.6544     170282         16  0.000e+00
          0    252.472    250.251   45.82462 -129.75972     5.8669     5.8672   3.334186   3.334140    33.8503    33.8495     1.3018     2.5219    6.98340    -0.0387     0.0138    99.6544     170283         16  0.000e+00
          0    252.502    250.280   45.82462 -129.75972     5.8667     5.8675   3.334162   3.334150    33.8502    33.8492     1.3018     2.5213    6.98344    -0.0387     0.0138    99.6544     170284         16  0.000e+00
          0    252.472    250.251   45.82462 -129.75972     5.8665     5.8679   3.334204   3.334150    33.8509    33.8489     1.3030     2.5257    6.98345    -0.0387     0.0138    99.6544     170285         16  0.000e+00
          0    252.420    250.199   45.82462 -129.75972     5.8664     5.8678   3.334186   3.334209    33.8508    33.8497     1.3030     2.5262    6.98347    -0.0387     0.0138    99.6544     170286         16  0.000e+00
          0    252.472    250.251   45.82462 -129.75972     5.8665     5.8683   3.334210   3.334188    33.8510    33.8489     1.3018     2.5221    6.98344    -0.0460     0.0138    99.6544     170287         16  0.000e+00
          0    252.420    250.199   45.82462 -129.75972     5.8668     5.8682   3.334174   3.334216    33.8503    33.8494     1.3018     2.5215    6.98342    -0.0533     0.0138    99.6544     170288         16  0.000e+00
          0    252.390    250.170   45.82462 -129.75972     5.8667     5.8677   3.334174   3.334167    33.8504    33.8493     1.3018     2.5210    6.98343    -0.0533     0.0138    99.6544     170289         16  0.000e+00
          0    252.420    250.199   45.82462 -129.75972     5.8663     5.8670   3.334162   3.334112    33.8506    33.8493     1.3030     2.5254    6.98349    -0.0460     0.0149    99.6272     170290         16  0.000e+00
          0    252.420    250.199   45.82462 -129.75972     5.8662     5.8670   3.334162   3.334098    33.8507    33.8492     1.3018     2.5214    6.98350    -0.0533     0.0138    99.6544     170291         16  0.000e+00
          0    252.360    250.140   45.82462 -129.75972     5.8662     5.8669   3.334150   3.334081    33.8507    33.8492     1.3018     2.5214    6.98351    -0.0533     0.0149    99.6272     170292         16  0.000e+00
          0    252.390    250.170   45.82462 -129.75972     5.8657     5.8663   3.334114   3.334035    33.8507    33.8492     1.3018     2.5214    6.98359    -0.0533     0.0149    99.6272     170293         16  0.000e+00
          0    252.308    250.088   45.82462 -129.75972     5.8660     5.8660   3.334102   3.334001    33.8504    33.8492     1.3030     2.5259    6.98356    -0.0460     0.0149    99.6272     170294         16  0.000e+00
          0    252.360    250.140   45.82462 -129.75972     5.8657     5.8657   3.334090   3.333994    33.8505    33.8493     1.3030     2.5259    6.98360    -0.0460     0.0149    99.6272     170295         16  0.000e+00
          0    252.308    250.088   45.82462 -129.75972     5.8655     5.8653   3.334096   3.333976    33.8508    33.8496     1.3018     2.5214    6.98362    -0.0460     0.0149    99.6272     170296         16  0.000e+00
          0    252.338    250.118   45.82462 -129.75972     5.8654     5.8655   3.334078   3.333931    33.8507    33.8489     1.3018     2.5214    6.98364    -0.0533     0.0138    99.6544     170297         16  0.000e+00
          0    252.308    250.088   45.82462 -129.75972     5.8651     5.8655   3.334084   3.333956    33.8510    33.8492     1.3018     2.5215    6.98366    -0.0533     0.0138    99.6544     170298         16  0.000e+00
          0    252.308    250.088   45.82462 -129.75972     5.8652     5.8647   3.334072   3.333949    33.8508    33.8499     1.3018     2.5215    6.98366    -0.0460     0.0149    99.6272     170299         16  0.000e+00
          0    252.308    250.088   45.82462 -129.75972     5.8648     5.8650   3.334036   3.333924    33.8508    33.8494     1.3018     2.5216    6.98373    -0.0533     0.0138    99.6544     170300         16  0.000e+00
          0    252.256    250.037   45.82462 -129.75972     5.8648     5.8650   3.334036   3.333935    33.8508    33.8495     1.3018     2.5217    6.98373    -0.0533     0.0149    99.6272     170301         16  0.000e+00
          0    252.278    250.059   45.82462 -129.75972     5.8646     5.8649   3.334042   3.333903    33.8511    33.8492     1.3018     2.5212    6.98375    -0.0460     0.0149    99.6272     170302         16  0.000e+00
          0    252.256    250.037   45.82462 -129.75972     5.8650     5.8651   3.334030   3.333928    33.8506    33.8493     1.3018     2.5213    6.98371    -0.0460     0.0149    99.6272     170303         16  0.000e+00
          0    252.196    249.977   45.82462 -129.75972     5.8651     5.8653   3.334036   3.333942    33.8506    33.8493     1.3018     2.5214    6.98369    -0.0533     0.0149    99.6272     170304         16  0.000e+00
          0    252.256    250.037   45.82462 -129.75972     5.8651     5.8653   3.334018   3.333942    33.8503    33.8492     1.3018     2.5211    6.98370    -0.0533     0.0138    99.6544     170305         16  0.000e+00
          0    252.226    250.007   45.82462 -129.75972     5.8648     5.8653   3.334024   3.333983    33.8507    33.8497     1.3018     2.5207    6.98373    -0.0533     0.0138    99.6544     170306         16  0.000e+00
          0    252.196    249.977   45.82462 -129.75972     5.8649     5.8656   3.334012   3.333976    33.8504    33.8494     1.3018     2.5208    6.98373    -0.0460     0.0138    99.6544     170307         16  0.000e+00
          0    252.196    249.977   45.82462 -129.75972     5.8645     5.8655   3.334030   3.334004    33.8511    33.8498     1.3018     2.5210    6.98377    -0.0460     0.0149    99.6272     170308         16  0.000e+00
          0    252.196    249.978   45.82462 -129.75972     5.8644     5.8651   3.334006   3.333945    33.8509    33.8495     1.3018     2.5207    6.98379    -0.0533     0.0138    99.6544     170309         16  0.000e+00
          0    252.226    250.007   45.82462 -129.75972     5.8648     5.8647   3.334006   3.333917    33.8505    33.8496     1.3018     2.5203    6.98375    -0.0387     0.0138    99.6544     170310         16  0.000e+00
          0    252.144    249.926   45.82462 -129.75972     5.8643     5.8648   3.334030   3.333938    33.8513    33.8498     1.3030     2.5250    6.98378    -0.0387     0.0138    99.6544     170311         16  0.000e+00
          0    252.196    249.978   45.82462 -129.75972     5.8648     5.8650   3.334030   3.333942    33.8508    33.8496     1.3018     2.5207    6.98373    -0.0314     0.0149    99.6272     170312         16  0.000e+00
          0    252.196    249.978   45.82462 -129.75972     5.8651     5.8651   3.334036   3.333962    33.8505    33.8497     1.3030     2.5248    6.98369    -0.0314     0.0138    99.6544     170313         16  0.000e+00
          0    252.144    249.926   45.82462 -129.75972     5.8651     5.8655   3.334060   3.333973    33.8509    33.8495     1.3018     2.5205    6.98368    -0.0387     0.0149    99.6272     170314         16  0.000e+00
          0    252.167    249.948   45.82462 -129.75972     5.8653     5.8656   3.334060   3.333969    33.8506    33.8493     1.3018     2.5201    6.98365    -0.0387     0.0149    99.6272     170315         16  0.000e+00
          0    252.144    249.926   45.82462 -129.75972     5.8652     5.8657   3.334042   3.333949    33.8505    33.8489     1.3018     2.5203    6.98368    -0.0387     0.0149    99.6272     170316         16  0.000e+00
          0    252.196    249.978   45.82462 -129.75972     5.8652     5.8656   3.334042   3.333962    33.8505    33.8492     1.3018     2.5199    6.98368    -0.0314     0.0149    99.6272     170317         16  0.000e+00
          0    252.144    249.926   45.82462 -129.75972     5.8651     5.8653   3.334054   3.333949    33.8507    33.8494     1.3018     2.5201    6.98368    -0.0314     0.0149    99.6272     170318         16  0.000e+00
          0    252.167    249.948   45.82462 -129.75972     5.8651     5.8643   3.334024   3.333883    33.8504    33.8496     1.3030     2.5248    6.98370    -0.0314     0.0149    99.6272     170319         16  0.000e+00
          0    252.144    249.926   45.82462 -129.75972     5.8648     5.8635   3.334012   3.333844    33.8506    33.8500     1.3018     2.5211    6.98374    -0.0314     0.0149    99.6272     170320         16  0.000e+00
          0    252.144    249.926   45.82462 -129.75972     5.8648     5.8625   3.334000   3.333820    33.8505    33.8507     1.3018     2.5208    6.98375    -0.0387     0.0138    99.6544     170321         16  0.000e+00
          0    252.256    250.037   45.82462 -129.75972     5.8646     5.8619   3.333982   3.333733    33.8504    33.8503     1.3018     2.5205    6.98378    -0.0387     0.0138    99.6544     170322         16  0.000e+00
          0    252.062    249.845   45.82462 -129.75972     5.8648     5.8619   3.334024   3.333730    33.8508    33.8503     1.3018     2.5207    6.98373    -0.0387     0.0138    99.6544     170323         16  0.000e+00
          0    252.256    250.037   45.82462 -129.75972     5.8646     5.8626   3.333988   3.333754    33.8505    33.8499     1.3018     2.5210    6.98378    -0.0387     0.0138    99.6544     170324         16  0.000e+00
          0    252.144    249.926   45.82462 -129.75972     5.8645     5.8632   3.334000   3.333761    33.8508    33.8493     1.3018     2.5207    6.98378    -0.0314     0.0138    99.6544     170325         16  0.000e+00
          0    252.197    249.978   45.82462 -129.75972     5.8646     5.8634   3.334012   3.333820    33.8508    33.8498     1.3018     2.5210    6.98376    -0.0314     0.0149    99.6272     170326         16  0.000e+00
          0    252.114    249.896   45.82462 -129.75972     5.8643     5.8643   3.334000   3.333837    33.8510    33.8491     1.3030     2.5258    6.98380    -0.0314     0.0149    99.6272     170327         16  0.000e+00
          0    252.256    250.037   45.82462 -129.75972     5.8644     5.8645   3.334030   3.333858    33.8511    33.8491     1.3018     2.5216    6.98377    -0.0387     0.0149    99.6272     170328         16  0.000e+00
          0    252.197    249.978   45.82462 -129.75972     5.8646     5.8645   3.333988   3.333865    33.8505    33.8492     1.3018     2.5214    6.98378    -0.0387     0.0138    99.6544     170329         16  0.000e+00
          0    252.256    250.037   45.82462 -129.75972     5.8643     5.8644   3.334000   3.333886    33.8509    33.8495     1.3018     2.5217    6.98380    -0.0387     0.0149    99.6272     170330         16  0.000e+00
          0    252.256    250.037   45.82462 -129.75972     5.8644     5.8640   3.334030   3.333872    33.8511    33.8497     1.3018     2.5220    6.98377    -0.0387     0.0149    99.6272     170331         16  0.000e+00
          0    252.227    250.007   45.82462 -129.75972     5.8643     5.8643   3.334006   3.333865    33.8510    33.8494     1.3018     2.5218    6.98380    -0.0314     0.0149    99.6272     170332         16  0.000e+00
          0    252.256    250.037   45.82462 -129.75972     5.8643     5.8643   3.334006   3.333869    33.8510    33.8494     1.3018     2.5216    6.98381    -0.0314     0.0149    99.6272     170333         16  0.000e+00
          0    252.256    250.037   45.82462 -129.75972     5.8641     5.8642   3.334012   3.333865    33.8512    33.8495     1.3018     2.5220    6.98382    -0.0240     0.0149    99.6272     170334         16  0.000e+00
          0    252.309    250.089   45.82462 -129.75972     5.8645     5.8637   3.334000   3.333827    33.8507    33.8496     1.3018     2.5223    6.98378    -0.0240     0.0149    99.6272     170335         16  0.000e+00
          0    252.279    250.059   45.82462 -129.75972     5.8644     5.8634   3.333982   3.333775    33.8506    33.8493     1.3018     2.5222    6.98380    -0.0240     0.0149    99.6272     170336         16  0.000e+00
          0    252.309    250.089   45.82462 -129.75972     5.8645     5.8632   3.334000   3.333782    33.8507    33.8495     1.3018     2.5220    6.98378    -0.0314     0.0149    99.6272     170337         16  0.000e+00
          0    252.309    250.089   45.82462 -129.75972     5.8646     5.8631   3.334048   3.333768    33.8511    33.8495     1.3018     2.5219    6.98375    -0.0314     0.0149    99.6272     170338         16  0.000e+00
          0    252.361    250.141   45.82462 -129.75972     5.8646     5.8629   3.334042   3.333803    33.8510    33.8501     1.3018     2.5223    6.98375    -0.0240     0.0149    99.6272     170339         16  0.000e+00
