TN422/CTD Data/TN-422_CTD-002.ros
* Sea-Bird SBE 9 Data File:
* FileName = C:\data\TN422\TN-422_CTD_02.hex
* Software Version Seasave V 7.26.7.107
* Temperature SN = 2195
* Conductivity SN = 2903
* Number of Bytes Per Scan = 41
* Number of Voltage Words = 4
* Number of Scans Averaged by the Deck Unit = 1
* NMEA Latitude = 44 31.97 N
* NMEA Longitude = 125 23.50 W
* NMEA UTC (Time) = Aug 16 2023  22:53:46
* NMEA baud rate = 4800
** Cruise: TN-422
** Cast: CTD-002
** Location: 500 m downcurrent of SP at S;ope Base
** Date: Aug 16, 2023
** Water Depth: 2909
** Operator: JN
# nquan = 20
# nvalues = 2328                                  
# units = specified
# name 0 = modError: Modulo Error Count
# name 1 = prDM: Pressure, Digiquartz [db]
# name 2 = depSM: Depth [salt water, m]
# name 3 = latitude: Latitude [deg]
# name 4 = longitude: Longitude [deg]
# name 5 = t090C: Temperature [ITS-90, deg C]
# name 6 = t190C: Temperature, 2 [ITS-90, deg C]
# name 7 = c0S/m: Conductivity [S/m]
# name 8 = c1S/m: Conductivity, 2 [S/m]
# name 9 = sal00: Salinity, Practical [PSU]
# name 10 = sal11: Salinity, Practical, 2 [PSU]
# name 11 = sbeox0V: Oxygen raw, SBE 43 [V]
# name 12 = sbeox0ML/L: Oxygen, SBE 43 [ml/l]
# name 13 = oxsolML/L: Oxygen Saturation, Garcia & Gordon [ml/l]
# name 14 = flECO-AFL: Fluorescence, WET Labs ECO-AFL/FL [mg/m^3]
# name 15 = CStarAt0: Beam Attenuation, WET Labs C-Star [1/m]
# name 16 = CStarTr0: Beam Transmission, WET Labs C-Star [%]
# name 17 = scan: Scan Count
# name 18 = nbf: Bottles Fired
# name 19 = flag:  0.000e+00
# interval = seconds: 0.0416667
# start_time = Aug 16 2023 22:53:46 [NMEA time, header]
# bad_flag = -9.990e-29
*END*
[from data line 2317]
          0      9.754      9.675   44.53276 -125.39162    18.5289    18.7211   4.355962   4.370383    32.5835    32.5521     2.6204     5.0568    5.39527     0.5327     0.1730    95.7679     203853         24  0.000e+00
          0      9.717      9.638   44.53276 -125.39162    18.5313    18.7214   4.356276   4.370332    32.5842    32.5514     2.6204     5.0575    5.39500     0.5327     0.1730    95.7679     203854         24  0.000e+00
          0      9.754      9.675   44.53276 -125.39162    18.5339    18.7218   4.356630   4.370293    32.5851    32.5508     2.6204     5.0580    5.39471     0.5327     0.1741    95.7407     203855         24  0.000e+00
          0      9.717      9.638   44.53276 -125.39162    18.5364    18.7223   4.357004   4.370210    32.5862    32.5497     2.6217     5.0615    5.39442     0.5327     0.1730    95.7679     203856         24  0.000e+00
          0      9.695      9.616   44.53276 -125.39162    18.5394    18.7225   4.357318   4.370187    32.5866    32.5493     2.6217     5.0618    5.39411     0.5327     0.1696    95.8494     203857         24  0.000e+00
          0      9.717      9.638   44.53276 -125.39162    18.5423    18.7232   4.357691   4.370187    32.5874    32.5488     2.6217     5.0619    5.39379     0.5327     0.1673    95.9038     203858         24  0.000e+00
          0      9.717      9.638   44.53276 -125.39162    18.5457    18.7238   4.358159   4.370108    32.5886    32.5477     2.6229     5.0651    5.39340     0.5327     0.1684    95.8766     203859         24  0.000e+00
          0      9.695      9.616   44.53276 -125.39162    18.5490    18.7244   4.358613   4.370084    32.5898    32.5470     2.6217     5.0622    5.39303     0.5327     0.1787    95.6320     203860         24  0.000e+00
          0      9.717      9.638   44.53276 -125.39162    18.5528    18.7249   4.359060   4.370061    32.5905    32.5464     2.6229     5.0652    5.39262     0.5327     0.1923    95.3059     203861         24  0.000e+00
          0      9.695      9.616   44.53276 -125.39162    18.5566    18.7256   4.359534   4.370002    32.5915    32.5454     2.6229     5.0651    5.39220     0.5327     0.1935    95.2787     203862         24  0.000e+00
          0      9.657      9.579   44.53276 -125.39162    18.5605    18.7266   4.360102   4.370009    32.5931    32.5447     2.6229     5.0648    5.39175     0.5327     0.1889    95.3874     203863         24  0.000e+00
