TN422/CTD Data/TN-422_CTD-007.ros
* Sea-Bird SBE 9 Data File:
* FileName = C:\data\TN422\TN-422_CTD_07.hex
* Software Version Seasave V 7.26.7.107
* Temperature SN = 2195
* Conductivity SN = 2903
* Number of Bytes Per Scan = 41
* Number of Voltage Words = 4
* Number of Scans Averaged by the Deck Unit = 1
* NMEA Latitude = 44 31.42 N
* NMEA Longitude = 125 22.54 W
* NMEA UTC (Time) = Sep 11 2023  19:35:36
* NMEA baud rate = 4800
** Cruise: TN-422_CTD_007
** Cast: CTD_03_RS03AXPD
** Location: Slope Base DP
** Date: Sep 11, 2023
** Water Depth: 2905
** Operator: JN
** 500 m SE of DP
# nquan = 20
# nvalues = 2328                                  
# units = specified
# name 0 = modError: Modulo Error Count
# name 1 = prDM: Pressure, Digiquartz [db]
# name 2 = depSM: Depth [salt water, m]
# name 3 = latitude: Latitude [deg]
# name 4 = longitude: Longitude [deg]
# name 5 = t090C: Temperature [ITS-90, deg C]
# name 6 = t190C: Temperature, 2 [ITS-90, deg C]
# name 7 = c0S/m: Conductivity [S/m]
# name 8 = c1S/m: Conductivity, 2 [S/m]
# name 9 = sal00: Salinity, Practical [PSU]
# name 10 = sal11: Salinity, Practical, 2 [PSU]
# name 11 = sbeox0V: Oxygen raw, SBE 43 [V]
# name 12 = sbeox0ML/L: Oxygen, SBE 43 [ml/l]
# name 13 = oxsolML/L: Oxygen Saturation, Garcia & Gordon [ml/l]
# name 14 = flECO-AFL: Fluorescence, WET Labs ECO-AFL/FL [mg/m^3]
# name 15 = CStarAt0: Beam Attenuation, WET Labs C-Star [1/m]
# name 16 = CStarTr0: Beam Transmission, WET Labs C-Star [%]
# name 17 = scan: Scan Count
# name 18 = nbf: Bottles Fired
# name 19 = flag:  0.000e+00
# interval = seconds: 0.0416667
# start_time = Sep 11 2023 19:35:36 [NMEA time, header]
# bad_flag = -9.990e-29
*END*
[from data line 2317]
          0    201.619    199.894   44.52360 -125.37586     7.2652     7.2636   3.462910   3.462684    33.9172    33.9163     1.3237     2.4816    6.75818    -0.0460     0.0193    99.5185     187309         24  0.000e+00
          0    201.605    199.879   44.52360 -125.37586     7.2652     7.2640   3.462910   3.462674    33.9172    33.9159     1.3237     2.4817    6.75818    -0.0314     0.0193    99.5185     187310         24  0.000e+00
          0    201.620    199.894   44.52360 -125.37586     7.2652     7.2639   3.462904   3.462652    33.9171    33.9157     1.3237     2.4818    6.75818    -0.0240     0.0204    99.4913     187311         24  0.000e+00
          0    201.620    199.894   44.52360 -125.37586     7.2652     7.2638   3.462879   3.462723    33.9169    33.9165     1.3237     2.4814    6.75819    -0.0314     0.0204    99.4913     187312         24  0.000e+00
          0    201.605    199.879   44.52360 -125.37586     7.2652     7.2636   3.462916   3.462691    33.9173    33.9164     1.3237     2.4815    6.75818    -0.0240     0.0204    99.4913     187313         24  0.000e+00
          0    201.560    199.835   44.52360 -125.37586     7.2656     7.2639   3.462934   3.462674    33.9172    33.9159     1.3237     2.4816    6.75813    -0.0314     0.0193    99.5185     187314         24  0.000e+00
          0    201.560    199.835   44.52360 -125.37586     7.2652     7.2640   3.462952   3.462674    33.9177    33.9159     1.3237     2.4813    6.75816    -0.0240     0.0193    99.5185     187315         24  0.000e+00
          0    201.552    199.828   44.52360 -125.37586     7.2656     7.2638   3.462940   3.462674    33.9172    33.9160     1.3237     2.4815    6.75813    -0.0314     0.0193    99.5185     187316         24  0.000e+00
          0    201.560    199.835   44.52360 -125.37586     7.2659     7.2639   3.462952   3.462674    33.9171    33.9159     1.3249     2.4859    6.75809    -0.0240     0.0193    99.5185     187317         24  0.000e+00
          0    201.553    199.828   44.52360 -125.37586     7.2659     7.2641   3.462928   3.462691    33.9168    33.9159     1.3237     2.4822    6.75810    -0.0240     0.0193    99.5185     187318         24  0.000e+00
          0    201.508    199.783   44.52360 -125.37586     7.2659     7.2646   3.462928   3.462698    33.9168    33.9155     1.3237     2.4824    6.75810    -0.0240     0.0193    99.5185     187319         24  0.000e+00
