TN422/CTD Data/TN-422_CTD-008.ros
* Sea-Bird SBE 9 Data File:
* FileName = C:\data\TN422\TN-422_CTD_08hex.hex
* Software Version Seasave V 7.26.7.107
* Temperature SN = 2195
* Conductivity SN = 2903
* Number of Bytes Per Scan = 41
* Number of Voltage Words = 4
* Number of Scans Averaged by the Deck Unit = 1
* NMEA Latitude = 45 50.08 N
* NMEA Longitude = 129 45.55 W
* NMEA UTC (Time) = Sep 12 2023  23:09:40
* NMEA baud rate = 4800
** Cruise: TN-422_CTD_008
** Cast: CTD_03_RS03AXPD
** Location: Axial Base DP
** Date: Sep 12, 2023
** Water Depth: 2603
** Operator: JN
# nquan = 20
# nvalues = 2328                                  
# units = specified
# name 0 = modError: Modulo Error Count
# name 1 = prDM: Pressure, Digiquartz [db]
# name 2 = depSM: Depth [salt water, m]
# name 3 = latitude: Latitude [deg]
# name 4 = longitude: Longitude [deg]
# name 5 = t090C: Temperature [ITS-90, deg C]
# name 6 = t190C: Temperature, 2 [ITS-90, deg C]
# name 7 = c0S/m: Conductivity [S/m]
# name 8 = c1S/m: Conductivity, 2 [S/m]
# name 9 = sal00: Salinity, Practical [PSU]
# name 10 = sal11: Salinity, Practical, 2 [PSU]
# name 11 = sbeox0V: Oxygen raw, SBE 43 [V]
# name 12 = sbeox0ML/L: Oxygen, SBE 43 [ml/l]
# name 13 = oxsolML/L: Oxygen Saturation, Garcia & Gordon [ml/l]
# name 14 = flECO-AFL: Fluorescence, WET Labs ECO-AFL/FL [mg/m^3]
# name 15 = CStarAt0: Beam Attenuation, WET Labs C-Star [1/m]
# name 16 = CStarTr0: Beam Transmission, WET Labs C-Star [%]
# name 17 = scan: Scan Count
# name 18 = nbf: Bottles Fired
# name 19 = flag:  0.000e+00
# interval = seconds: 0.0416667
# start_time = Sep 12 2023 23:09:40 [NMEA time, header]
# bad_flag = -9.990e-29
*END*
[from data line 580]
          0   2280.759   2249.829   45.83460 -129.75922     1.8749     1.8778   3.132793   3.132828    34.6052    34.6025     0.8580     1.5714    7.65540    -0.0387     0.0019    99.9534      93034          6  0.000e+00
          0   2280.813   2249.882   45.83460 -129.75922     1.8749     1.8777   3.132810   3.132828    34.6054    34.6026     0.8592     1.5774    7.65539    -0.0460     0.0019    99.9534      93035          6  0.000e+00
          0   2026.004   1999.720   45.83460 -129.75922     1.9433     1.9454   3.127421   3.127436    34.5903    34.5883     0.8332     1.4039    7.64300    -0.0167     0.0019    99.9534     102178          7  0.000e+00
          0   2025.950   1999.667   45.83460 -129.75922     1.9432     1.9457   3.127438   3.127449    34.5908    34.5882     0.8319     1.3979    7.64301    -0.0167     0.0019    99.9534     102179          7  0.000e+00
          0   2025.881   1999.599   45.83460 -129.75922     1.9433     1.9456   3.127403   3.127432    34.5902    34.5881     0.8319     1.3975    7.64301    -0.0167     0.0019    99.9534     102180          7  0.000e+00
          0   2025.950   1999.667   45.83460 -129.75922     1.9432     1.9457   3.127427   3.127436    34.5906    34.5881     0.8319     1.3971    7.64302    -0.0167     0.0008    99.9806     102181          7  0.000e+00
          0   2025.835   1999.554   45.83460 -129.75922     1.9433     1.9456   3.127427   3.127449    34.5905    34.5884     0.8332     1.4035    7.64299    -0.0167     0.0008    99.9806     102182          7  0.000e+00
          0   2025.835   1999.554   45.83460 -129.75922     1.9432     1.9458   3.127438   3.127422    34.5908    34.5878     0.8332     1.4042    7.64301    -0.0167     0.0019    99.9534     102183          7  0.000e+00
          0   2025.835   1999.554   45.83460 -129.75922     1.9433     1.9454   3.127427   3.127425    34.5905    34.5882     0.8319     1.3994    7.64299    -0.0167     0.0019    99.9534     102184          7  0.000e+00
          0   2025.773   1999.493   45.83460 -129.75922     1.9433     1.9453   3.127421   3.127446    34.5904    34.5886     0.8319     1.4002    7.64299    -0.0167     0.0019    99.9534     102185          7  0.000e+00
          0   2025.773   1999.493   45.83460 -129.75922     1.9433     1.9456   3.127438   3.127442    34.5907    34.5883     0.8319     1.3998    7.64298    -0.0167     0.0019    99.9534     102186          7  0.000e+00
          0   2025.719   1999.441   45.83460 -129.75922     1.9433     1.9457   3.127444   3.127412    34.5908    34.5879     0.8319     1.4006    7.64297    -0.0167     0.0019    99.9534     102187          7  0.000e+00
          0   2025.719   1999.441   45.83460 -129.75922     1.9433     1.9456   3.127427   3.127412    34.5905    34.5880     0.8319     1.4003    7.64299    -0.0167     0.0019    99.9534     102188          7  0.000e+00
          0   2025.650   1999.373   45.83460 -129.75922     1.9433     1.9455   3.127397   3.127425    34.5902    34.5882     0.8332     1.4067    7.64300    -0.0167     0.0019    99.9534     102189          7  0.000e+00
          0   2025.658   1999.380   45.83460 -129.75922     1.9432     1.9454   3.127427   3.127436    34.5908    34.5884     0.8332     1.4075    7.64301    -0.0167     0.0019    99.9534     102190          7  0.000e+00
          0   2025.658   1999.380   45.83460 -129.75922     1.9433     1.9453   3.127403   3.127392    34.5903    34.5880     0.8319     1.4027    7.64300    -0.0167     0.0019    99.9534     102191          7  0.000e+00
          0   2025.596   1999.320   45.83460 -129.75922     1.9430     1.9454   3.127409   3.127415    34.5908    34.5882     0.8319     1.4023    7.64304    -0.0167     0.0019    99.9534     102192          7  0.000e+00
          0   2025.542   1999.267   45.83460 -129.75922     1.9432     1.9457   3.127421   3.127419    34.5907    34.5881     0.8319     1.4019    7.64301    -0.0167     0.0019    99.9534     102193          7  0.000e+00
          0   2025.481   1999.206   45.83460 -129.75922     1.9432     1.9456   3.127421   3.127368    34.5908    34.5875     0.8319     1.4015    7.64301    -0.0167     0.0019    99.9534     102194          7  0.000e+00
          0   2025.596   1999.320   45.83460 -129.75922     1.9433     1.9457   3.127397   3.127415    34.5902    34.5880     0.8319     1.4011    7.64300    -0.0167     0.0019    99.9534     102195          7  0.000e+00
          0   2025.543   1999.267   45.83460 -129.75922     1.9432     1.9454   3.127409   3.127392    34.5906    34.5880     0.8319     1.4007    7.64302    -0.0167     0.0019    99.9534     102196          7  0.000e+00
          0   2025.473   1999.199   45.83460 -129.75922     1.9430     1.9455   3.127397   3.127398    34.5907    34.5880     0.8319     1.4003    7.64305    -0.0240     0.0019    99.9534     102197          7  0.000e+00
          0   2025.427   1999.153   45.83460 -129.75922     1.9432     1.9456   3.127391   3.127412    34.5904    34.5881     0.8319     1.3999    7.64303    -0.0240     0.0019    99.9534     102198          7  0.000e+00
          0   2025.427   1999.154   45.83460 -129.75922     1.9429     1.9455   3.127368   3.127385    34.5905    34.5879     0.8319     1.3995    7.64308    -0.0314     0.0008    99.9806     102199          7  0.000e+00
          0   2025.427   1999.154   45.83460 -129.75922     1.9432     1.9454   3.127403   3.127405    34.5906    34.5882     0.8319     1.3990    7.64302    -0.0314     0.0019    99.9534     102200          7  0.000e+00
          0   2025.366   1999.093   45.83460 -129.75922     1.9430     1.9453   3.127397   3.127425    34.5907    34.5885     0.8319     1.3986    7.64304    -0.0240     0.0019    99.9534     102201          7  0.000e+00
          0   2025.366   1999.093   45.83460 -129.75922     1.9432     1.9451   3.127409   3.127398    34.5907    34.5885     0.8319     1.3982    7.64301    -0.0314     0.0019    99.9534     102202          7  0.000e+00
          0   2025.366   1999.093   45.83460 -129.75922     1.9432     1.9455   3.127438   3.127378    34.5910    34.5878     0.8319     1.3978    7.64299    -0.0314     0.0019    99.9534     102203          7  0.000e+00
          0   2025.312   1999.040   45.83460 -129.75922     1.9432     1.9454   3.127403   3.127398    34.5906    34.5882     0.8332     1.4042    7.64301    -0.0314     0.0019    99.9534     102204          7  0.000e+00
          0   2025.296   1999.025   45.83460 -129.75922     1.9432     1.9455   3.127391   3.127392    34.5905    34.5880     0.8332     1.4063    7.64302    -0.0240     0.0019    99.9534     102205          7  0.000e+00
          0   2025.250   1998.980   45.83460 -129.75922     1.9430     1.9456   3.127391   3.127378    34.5907    34.5878     0.8332     1.4070    7.64304    -0.0314     0.0019    99.9534     102206          7  0.000e+00
          0   2025.250   1998.980   45.83460 -129.75922     1.9433     1.9457   3.127391   3.127348    34.5903    34.5873     0.8319     1.4009    7.64300    -0.0314     0.0008    99.9806     102207          7  0.000e+00
          0   2025.250   1998.980   45.83460 -129.75922     1.9432     1.9454   3.127409   3.127368    34.5907    34.5878     0.8319     1.4004    7.64301    -0.0240     0.0008    99.9806     102208          7  0.000e+00
          0   2025.250   1998.980   45.83460 -129.75922     1.9432     1.9453   3.127421   3.127398    34.5909    34.5883     0.8319     1.3999    7.64300    -0.0240     0.0019    99.9534     102209          7  0.000e+00
          0   2025.189   1998.919   45.83460 -129.75922     1.9430     1.9453   3.127374   3.127392    34.5905    34.5883     0.8319     1.3994    7.64305    -0.0314     0.0008    99.9806     102210          7  0.000e+00
          0   2025.189   1998.919   45.83460 -129.75922     1.9430     1.9455   3.127421   3.127378    34.5911    34.5879     0.8319     1.3989    7.64302    -0.0167     0.0008    99.9806     102211          7  0.000e+00
          0   2025.189   1998.919   45.83460 -129.75922     1.9430     1.9454   3.127380   3.127405    34.5905    34.5883     0.8319     1.3996    7.64304    -0.0240     0.0019    99.9534     102212          7  0.000e+00
          0   2025.120   1998.851   45.83460 -129.75922     1.9430     1.9453   3.127380   3.127405    34.5906    34.5884     0.8332     1.4072    7.64305    -0.0314     0.0019    99.9534     102213          7  0.000e+00
          0   2025.189   1998.920   45.83460 -129.75922     1.9432     1.9454   3.127391   3.127412    34.5905    34.5884     0.8319     1.4012    7.64302    -0.0314     0.0019    99.9534     102214          7  0.000e+00
          0   2025.135   1998.867   45.83460 -129.75922     1.9430     1.9453   3.127409   3.127385    34.5910    34.5882     0.8319     1.4007    7.64303    -0.0314     0.0019    99.9534     102215          7  0.000e+00
          0   2025.074   1998.806   45.83460 -129.75922     1.9432     1.9453   3.127397   3.127398    34.5907    34.5884     0.8332     1.4083    7.64301    -0.0240     0.0019    99.9534     102216          7  0.000e+00
          0   2025.135   1998.867   45.83460 -129.75922     1.9430     1.9453   3.127368   3.127412    34.5904    34.5885     0.8332     1.4091    7.64305    -0.0240     0.0019    99.9534     102217          7  0.000e+00
          0   2025.074   1998.806   45.83460 -129.75922     1.9430     1.9453   3.127380   3.127405    34.5906    34.5885     0.8319     1.4017    7.64305    -0.0240     0.0019    99.9534     102218          7  0.000e+00
          0   2025.135   1998.867   45.83460 -129.75922     1.9432     1.9452   3.127368   3.127412    34.5903    34.5887     0.8319     1.4012    7.64303    -0.0314     0.0019    99.9534     102219          7  0.000e+00
          0   2025.074   1998.806   45.83460 -129.75922     1.9430     1.9454   3.127362   3.127405    34.5904    34.5884     0.8319     1.4006    7.64306    -0.0240     0.0019    99.9534     102220          7  0.000e+00
          0   2025.066   1998.799   45.83460 -129.75922     1.9430     1.9452   3.127380   3.127354    34.5907    34.5880     0.8332     1.4069    7.64305    -0.0314     0.0019    99.9534     102221          7  0.000e+00
          0   2025.074   1998.806   45.83460 -129.75922     1.9433     1.9453   3.127368   3.127388    34.5901    34.5883     0.8319     1.4006    7.64301    -0.0240     0.0019    99.9534     102222          7  0.000e+00
          0   2025.074   1998.806   45.83460 -129.75922     1.9429     1.9452   3.127339   3.127385    34.5903    34.5884     0.8319     1.4001    7.64309    -0.0314     0.0008    99.9806     102223          7  0.000e+00
          0   2025.020   1998.753   45.83460 -129.75922     1.9430     1.9453   3.127374   3.127385    34.5906    34.5883     0.8319     1.3994    7.64305    -0.0314     0.0008    99.9806     102224          7  0.000e+00
          0   2025.074   1998.806   45.83460 -129.75922     1.9432     1.9452   3.127409   3.127361    34.5908    34.5881     0.8332     1.4057    7.64300    -0.0240     0.0008    99.9806     102225          7  0.000e+00
          0   2025.074   1998.806   45.83460 -129.75922     1.9430     1.9451   3.127374   3.127378    34.5905    34.5884     0.8319     1.3994    7.64304    -0.0240     0.0019    99.9534     102226          7  0.000e+00
          0   2025.020   1998.754   45.83460 -129.75922     1.9430     1.9455   3.127403   3.127378    34.5910    34.5880     0.8332     1.4068    7.64303    -0.0240     0.0019    99.9534     102227          7  0.000e+00
          0   2025.074   1998.807   45.83460 -129.75922     1.9430     1.9453   3.127350   3.127358    34.5903    34.5879     0.8319     1.4006    7.64307    -0.0240     0.0019    99.9534     102228          7  0.000e+00
          0   2025.066   1998.799   45.83460 -129.75922     1.9433     1.9453   3.127374   3.127378    34.5902    34.5881     0.8319     1.3999    7.64300    -0.0314     0.0008    99.9806     102229          7  0.000e+00
          0   2025.020   1998.754   45.83460 -129.75922     1.9430     1.9454   3.127368   3.127418    34.5905    34.5886     0.8319     1.3992    7.64305    -0.0314     0.0019    99.9534     102230          7  0.000e+00
          0   2025.074   1998.807   45.83460 -129.75922     1.9433     1.9453   3.127403   3.127398    34.5906    34.5884     0.8332     1.4067    7.64298    -0.0314     0.0019    99.9534     102231          7  0.000e+00
          0   2025.020   1998.754   45.83460 -129.75922     1.9430     1.9457   3.127397   3.127398    34.5909    34.5880     0.8319     1.4016    7.64303    -0.0240     0.0008    99.9806     102232          7  0.000e+00
          0   2025.074   1998.807   45.83460 -129.75922     1.9433     1.9455   3.127391   3.127375    34.5904    34.5879     0.8332     1.4079    7.64299    -0.0314     0.0019    99.9534     102233          7  0.000e+00
          0   2025.020   1998.754   45.83460 -129.75922     1.9429     1.9453   3.127391   3.127375    34.5909    34.5882     0.8332     1.4084    7.64305    -0.0240     0.0019    99.9534     102234          7  0.000e+00
          0   2025.136   1998.867   45.83460 -129.75922     1.9433     1.9455   3.127409   3.127398    34.5906    34.5882     0.8332     1.4089    7.64298    -0.0314     0.0019    99.9534     102235          7  0.000e+00
          0   2025.067   1998.799   45.83460 -129.75922     1.9432     1.9456   3.127397   3.127391    34.5907    34.5880     0.8319     1.4026    7.64301    -0.0314     0.0019    99.9534     102236          7  0.000e+00
          0   2025.074   1998.807   45.83460 -129.75922     1.9429     1.9455   3.127391   3.127398    34.5909    34.5882     0.8319     1.4018    7.64306    -0.0314     0.0019    99.9534     102237          7  0.000e+00
          0   2025.074   1998.807   45.83460 -129.75922     1.9429     1.9456   3.127374   3.127391    34.5907    34.5880     0.8319     1.4023    7.64307    -0.0314     0.0019    99.9534     102238          7  0.000e+00
          0   2025.074   1998.807   45.83460 -129.75922     1.9430     1.9455   3.127385   3.127378    34.5907    34.5879     0.8319     1.4029    7.64304    -0.0240     0.0019    99.9534     102239          7  0.000e+00
          0   2025.136   1998.868   45.83460 -129.75922     1.9430     1.9456   3.127391   3.127415    34.5908    34.5883     0.8319     1.4022    7.64304    -0.0240     0.0019    99.9534     102240          7  0.000e+00
          0   2025.136   1998.868   45.83460 -129.75922     1.9432     1.9457   3.127409   3.127398    34.5908    34.5880     0.8319     1.4016    7.64301    -0.0314     0.0019    99.9534     102241          7  0.000e+00
          0   2025.136   1998.868   45.83460 -129.75922     1.9430     1.9457   3.127374   3.127398    34.5905    34.5879     0.8332     1.4078    7.64305    -0.0240     0.0019    99.9534     102242          7  0.000e+00
          0   2025.136   1998.868   45.83460 -129.75922     1.9430     1.9457   3.127380   3.127375    34.5906    34.5877     0.8319     1.4014    7.64305    -0.0240     0.0019    99.9534     102243          7  0.000e+00
          0   2025.121   1998.853   45.83460 -129.75922     1.9430     1.9456   3.127391   3.127395    34.5908    34.5880     0.8319     1.4007    7.64304    -0.0314     0.0019    99.9534     102244          7  0.000e+00
          0   2025.190   1998.921   45.83460 -129.75922     1.9430     1.9455   3.127391   3.127412    34.5907    34.5883     0.8319     1.4000    7.64303    -0.0387     0.0019    99.9534     102245          7  0.000e+00
          0   2025.136   1998.868   45.83460 -129.75922     1.9429     1.9457   3.127409   3.127405    34.5911    34.5880     0.8332     1.4061    7.64305    -0.0387     0.0019    99.9534     102246          7  0.000e+00
