TN422/CTD Data/TN-422_CTD-003.ros
* Sea-Bird SBE 9 Data File:
* FileName = C:\data\TN422\TN-422_CTD_03.hex
* Software Version Seasave V 7.26.7.107
* Temperature SN = 2195
* Conductivity SN = 2903
* Number of Bytes Per Scan = 41
* Number of Voltage Words = 4
* Number of Scans Averaged by the Deck Unit = 1
* NMEA Latitude = 45 50.06 N
* NMEA Longitude = 129 44.81 W
* NMEA UTC (Time) = Aug 25 2023  11:29:03
* NMEA baud rate = 4800
** Cruise: TN-422_CTD_03
** Cast: CTD_03_RS03AXPS
** Location:
** Date: Aug 25, 2023
** Water Depth:
** Operator: MW
** Axial Base shallow profiler pre recovery
# nquan = 20
# nvalues = 2328                                  
# units = specified
# name 0 = modError: Modulo Error Count
# name 1 = prDM: Pressure, Digiquartz [db]
# name 2 = depSM: Depth [salt water, m]
# name 3 = latitude: Latitude [deg]
# name 4 = longitude: Longitude [deg]
# name 5 = t090C: Temperature [ITS-90, deg C]
# name 6 = t190C: Temperature, 2 [ITS-90, deg C]
# name 7 = c0S/m: Conductivity [S/m]
# name 8 = c1S/m: Conductivity, 2 [S/m]
# name 9 = sal00: Salinity, Practical [PSU]
# name 10 = sal11: Salinity, Practical, 2 [PSU]
# name 11 = sbeox0V: Oxygen raw, SBE 43 [V]
# name 12 = sbeox0ML/L: Oxygen, SBE 43 [ml/l]
# name 13 = oxsolML/L: Oxygen Saturation, Garcia & Gordon [ml/l]
# name 14 = flECO-AFL: Fluorescence, WET Labs ECO-AFL/FL [mg/m^3]
# name 15 = CStarAt0: Beam Attenuation, WET Labs C-Star [1/m]
# name 16 = CStarTr0: Beam Transmission, WET Labs C-Star [%]
# name 17 = scan: Scan Count
# name 18 = nbf: Bottles Fired
# name 19 = flag:  0.000e+00
# interval = seconds: 0.0416667
# start_time = Aug 25 2023 11:29:03 [NMEA time, header]
# bad_flag = -9.990e-29
*END*
          0    222.102    220.164   45.83430 -129.74690     6.3507     6.3519   3.374131   3.374304    33.8312    33.8319     1.4658     3.0036    6.90593    -0.0533     0.0182    99.5457      25953          1  0.000e+00
          0    222.095    220.157   45.83430 -129.74690     6.3510     6.3522   3.374173   3.374304    33.8313    33.8316     1.4658     3.0034    6.90587    -0.0607     0.0171    99.5729      25954          1  0.000e+00
          0    222.102    220.164   45.83430 -129.74690     6.3507     6.3521   3.374203   3.374321    33.8320    33.8319     1.4658     3.0032    6.90589    -0.0533     0.0182    99.5457      25955          1  0.000e+00
          0    222.102    220.164   45.83430 -129.74690     6.3512     6.3524   3.374191   3.374307    33.8314    33.8314     1.4658     3.0024    6.90584    -0.0607     0.0182    99.5457      25956          1  0.000e+00
          0    222.154    220.216   45.83430 -129.74690     6.3510     6.3522   3.374191   3.374328    33.8315    33.8319     1.4670     3.0066    6.90586    -0.0460     0.0182    99.5457      25957          1  0.000e+00
          0    222.102    220.164   45.83430 -129.74690     6.3510     6.3520   3.374185   3.374307    33.8315    33.8318     1.4670     3.0069    6.90586    -0.0387     0.0182    99.5457      25958          1  0.000e+00
          0    222.095    220.157   45.83430 -129.74690     6.3510     6.3519   3.374203   3.374339    33.8317    33.8323     1.4670     3.0072    6.90585    -0.0387     0.0171    99.5729      25959          1  0.000e+00
          0    222.102    220.164   45.83430 -129.74690     6.3510     6.3524   3.374191   3.374321    33.8315    33.8316     1.4670     3.0075    6.90586    -0.0387     0.0171    99.5729      25960          1  0.000e+00
          0    222.102    220.164   45.83430 -129.74690     6.3515     6.3527   3.374215   3.374304    33.8313    33.8311     1.4658     3.0033    6.90578    -0.0460     0.0182    99.5457      25961          1  0.000e+00
          0    222.154    220.216   45.83430 -129.74690     6.3515     6.3525   3.374173   3.374339    33.8308    33.8316     1.4658     3.0032    6.90581    -0.0460     0.0193    99.5185      25962          1  0.000e+00
          0    222.102    220.164   45.83430 -129.74690     6.3515     6.3527   3.374173   3.374321    33.8309    33.8313     1.4658     3.0030    6.90581    -0.0460     0.0182    99.5457      25963          1  0.000e+00
          0    222.095    220.157   45.83430 -129.74690     6.3513     6.3522   3.374227   3.374342    33.8316    33.8320     1.4658     3.0029    6.90580    -0.0460     0.0182    99.5457      25964          1  0.000e+00
          0    222.102    220.164   45.83430 -129.74690     6.3515     6.3529   3.374209   3.374353    33.8313    33.8314     1.4658     3.0027    6.90579    -0.0460     0.0182    99.5457      25965          1  0.000e+00
          0    222.102    220.164   45.83430 -129.74690     6.3513     6.3524   3.374185   3.374321    33.8312    33.8316     1.4670     3.0070    6.90582    -0.0387     0.0182    99.5457      25966          1  0.000e+00
          0    222.102    220.164   45.83430 -129.74690     6.3516     6.3527   3.374203   3.374342    33.8310    33.8315     1.4670     3.0074    6.90578    -0.0387     0.0182    99.5457      25967          1  0.000e+00
          0    222.095    220.157   45.83430 -129.74690     6.3516     6.3528   3.374233   3.374332    33.8314    33.8313     1.4670     3.0078    6.90576    -0.0387     0.0182    99.5457      25968          1  0.000e+00
          0    222.042    220.105   45.83430 -129.74690     6.3521     6.3528   3.374275   3.374318    33.8314    33.8312     1.4670     3.0081    6.90568    -0.0387     0.0182    99.5457      25969          1  0.000e+00
          0    222.102    220.164   45.83430 -129.74690     6.3521     6.3524   3.374251   3.374325    33.8311    33.8316     1.4670     3.0085    6.90570    -0.0387     0.0182    99.5457      25970          1  0.000e+00
          0    222.102    220.164   45.83430 -129.74690     6.3520     6.3524   3.374263   3.374307    33.8314    33.8314     1.4670     3.0089    6.90571    -0.0387     0.0182    99.5457      25971          1  0.000e+00
          0    222.042    220.105   45.83430 -129.74690     6.3524     6.3520   3.374275   3.374279    33.8311    33.8315     1.4670     3.0092    6.90565    -0.0387     0.0182    99.5457      25972          1  0.000e+00
          0    222.095    220.157   45.83430 -129.74690     6.3523     6.3524   3.374282   3.374283    33.8313    33.8312     1.4670     3.0096    6.90566    -0.0460     0.0182    99.5457      25973          1  0.000e+00
          0    222.042    220.105   45.83430 -129.74690     6.3526     6.3518   3.374324   3.374255    33.8314    33.8315     1.4658     3.0051    6.90560    -0.0387     0.0171    99.5729      25974          1  0.000e+00
          0    222.042    220.105   45.83430 -129.74690     6.3524     6.3519   3.374288   3.374248    33.8312    33.8313     1.4658     3.0045    6.90564    -0.0460     0.0171    99.5729      25975          1  0.000e+00
          0    222.042    220.105   45.83430 -129.74690     6.3524     6.3515   3.374294   3.374237    33.8313    33.8315     1.4658     3.0039    6.90564    -0.0460     0.0171    99.5729      25976          1  0.000e+00
          0    222.042    220.105   45.83430 -129.74690     6.3526     6.3518   3.374336   3.374223    33.8316    33.8312     1.4658     3.0033    6.90560    -0.0387     0.0171    99.5729      25977          1  0.000e+00
          0    222.035    220.097   45.83430 -129.74690     6.3526     6.3516   3.374336   3.374241    33.8316    33.8315     1.4658     3.0032    6.90560    -0.0387     0.0171    99.5729      25978          1  0.000e+00
          0    221.990    220.053   45.83430 -129.74690     6.3528     6.3518   3.374336   3.374258    33.8314    33.8316     1.4670     3.0074    6.90558    -0.0460     0.0171    99.5729      25979          1  0.000e+00
          0    222.042    220.105   45.83430 -129.74690     6.3529     6.3519   3.374336   3.374272    33.8313    33.8316     1.4658     3.0035    6.90556    -0.0533     0.0171    99.5729      25980          1  0.000e+00
          0    221.990    220.053   45.83430 -129.74690     6.3528     6.3524   3.374342   3.374276    33.8315    33.8311     1.4670     3.0078    6.90557    -0.0607     0.0171    99.5729      25981          1  0.000e+00
          0    221.990    220.053   45.83430 -129.74690     6.3529     6.3524   3.374336   3.374304    33.8313    33.8314     1.4658     3.0038    6.90556    -0.0607     0.0171    99.5729      25982          1  0.000e+00
          0    221.983    220.046   45.83430 -129.74690     6.3532     6.3528   3.374336   3.374304    33.8310    33.8311     1.4658     3.0037    6.90553    -0.0607     0.0171    99.5729      25983          1  0.000e+00
          0    221.990    220.053   45.83430 -129.74690     6.3530     6.3525   3.374312   3.374339    33.8309    33.8317     1.4658     3.0032    6.90556    -0.0607     0.0182    99.5457      25984          1  0.000e+00
          0    221.938    220.001   45.83430 -129.74690     6.3529     6.3528   3.374312   3.374332    33.8310    33.8314     1.4658     3.0027    6.90557    -0.0607     0.0182    99.5457      25985          1  0.000e+00
          0    221.990    220.053   45.83430 -129.74690     6.3530     6.3527   3.374281   3.374335    33.8306    33.8315     1.4658     3.0027    6.90557    -0.0533     0.0193    99.5185      25986          1  0.000e+00
          0    221.938    220.001   45.83430 -129.74690     6.3529     6.3530   3.374318   3.374370    33.8311    33.8316     1.4658     3.0027    6.90557    -0.0533     0.0193    99.5185      25987          1  0.000e+00
          0    221.931    219.994   45.83430 -129.74690     6.3532     6.3532   3.374360   3.374339    33.8313    33.8311     1.4658     3.0027    6.90551    -0.0533     0.0193    99.5185      25988          1  0.000e+00
          0    221.938    220.001   45.83430 -129.74690     6.3534     6.3532   3.374354   3.374373    33.8311    33.8315     1.4658     3.0027    6.90550    -0.0533     0.0193    99.5185      25989          1  0.000e+00
          0    221.938    220.001   45.83430 -129.74690     6.3534     6.3530   3.374366   3.374360    33.8312    33.8315     1.4658     3.0028    6.90549    -0.0533     0.0193    99.5185      25990          1  0.000e+00
          0    221.878    219.942   45.83430 -129.74690     6.3535     6.3532   3.374372   3.374332    33.8311    33.8310     1.4658     3.0023    6.90547    -0.0607     0.0193    99.5185      25991          1  0.000e+00
          0    221.878    219.942   45.83430 -129.74690     6.3537     6.3535   3.374372   3.374394    33.8310    33.8314     1.4658     3.0019    6.90545    -0.0607     0.0193    99.5185      25992          1  0.000e+00
          0    221.931    219.994   45.83430 -129.74690     6.3537     6.3538   3.374414   3.374447    33.8314    33.8317     1.4658     3.0015    6.90543    -0.0533     0.0193    99.5185      25993          1  0.000e+00
          0    221.878    219.942   45.83430 -129.74690     6.3537     6.3541   3.374408   3.374457    33.8314    33.8315     1.4670     3.0054    6.90543    -0.0533     0.0193    99.5185      25994          1  0.000e+00
          0    221.826    219.890   45.83430 -129.74690     6.3539     6.3546   3.374402   3.374485    33.8312    33.8314     1.4658     3.0015    6.90542    -0.0533     0.0182    99.5457      25995          1  0.000e+00
          0    221.878    219.942   45.83430 -129.74690     6.3537     6.3550   3.374384   3.374485    33.8311    33.8310     1.4658     3.0017    6.90544    -0.0533     0.0182    99.5457      25996          1  0.000e+00
          0    221.826    219.890   45.83430 -129.74690     6.3537     6.3548   3.374396   3.374485    33.8313    33.8312     1.4658     3.0017    6.90544    -0.0607     0.0193    99.5185      25997          1  0.000e+00
          0    221.759    219.824   45.83430 -129.74690     6.3539     6.3550   3.374378   3.374513    33.8310    33.8313     1.4658     3.0018    6.90543    -0.0533     0.0193    99.5185      25998          1  0.000e+00
          0    221.938    220.001   45.83430 -129.74690     6.3539     6.3548   3.374372   3.374534    33.8308    33.8317     1.4670     3.0064    6.90543    -0.0533     0.0182    99.5457      25999          1  0.000e+00
          0    221.774    219.839   45.83430 -129.74690     6.3536     6.3548   3.374372   3.374496    33.8311    33.8314     1.4670     3.0070    6.90546    -0.0533     0.0182    99.5457      26000          1  0.000e+00
          0    221.878    219.942   45.83430 -129.74690     6.3537     6.3550   3.374372   3.374492    33.8310    33.8311     1.4658     3.0033    6.90545    -0.0607     0.0182    99.5457      26001          1  0.000e+00
          0    221.774    219.839   45.83430 -129.74690     6.3535     6.3548   3.374372   3.374485    33.8312    33.8312     1.4658     3.0029    6.90547    -0.0607     0.0193    99.5185      26002          1  0.000e+00
          0    221.759    219.824   45.83430 -129.74690     6.3535     6.3550   3.374342   3.374443    33.8309    33.8306     1.4658     3.0026    6.90548    -0.0460     0.0182    99.5457      26003          1  0.000e+00
          0    221.774    219.839   45.83430 -129.74690     6.3532     6.3546   3.374299   3.374478    33.8307    33.8313     1.4658     3.0022    6.90554    -0.0387     0.0182    99.5457      26004          1  0.000e+00
          0    221.774    219.839   45.83430 -129.74690     6.3532     6.3546   3.374324   3.374506    33.8310    33.8316     1.4658     3.0019    6.90553    -0.0314     0.0171    99.5729      26005          1  0.000e+00
          0    221.774    219.839   45.83430 -129.74690     6.3532     6.3548   3.374312   3.374489    33.8308    33.8313     1.4658     3.0021    6.90553    -0.0314     0.0182    99.5457      26006          1  0.000e+00
          0    221.774    219.839   45.83430 -129.74690     6.3529     6.3548   3.374324   3.374475    33.8312    33.8311     1.4670     3.0066    6.90556    -0.0314     0.0182    99.5457      26007          1  0.000e+00
          0    221.759    219.824   45.83430 -129.74690     6.3529     6.3546   3.374342   3.374482    33.8315    33.8314     1.4670     3.0073    6.90555    -0.0314     0.0171    99.5729      26008          1  0.000e+00
          0    221.714    219.780   45.83430 -129.74690     6.3530     6.3546   3.374336   3.374485    33.8313    33.8314     1.4658     3.0035    6.90554    -0.0314     0.0171    99.5729      26009          1  0.000e+00
          0    221.714    219.780   45.83430 -129.74690     6.3530     6.3543   3.374312   3.374485    33.8310    33.8317     1.4658     3.0033    6.90555    -0.0387     0.0171    99.5729      26010          1  0.000e+00
          0    221.714    219.780   45.83430 -129.74690     6.3532     6.3545   3.374324   3.374433    33.8310    33.8310     1.4670     3.0073    6.90553    -0.0314     0.0171    99.5729      26011          1  0.000e+00
          0    221.714    219.780   45.83430 -129.74690     6.3534     6.3545   3.374342   3.374429    33.8311    33.8309     1.4670     3.0075    6.90550    -0.0314     0.0182    99.5457      26012          1  0.000e+00
          0    221.759    219.824   45.83430 -129.74690     6.3532     6.3545   3.374336   3.374450    33.8311    33.8311     1.4670     3.0076    6.90552    -0.0387     0.0182    99.5457      26013          1  0.000e+00
          0    221.662    219.728   45.83430 -129.74690     6.3534     6.3543   3.374360   3.374426    33.8313    33.8311     1.4658     3.0033    6.90549    -0.0314     0.0193    99.5185      26014          1  0.000e+00
          0    221.662    219.728   45.83430 -129.74690     6.3535     6.3546   3.374390   3.374447    33.8315    33.8310     1.4658     3.0035    6.90545    -0.0314     0.0193    99.5185      26015          1  0.000e+00
          0    221.714    219.780   45.83430 -129.74690     6.3535     6.3543   3.374360   3.374457    33.8311    33.8314     1.4658     3.0036    6.90547    -0.0314     0.0182    99.5457      26016          1  0.000e+00
          0    221.714    219.780   45.83430 -129.74690     6.3535     6.3543   3.374336   3.374447    33.8308    33.8313     1.4658     3.0038    6.90548    -0.0314     0.0182    99.5457      26017          1  0.000e+00
          0    221.655    219.720   45.83430 -129.74690     6.3535     6.3543   3.374336   3.374454    33.8309    33.8314     1.4658     3.0040    6.90548    -0.0314     0.0193    99.5185      26018          1  0.000e+00
          0    221.714    219.780   45.83430 -129.74690     6.3534     6.3543   3.374360   3.374457    33.8312    33.8314     1.4670     3.0086    6.90548    -0.0314     0.0193    99.5185      26019          1  0.000e+00
          0    221.662    219.728   45.83430 -129.74690     6.3534     6.3546   3.374330   3.374447    33.8309    33.8310     1.4670     3.0093    6.90550    -0.0314     0.0204    99.4913      26020          1  0.000e+00
          0    221.662    219.728   45.83430 -129.74690     6.3535     6.3545   3.374330   3.374433    33.8308    33.8310     1.4670     3.0100    6.90549    -0.0314     0.0204    99.4913      26021          1  0.000e+00
          0    221.662    219.728   45.83430 -129.74690     6.3532     6.3545   3.374336   3.374412    33.8312    33.8308     1.4658     3.0064    6.90552    -0.0387     0.0204    99.4913      26022          1  0.000e+00
          0    221.655    219.720   45.83430 -129.74690     6.3534     6.3545   3.374360   3.374433    33.8313    33.8310     1.4658     3.0061    6.90549    -0.0387     0.0204    99.4913      26023          1  0.000e+00
          0    221.662    219.728   45.83430 -129.74690     6.3532     6.3545   3.374305   3.374433    33.8308    33.8310     1.4658     3.0058    6.90554    -0.0314     0.0204    99.4913      26024          1  0.000e+00
