TN422/CTD Data/TN-422_CTD-009.ros
* Sea-Bird SBE 9 Data File:
* FileName = C:\data\TN422\TN-422_CTD_09hex.hex
* Software Version Seasave V 7.26.7.107
* Temperature SN = 2195
* Conductivity SN = 2903
* Number of Bytes Per Scan = 41
* Number of Voltage Words = 4
* Number of Scans Averaged by the Deck Unit = 1
* NMEA Latitude = 44 22.34 N
* NMEA Longitude = 124 57.06 W
* NMEA UTC (Time) = Sep 15 2023  15:40:56
* NMEA baud rate = 4800
** Cruise: TN-422_CTD_009
** Cast: CTD_03_RS03AXPD
** Location: Endurance Offshore DP
** Date: Sep 15, 2023
** Water Depth: 571
** Operator: JN
** 500 m NNE of DP mooring
# nquan = 20
# nvalues = 2328                                  
# units = specified
# name 0 = modError: Modulo Error Count
# name 1 = prDM: Pressure, Digiquartz [db]
# name 2 = depSM: Depth [salt water, m]
# name 3 = latitude: Latitude [deg]
# name 4 = longitude: Longitude [deg]
# name 5 = t090C: Temperature [ITS-90, deg C]
# name 6 = t190C: Temperature, 2 [ITS-90, deg C]
# name 7 = c0S/m: Conductivity [S/m]
# name 8 = c1S/m: Conductivity, 2 [S/m]
# name 9 = sal00: Salinity, Practical [PSU]
# name 10 = sal11: Salinity, Practical, 2 [PSU]
# name 11 = sbeox0V: Oxygen raw, SBE 43 [V]
# name 12 = sbeox0ML/L: Oxygen, SBE 43 [ml/l]
# name 13 = oxsolML/L: Oxygen Saturation, Garcia & Gordon [ml/l]
# name 14 = flECO-AFL: Fluorescence, WET Labs ECO-AFL/FL [mg/m^3]
# name 15 = CStarAt0: Beam Attenuation, WET Labs C-Star [1/m]
# name 16 = CStarTr0: Beam Transmission, WET Labs C-Star [%]
# name 17 = scan: Scan Count
# name 18 = nbf: Bottles Fired
# name 19 = flag:  0.000e+00
# interval = seconds: 0.0416667
# start_time = Sep 15 2023 15:40:56 [NMEA time, header]
# bad_flag = -9.990e-29
*END*
[from data line 1014]
          0    352.939    349.796   44.37224 -124.95110     6.4207     6.4229   3.401712   3.401727    34.0041    34.0021     1.0164     1.5940    6.88682    -0.0167     0.0182    99.5457      56273         11  0.000e+00
          0    353.111    349.966   44.37224 -124.95110     6.4209     6.4227   3.401700   3.401741    34.0038    34.0024     1.0164     1.5940    6.88682    -0.0167     0.0182    99.5457      56274         11  0.000e+00
          0    352.992    349.848   44.37224 -124.95110     6.4207     6.4227   3.401724   3.401692    34.0043    34.0019     1.0164     1.5940    6.88682    -0.0167     0.0182    99.5457      56275         11  0.000e+00
          0    353.052    349.907   44.37224 -124.95110     6.4207     6.4227   3.401682   3.401706    34.0038    34.0021     1.0164     1.5940    6.88684    -0.0167     0.0182    99.5457      56276         11  0.000e+00
          0    353.052    349.907   44.37224 -124.95110     6.4207     6.4227   3.401694   3.401696    34.0039    34.0020     1.0164     1.5940    6.88683    -0.0167     0.0182    99.5457      56277         11  0.000e+00
          0    353.052    349.907   44.37224 -124.95110     6.4207     6.4229   3.401706   3.401699    34.0040    34.0018     1.0164     1.5939    6.88683    -0.0167     0.0182    99.5457      56278         11  0.000e+00
          0    352.992    349.848   44.37224 -124.95110     6.4207     6.4229   3.401724   3.401734    34.0043    34.0022     1.0177     1.5984    6.88682    -0.0167     0.0182    99.5457      56279         11  0.000e+00
          0    353.104    349.959   44.37224 -124.95110     6.4207     6.4229   3.401712   3.401713    34.0041    34.0019     1.0164     1.5944    6.88683    -0.0167     0.0182    99.5457      56280         11  0.000e+00
          0    352.992    349.848   44.37224 -124.95110     6.4207     6.4227   3.401700   3.401713    34.0040    34.0022     1.0177     1.5988    6.88683    -0.0167     0.0182    99.5457      56281         11  0.000e+00
          0    353.104    349.959   44.37224 -124.95110     6.4207     6.4229   3.401700   3.401706    34.0039    34.0018     1.0177     1.5992    6.88683    -0.0167     0.0182    99.5457      56282         11  0.000e+00
          0    353.052    349.907   44.37224 -124.95110     6.4206     6.4227   3.401724   3.401713    34.0044    34.0021     1.0164     1.5952    6.88684    -0.0314     0.0182    99.5457      56283         11  0.000e+00
          0    353.104    349.959   44.37224 -124.95110     6.4206     6.4232   3.401688   3.401696    34.0040    34.0014     1.0164     1.5951    6.88686    -0.0387     0.0171    99.5729      56284         11  0.000e+00
          0    353.052    349.907   44.37224 -124.95110     6.4209     6.4227   3.401694   3.401738    34.0038    34.0024     1.0164     1.5950    6.88682    -0.0387     0.0171    99.5729      56285         11  0.000e+00
          0    353.104    349.959   44.37224 -124.95110     6.4207     6.4231   3.401700   3.401724    34.0039    34.0019     1.0164     1.5949    6.88683    -0.0387     0.0171    99.5729      56286         11  0.000e+00
          0    353.052    349.907   44.37224 -124.95110     6.4207     6.4227   3.401724   3.401727    34.0042    34.0023     1.0164     1.5948    6.88682    -0.0387     0.0171    99.5729      56287         11  0.000e+00
          0    353.104    349.959   44.37224 -124.95110     6.4204     6.4229   3.401712   3.401720    34.0044    34.0020     1.0177     1.5992    6.88686    -0.0387     0.0171    99.5729      56288         11  0.000e+00
          0    353.104    349.959   44.37224 -124.95110     6.4204     6.4227   3.401724   3.401738    34.0045    34.0024     1.0177     1.5996    6.88686    -0.0387     0.0171    99.5729      56289         11  0.000e+00
          0    353.104    349.959   44.37224 -124.95110     6.4207     6.4227   3.401688   3.401713    34.0038    34.0021     1.0164     1.5955    6.88684    -0.0387     0.0182    99.5457      56290         11  0.000e+00
          0    353.164    350.019   44.37224 -124.95110     6.4209     6.4227   3.401694   3.401713    34.0037    34.0021     1.0177     1.5999    6.88682    -0.0387     0.0182    99.5457      56291         11  0.000e+00
          0    353.104    349.959   44.37224 -124.95110     6.4206     6.4227   3.401724   3.401706    34.0044    34.0020     1.0164     1.5963    6.88684    -0.0387     0.0182    99.5457      56292         11  0.000e+00
          0    353.112    349.967   44.37224 -124.95110     6.4206     6.4231   3.401706   3.401713    34.0042    34.0018     1.0164     1.5962    6.88685    -0.0387     0.0182    99.5457      56293         11  0.000e+00
          0    353.164    350.019   44.37224 -124.95110     6.4207     6.4224   3.401724   3.401727    34.0042    34.0025     1.0164     1.5961    6.88682    -0.0387     0.0182    99.5457      56294         11  0.000e+00
          0    353.164    350.019   44.37224 -124.95110     6.4207     6.4229   3.401706   3.401720    34.0040    34.0020     1.0164     1.5959    6.88683    -0.0387     0.0182    99.5457      56295         11  0.000e+00
          0    353.104    349.960   44.37224 -124.95110     6.4207     6.4227   3.401724   3.401738    34.0042    34.0024     1.0164     1.5958    6.88682    -0.0387     0.0182    99.5457      56296         11  0.000e+00
          0    353.217    350.071   44.37224 -124.95110     6.4207     6.4227   3.401706   3.401734    34.0039    34.0023     1.0164     1.5957    6.88683    -0.0387     0.0182    99.5457      56297         11  0.000e+00
          0    353.164    350.019   44.37224 -124.95110     6.4209     6.4227   3.401748   3.401741    34.0043    34.0024     1.0164     1.5956    6.88680    -0.0460     0.0182    99.5457      56298         11  0.000e+00
          0    353.164    350.019   44.37224 -124.95110     6.4206     6.4226   3.401712   3.401713    34.0042    34.0022     1.0164     1.5954    6.88685    -0.0460     0.0171    99.5729      56299         11  0.000e+00
          0    353.217    350.071   44.37224 -124.95110     6.4207     6.4229   3.401724   3.401734    34.0041    34.0021     1.0164     1.5953    6.88682    -0.0460     0.0171    99.5729      56300         11  0.000e+00
          0    353.164    350.019   44.37224 -124.95110     6.4207     6.4227   3.401754   3.401682    34.0045    34.0017     1.0164     1.5952    6.88681    -0.0460     0.0182    99.5457      56301         11  0.000e+00
          0    353.217    350.071   44.37224 -124.95110     6.4206     6.4229   3.401742   3.401731    34.0045    34.0020     1.0164     1.5951    6.88683    -0.0460     0.0182    99.5457      56302         11  0.000e+00
          0    353.217    350.071   44.37224 -124.95110     6.4207     6.4227   3.401706   3.401724    34.0039    34.0022     1.0164     1.5949    6.88683    -0.0460     0.0193    99.5185      56303         11  0.000e+00
          0    353.217    350.071   44.37224 -124.95110     6.4209     6.4227   3.401700   3.401745    34.0038    34.0024     1.0164     1.5948    6.88682    -0.0387     0.0193    99.5185      56304         11  0.000e+00
          0    353.217    350.071   44.37224 -124.95110     6.4206     6.4229   3.401742   3.401745    34.0045    34.0022     1.0164     1.5947    6.88683    -0.0460     0.0193    99.5185      56305         11  0.000e+00
          0    353.217    350.071   44.37224 -124.95110     6.4206     6.4227   3.401718   3.401752    34.0042    34.0025     1.0164     1.5946    6.88684    -0.0460     0.0193    99.5185      56306         11  0.000e+00
          0    353.217    350.071   44.37224 -124.95110     6.4209     6.4227   3.401706   3.401724    34.0038    34.0022     1.0164     1.5944    6.88681    -0.0460     0.0193    99.5185      56307         11  0.000e+00
          0    353.269    350.123   44.37224 -124.95110     6.4206     6.4229   3.401724   3.401696    34.0043    34.0016     1.0164     1.5943    6.88684    -0.0460     0.0182    99.5457      56308         11  0.000e+00
          0    353.269    350.123   44.37224 -124.95110     6.4207     6.4226   3.401712   3.401720    34.0040    34.0023     1.0177     1.5987    6.88683    -0.0460     0.0182    99.5457      56309         11  0.000e+00
          0    353.217    350.071   44.37224 -124.95110     6.4207     6.4229   3.401724   3.401720    34.0041    34.0019     1.0177     1.5990    6.88682    -0.0387     0.0182    99.5457      56310         11  0.000e+00
          0    353.277    350.130   44.37224 -124.95110     6.4207     6.4226   3.401730   3.401727    34.0042    34.0023     1.0177     1.5994    6.88682    -0.0387     0.0182    99.5457      56311         11  0.000e+00
          0    353.269    350.123   44.37224 -124.95110     6.4207     6.4229   3.401706   3.401699    34.0039    34.0017     1.0164     1.5952    6.88683    -0.0387     0.0182    99.5457      56312         11  0.000e+00
          0    353.270    350.123   44.37224 -124.95110     6.4207     6.4229   3.401724   3.401710    34.0041    34.0018     1.0177     1.5995    6.88682    -0.0387     0.0182    99.5457      56313         11  0.000e+00
          0    353.270    350.123   44.37224 -124.95110     6.4206     6.4227   3.401706   3.401745    34.0041    34.0024     1.0164     1.5953    6.88685    -0.0387     0.0193    99.5185      56314         11  0.000e+00
          0    353.329    350.182   44.37224 -124.95110     6.4207     6.4227   3.401724   3.401724    34.0041    34.0021     1.0164     1.5951    6.88683    -0.0460     0.0193    99.5185      56315         11  0.000e+00
          0    353.270    350.123   44.37224 -124.95110     6.4207     6.4229   3.401706   3.401706    34.0039    34.0017     1.0164     1.5949    6.88683    -0.0460     0.0193    99.5185      56316         11  0.000e+00
          0    353.330    350.182   44.37224 -124.95110     6.4209     6.4226   3.401724   3.401735    34.0040    34.0024     1.0164     1.5947    6.88681    -0.0460     0.0193    99.5185      56317         11  0.000e+00
          0    353.270    350.123   44.37224 -124.95110     6.4207     6.4229   3.401706   3.401724    34.0039    34.0019     1.0164     1.5945    6.88683    -0.0460     0.0193    99.5185      56318         11  0.000e+00
          0    353.330    350.182   44.37224 -124.95110     6.4207     6.4226   3.401724   3.401728    34.0041    34.0023     1.0164     1.5943    6.88683    -0.0460     0.0193    99.5185      56319         11  0.000e+00
          0    353.270    350.123   44.37224 -124.95110     6.4207     6.4227   3.401730   3.401720    34.0042    34.0021     1.0164     1.5941    6.88682    -0.0460     0.0193    99.5185      56320         11  0.000e+00
          0    353.330    350.183   44.37224 -124.95110     6.4206     6.4229   3.401712   3.401706    34.0041    34.0017     1.0164     1.5939    6.88685    -0.0460     0.0193    99.5185      56321         11  0.000e+00
          0    353.330    350.183   44.37224 -124.95110     6.4209     6.4226   3.401742   3.401752    34.0042    34.0026     1.0177     1.5981    6.88680    -0.0460     0.0182    99.5457      56322         11  0.000e+00
          0    353.330    350.183   44.37224 -124.95110     6.4207     6.4227   3.401718   3.401717    34.0040    34.0020     1.0177     1.5984    6.88683    -0.0387     0.0182    99.5457      56323         11  0.000e+00
          0    353.330    350.183   44.37224 -124.95110     6.4209     6.4226   3.401724   3.401713    34.0040    34.0022     1.0177     1.5986    6.88681    -0.0387     0.0182    99.5457      56324         11  0.000e+00
          0    353.330    350.183   44.37224 -124.95110     6.4207     6.4224   3.401712   3.401738    34.0040    34.0026     1.0177     1.5989    6.88683    -0.0387     0.0171    99.5729      56325         11  0.000e+00
          0    352.743    349.601   44.37226 -124.95110     6.4199     6.4223   3.401669   3.401654    34.0046    34.0021     1.0165     1.5935    6.88693    -0.0314     0.0182    99.5457      57027         12  0.000e+00
          0    352.795    349.653   44.37226 -124.95110     6.4199     6.4219   3.401669   3.401619    34.0045    34.0020     1.0165     1.5938    6.88693    -0.0314     0.0193    99.5185      57028         12  0.000e+00
          0    352.743    349.601   44.37226 -124.95110     6.4199     6.4221   3.401694   3.401640    34.0048    34.0021     1.0152     1.5897    6.88692    -0.0314     0.0182    99.5457      57029         12  0.000e+00
          0    352.795    349.653   44.37226 -124.95110     6.4201     6.4221   3.401681   3.401682    34.0045    34.0026     1.0152     1.5895    6.88691    -0.0387     0.0182    99.5457      57030         12  0.000e+00
          0    352.743    349.601   44.37226 -124.95110     6.4199     6.4221   3.401669   3.401671    34.0046    34.0025     1.0165     1.5933    6.88693    -0.0387     0.0182    99.5457      57031         12  0.000e+00
          0    352.743    349.601   44.37226 -124.95110     6.4201     6.4221   3.401651   3.401675    34.0042    34.0025     1.0165     1.5932    6.88692    -0.0387     0.0182    99.5457      57032         12  0.000e+00
          0    352.750    349.609   44.37226 -124.95110     6.4199     6.4223   3.401663   3.401668    34.0045    34.0022     1.0165     1.5930    6.88694    -0.0314     0.0193    99.5185      57033         12  0.000e+00
          0    352.795    349.653   44.37226 -124.95110     6.4201     6.4221   3.401651   3.401692    34.0042    34.0027     1.0165     1.5933    6.88692    -0.0314     0.0182    99.5457      57034         12  0.000e+00
          0    352.743    349.601   44.37226 -124.95110     6.4201     6.4219   3.401681   3.401671    34.0045    34.0026     1.0165     1.5936    6.88691    -0.0314     0.0182    99.5457      57035         12  0.000e+00
          0    352.743    349.601   44.37226 -124.95110     6.4201     6.4218   3.401700   3.401643    34.0047    34.0024     1.0152     1.5894    6.88690    -0.0387     0.0182    99.5457      57036         12  0.000e+00
          0    352.795    349.653   44.37226 -124.95110     6.4201     6.4219   3.401651   3.401685    34.0042    34.0027     1.0152     1.5893    6.88692    -0.0387     0.0171    99.5729      57037         12  0.000e+00
          0    352.743    349.601   44.37226 -124.95110     6.4203     6.4219   3.401663   3.401633    34.0042    34.0022     1.0165     1.5931    6.88690    -0.0387     0.0171    99.5729      57038         12  0.000e+00
          0    352.795    349.653   44.37226 -124.95110     6.4198     6.4218   3.401645   3.401619    34.0044    34.0021     1.0165     1.5929    6.88696    -0.0314     0.0182    99.5457      57039         12  0.000e+00
          0    352.795    349.653   44.37226 -124.95110     6.4199     6.4219   3.401639   3.401654    34.0042    34.0024     1.0152     1.5888    6.88695    -0.0314     0.0182    99.5457      57040         12  0.000e+00
          0    352.795    349.653   44.37226 -124.95110     6.4198     6.4221   3.401681   3.401633    34.0048    34.0020     1.0152     1.5886    6.88695    -0.0387     0.0171    99.5729      57041         12  0.000e+00
          0    352.795    349.653   44.37226 -124.95110     6.4198     6.4219   3.401657   3.401654    34.0046    34.0024     1.0152     1.5885    6.88696    -0.0314     0.0182    99.5457      57042         12  0.000e+00
          0    352.795    349.653   44.37226 -124.95110     6.4199     6.4219   3.401663   3.401643    34.0045    34.0023     1.0165     1.5923    6.88694    -0.0314     0.0182    99.5457      57043         12  0.000e+00
          0    352.795    349.653   44.37226 -124.95110     6.4195     6.4221   3.401651   3.401626    34.0048    34.0019     1.0165     1.5926    6.88700    -0.0314     0.0182    99.5457      57044         12  0.000e+00
