TN422/CTD Data/TN-422_CTD-005.ros
* Sea-Bird SBE 9 Data File:
* FileName = C:\data\TN422\TN-422_CTD_05.hex
* Software Version Seasave V 7.26.7.107
* Temperature SN = 2195
* Conductivity SN = 2903
* Number of Bytes Per Scan = 41
* Number of Voltage Words = 4
* Number of Scans Averaged by the Deck Unit = 1
* NMEA Latitude = 44 22.29 N
* NMEA Longitude = 124 57.46 W
* NMEA UTC (Time) = Sep 09 2023  11:33:18
* NMEA baud rate = 4800
** Cruise: TN-422_CTD_05
** Cast: CTD_03_RS03AXPD
** Location: Off Shore
** Date: Sep 9, 2023
** Water Depth: 577
** Operator: jn
# nquan = 20
# nvalues = 2328                                  
# units = specified
# name 0 = modError: Modulo Error Count
# name 1 = prDM: Pressure, Digiquartz [db]
# name 2 = depSM: Depth [salt water, m]
# name 3 = latitude: Latitude [deg]
# name 4 = longitude: Longitude [deg]
# name 5 = t090C: Temperature [ITS-90, deg C]
# name 6 = t190C: Temperature, 2 [ITS-90, deg C]
# name 7 = c0S/m: Conductivity [S/m]
# name 8 = c1S/m: Conductivity, 2 [S/m]
# name 9 = sal00: Salinity, Practical [PSU]
# name 10 = sal11: Salinity, Practical, 2 [PSU]
# name 11 = sbeox0V: Oxygen raw, SBE 43 [V]
# name 12 = sbeox0ML/L: Oxygen, SBE 43 [ml/l]
# name 13 = oxsolML/L: Oxygen Saturation, Garcia & Gordon [ml/l]
# name 14 = flECO-AFL: Fluorescence, WET Labs ECO-AFL/FL [mg/m^3]
# name 15 = CStarAt0: Beam Attenuation, WET Labs C-Star [1/m]
# name 16 = CStarTr0: Beam Transmission, WET Labs C-Star [%]
# name 17 = scan: Scan Count
# name 18 = nbf: Bottles Fired
# name 19 = flag:  0.000e+00
# interval = seconds: 0.0416667
# start_time = Sep 09 2023 11:33:18 [NMEA time, header]
# bad_flag = -9.990e-29
*END*
[from data line 724]
          0    454.492    450.334   44.37154 -124.95762     5.6634     5.6638   3.342597   3.342470    34.0490    34.0471     0.8461     1.0776    7.00757    -0.0387     0.0095    99.7631      54242          8  0.000e+00
          0    454.433    450.275   44.37154 -124.95762     5.6636     5.6642   3.342585   3.342456    34.0487    34.0466     0.8473     1.0823    7.00756    -0.0314     0.0106    99.7359      54243          8  0.000e+00
          0    454.537    450.379   44.37154 -124.95762     5.6637     5.6641   3.342573   3.342449    34.0483    34.0466     0.8461     1.0776    7.00755    -0.0387     0.0106    99.7359      54244          8  0.000e+00
          0    454.433    450.275   44.37154 -124.95762     5.6637     5.6638   3.342597   3.342449    34.0487    34.0469     0.8461     1.0771    7.00753    -0.0314     0.0117    99.7088      54245          8  0.000e+00
          0    454.545    450.386   44.37154 -124.95762     5.6637     5.6640   3.342561   3.342470    34.0482    34.0469     0.8461     1.0771    7.00756    -0.0387     0.0106    99.7359      54246          8  0.000e+00
          0    454.380    450.223   44.37154 -124.95762     5.6637     5.6640   3.342525   3.342414    34.0479    34.0464     0.8473     1.0812    7.00757    -0.0314     0.0117    99.7088      54247          8  0.000e+00
          0    454.478    450.320   44.37154 -124.95762     5.6631     5.6638   3.342537   3.342435    34.0486    34.0467     0.8461     1.0766    7.00764    -0.0387     0.0106    99.7359      54248          8  0.000e+00
          0    454.493    450.335   44.37154 -124.95762     5.6629     5.6639   3.342525   3.342428    34.0486    34.0466     0.8473     1.0813    7.00767    -0.0314     0.0117    99.7088      54249          8  0.000e+00
          0    454.380    450.223   44.37154 -124.95762     5.6629     5.6641   3.342519   3.342442    34.0486    34.0466     0.8461     1.0772    7.00767    -0.0387     0.0117    99.7088      54250          8  0.000e+00
          0    454.425    450.268   44.37154 -124.95762     5.6629     5.6641   3.342519   3.342449    34.0486    34.0466     0.8473     1.0819    7.00767    -0.0314     0.0128    99.6816      54251          8  0.000e+00
          0    454.433    450.275   44.37154 -124.95762     5.6631     5.6640   3.342519   3.342470    34.0484    34.0469     0.8461     1.0778    7.00765    -0.0387     0.0117    99.7088      54252          8  0.000e+00
          0    454.380    450.223   44.37154 -124.95762     5.6632     5.6645   3.342513   3.342477    34.0482    34.0466     0.8473     1.0819    7.00764    -0.0314     0.0128    99.6816      54253          8  0.000e+00
          0    454.380    450.223   44.37154 -124.95762     5.6634     5.6642   3.342561   3.342477    34.0486    34.0468     0.8461     1.0779    7.00759    -0.0387     0.0117    99.7088      54254          8  0.000e+00
          0    454.313    450.157   44.37154 -124.95762     5.6639     5.6644   3.342579   3.342477    34.0484    34.0467     0.8461     1.0774    7.00752    -0.0314     0.0117    99.7088      54255          8  0.000e+00
          0    454.380    450.223   44.37154 -124.95762     5.6640     5.6645   3.342621   3.342435    34.0487    34.0461     0.8461     1.0769    7.00749    -0.0387     0.0117    99.7088      54256          8  0.000e+00
          0    454.320    450.164   44.37154 -124.95762     5.6648     5.6646   3.342681   3.342463    34.0486    34.0463     0.8461     1.0769    7.00736    -0.0314     0.0117    99.7088      54257          8  0.000e+00
          0    454.320    450.164   44.37154 -124.95762     5.6651     5.6647   3.342699   3.342477    34.0485    34.0464     0.8461     1.0764    7.00731    -0.0387     0.0117    99.7088      54258          8  0.000e+00
          0    454.313    450.157   44.37154 -124.95762     5.6653     5.6646   3.342651   3.342456    34.0477    34.0462     0.8461     1.0759    7.00732    -0.0314     0.0117    99.7088      54259          8  0.000e+00
          0    454.320    450.164   44.37154 -124.95762     5.6646     5.6648   3.342639   3.342487    34.0483    34.0464     0.8473     1.0807    7.00740    -0.0387     0.0106    99.7359      54260          8  0.000e+00
          0    454.268    450.112   44.37154 -124.95762     5.6646     5.6645   3.342609   3.342480    34.0480    34.0466     0.8461     1.0767    7.00742    -0.0314     0.0117    99.7088      54261          8  0.000e+00
          0    454.268    450.112   44.37154 -124.95762     5.6645     5.6648   3.342627   3.342494    34.0483    34.0465     0.8473     1.0809    7.00743    -0.0387     0.0106    99.7359      54262          8  0.000e+00
          0    454.261    450.105   44.37154 -124.95762     5.6642     5.6649   3.342591   3.342501    34.0482    34.0465     0.8473     1.0815    7.00748    -0.0314     0.0106    99.7359      54263          8  0.000e+00
          0    454.216    450.060   44.37154 -124.95762     5.6642     5.6652   3.342579   3.342522    34.0481    34.0464     0.8473     1.0821    7.00749    -0.0387     0.0106    99.7359      54264          8  0.000e+00
          0    454.268    450.112   44.37154 -124.95762     5.6642     5.6653   3.342579   3.342529    34.0481    34.0464     0.8461     1.0776    7.00749    -0.0314     0.0106    99.7359      54265          8  0.000e+00
          0    454.216    450.060   44.37154 -124.95762     5.6642     5.6654   3.342597   3.342546    34.0483    34.0465     0.8473     1.0823    7.00748    -0.0387     0.0106    99.7359      54266          8  0.000e+00
          0    454.201    450.046   44.37154 -124.95762     5.6643     5.6656   3.342585   3.342553    34.0480    34.0464     0.8473     1.0824    7.00746    -0.0314     0.0117    99.7088      54267          8  0.000e+00
          0    454.156    450.001   44.37154 -124.95762     5.6642     5.6657   3.342597   3.342574    34.0484    34.0466     0.8461     1.0783    7.00748    -0.0387     0.0117    99.7088      54268          8  0.000e+00
          0    454.156    450.001   44.37154 -124.95762     5.6642     5.6655   3.342627   3.342560    34.0487    34.0466     0.8461     1.0779    7.00746    -0.0314     0.0117    99.7088      54269          8  0.000e+00
          0    454.156    450.001   44.37154 -124.95762     5.6645     5.6658   3.342633   3.342574    34.0484    34.0464     0.8461     1.0774    7.00742    -0.0314     0.0117    99.7088      54270          8  0.000e+00
          0    454.148    449.994   44.37154 -124.95762     5.6646     5.6658   3.342633   3.342560    34.0483    34.0463     0.8461     1.0775    7.00740    -0.0387     0.0149    99.6272      54271          8  0.000e+00
          0    454.156    450.001   44.37154 -124.95762     5.6645     5.6655   3.342639   3.342553    34.0485    34.0465     0.8461     1.0770    7.00742    -0.0314     0.0160    99.6001      54272          8  0.000e+00
          0    454.103    449.949   44.37154 -124.95762     5.6646     5.6657   3.342615   3.342553    34.0481    34.0463     0.8461     1.0765    7.00741    -0.0387     0.0149    99.6272      54273          8  0.000e+00
          0    454.103    449.949   44.37154 -124.95762     5.6648     5.6657   3.342609   3.342553    34.0479    34.0463     0.8461     1.0767    7.00739    -0.0314     0.0138    99.6544      54274          8  0.000e+00
          0    454.096    449.942   44.37154 -124.95762     5.6648     5.6658   3.342627   3.342574    34.0481    34.0464     0.8461     1.0762    7.00738    -0.0387     0.0128    99.6816      54275          8  0.000e+00
          0    454.043    449.890   44.37154 -124.95762     5.6648     5.6660   3.342639   3.342598    34.0482    34.0465     0.8461     1.0758    7.00738    -0.0314     0.0128    99.6816      54276          8  0.000e+00
          0    454.043    449.890   44.37154 -124.95762     5.6645     5.6663   3.342615   3.342626    34.0483    34.0466     0.8461     1.0759    7.00743    -0.0387     0.0117    99.7088      54277          8  0.000e+00
          0    454.043    449.890   44.37154 -124.95762     5.6646     5.6669   3.342609   3.342689    34.0481    34.0467     0.8461     1.0755    7.00741    -0.0387     0.0128    99.6816      54278          8  0.000e+00
          0    454.036    449.883   44.37154 -124.95762     5.6646     5.6676   3.342603   3.342748    34.0480    34.0466     0.8461     1.0757    7.00741    -0.0460     0.0117    99.7088      54279          8  0.000e+00
          0    454.044    449.890   44.37154 -124.95762     5.6645     5.6684   3.342627   3.342821    34.0484    34.0467     0.8461     1.0753    7.00742    -0.0387     0.0128    99.6816      54280          8  0.000e+00
          0    453.991    449.838   44.37154 -124.95762     5.6646     5.6687   3.342615   3.342842    34.0482    34.0466     0.8461     1.0749    7.00741    -0.0460     0.0117    99.7088      54281          8  0.000e+00
          0    453.991    449.838   44.37154 -124.95762     5.6646     5.6694   3.342585   3.342897    34.0478    34.0466     0.8448     1.0704    7.00742    -0.0387     0.0117    99.7088      54282          8  0.000e+00
          0    454.036    449.883   44.37154 -124.95762     5.6645     5.6700   3.342597   3.342939    34.0481    34.0464     0.8461     1.0748    7.00744    -0.0387     0.0128    99.6816      54283          8  0.000e+00
          0    453.991    449.838   44.37154 -124.95762     5.6645     5.6703   3.342585   3.342946    34.0480    34.0462     0.8461     1.0744    7.00744    -0.0387     0.0138    99.6544      54284          8  0.000e+00
          0    453.939    449.786   44.37154 -124.95762     5.6645     5.6702   3.342597   3.342925    34.0481    34.0461     0.8461     1.0747    7.00743    -0.0387     0.0160    99.6001      54285          8  0.000e+00
          0    453.991    449.838   44.37154 -124.95762     5.6645     5.6698   3.342609   3.342918    34.0483    34.0464     0.8461     1.0744    7.00743    -0.0460     0.0149    99.6272      54286          8  0.000e+00
          0    453.924    449.772   44.37154 -124.95762     5.6646     5.6706   3.342609   3.342960    34.0481    34.0461     0.8473     1.0793    7.00741    -0.0387     0.0138    99.6544      54287          8  0.000e+00
          0    453.939    449.786   44.37154 -124.95762     5.6648     5.6706   3.342627   3.342991    34.0482    34.0465     0.8473     1.0801    7.00738    -0.0460     0.0128    99.6816      54288          8  0.000e+00
          0    453.939    449.786   44.37154 -124.95762     5.6648     5.6703   3.342633   3.342977    34.0482    34.0466     0.8461     1.0757    7.00738    -0.0387     0.0117    99.7088      54289          8  0.000e+00
          0    453.939    449.786   44.37154 -124.95762     5.6646     5.6710   3.342615   3.343009    34.0482    34.0463     0.8461     1.0760    7.00740    -0.0387     0.0117    99.7088      54290          8  0.000e+00
          0    453.924    449.772   44.37154 -124.95762     5.6648     5.6708   3.342609   3.343002    34.0480    34.0464     0.8461     1.0757    7.00739    -0.0460     0.0117    99.7088      54291          8  0.000e+00
          0    453.879    449.727   44.37154 -124.95762     5.6646     5.6711   3.342627   3.342998    34.0483    34.0461     0.8461     1.0760    7.00740    -0.0387     0.0117    99.7088      54292          8  0.000e+00
          0    453.939    449.787   44.37154 -124.95762     5.6648     5.6711   3.342615   3.342977    34.0480    34.0458     0.8461     1.0758    7.00739    -0.0460     0.0117    99.7088      54293          8  0.000e+00
          0    403.311    399.670   44.37154 -124.95764     6.0315     6.0334   3.371565   3.371599    34.0311    34.0296     0.9111     1.2731    6.94822    -0.0240     0.0106    99.7359      58065          9  0.000e+00
          0    403.311    399.671   44.37154 -124.95764     6.0312     6.0334   3.371571   3.371565    34.0315    34.0292     0.9111     1.2727    6.94826    -0.0240     0.0106    99.7359      58066          9  0.000e+00
          0    403.333    399.693   44.37154 -124.95764     6.0315     6.0336   3.371559   3.371592    34.0310    34.0294     0.9111     1.2729    6.94823    -0.0240     0.0095    99.7631      58067          9  0.000e+00
          0    403.311    399.671   44.37154 -124.95764     6.0315     6.0334   3.371553   3.371585    34.0310    34.0295     0.9111     1.2725    6.94823    -0.0240     0.0095    99.7631      58068          9  0.000e+00
          0    403.311    399.671   44.37154 -124.95764     6.0315     6.0337   3.371571   3.371592    34.0312    34.0293     0.9111     1.2722    6.94822    -0.0240     0.0095    99.7631      58069          9  0.000e+00
          0    403.251    399.611   44.37154 -124.95764     6.0315     6.0337   3.371601   3.371620    34.0315    34.0296     0.9111     1.2718    6.94820    -0.0240     0.0095    99.7631      58070          9  0.000e+00
          0    403.311    399.671   44.37154 -124.95764     6.0314     6.0336   3.371589   3.371631    34.0315    34.0298     0.9111     1.2715    6.94823    -0.0314     0.0095    99.7631      58071          9  0.000e+00
          0    403.311    399.671   44.37154 -124.95764     6.0314     6.0337   3.371559   3.371631    34.0312    34.0297     0.9111     1.2711    6.94825    -0.0314     0.0095    99.7631      58072          9  0.000e+00
          0    403.199    399.560   44.37154 -124.95764     6.0314     6.0336   3.371553   3.371610    34.0312    34.0296     0.9111     1.2708    6.94825    -0.0387     0.0095    99.7631      58073          9  0.000e+00
          0    403.334    399.693   44.37154 -124.95764     6.0314     6.0336   3.371553   3.371617    34.0311    34.0297     0.9111     1.2710    6.94825    -0.0387     0.0095    99.7631      58074          9  0.000e+00
          0    403.251    399.611   44.37154 -124.95764     6.0312     6.0337   3.371529   3.371627    34.0311    34.0297     0.9111     1.2712    6.94828    -0.0387     0.0095    99.7631      58075          9  0.000e+00
          0    403.251    399.612   44.37154 -124.95764     6.0315     6.0337   3.371565   3.371631    34.0311    34.0297     0.9111     1.2714    6.94822    -0.0387     0.0095    99.7631      58076          9  0.000e+00
          0    403.251    399.612   44.37154 -124.95764     6.0312     6.0339   3.371583   3.371631    34.0317    34.0295     0.9111     1.2717    6.94825    -0.0387     0.0095    99.7631      58077          9  0.000e+00
          0    403.251    399.612   44.37154 -124.95764     6.0315     6.0334   3.371535   3.371610    34.0308    34.0298     0.9111     1.2720    6.94824    -0.0387     0.0095    99.7631      58078          9  0.000e+00
          0    403.199    399.560   44.37154 -124.95764     6.0312     6.0334   3.371541   3.371565    34.0312    34.0293     0.9111     1.2723    6.94827    -0.0387     0.0095    99.7631      58079          9  0.000e+00
          0    403.222    399.582   44.37154 -124.95764     6.0312     6.0336   3.371553   3.371585    34.0313    34.0294     0.9111     1.2726    6.94827    -0.0387     0.0106    99.7359      58080          9  0.000e+00
          0    403.199    399.560   44.37154 -124.95764     6.0312     6.0334   3.371553   3.371603    34.0314    34.0297     0.9111     1.2730    6.94827    -0.0314     0.0106    99.7359      58081          9  0.000e+00
          0    403.252    399.612   44.37154 -124.95764     6.0315     6.0336   3.371553   3.371585    34.0310    34.0293     0.9111     1.2728    6.94823    -0.0314     0.0106    99.7359      58082          9  0.000e+00
          0    403.199    399.560   44.37154 -124.95764     6.0312     6.0334   3.371595   3.371599    34.0318    34.0297     0.9111     1.2726    6.94824    -0.0314     0.0117    99.7088      58083          9  0.000e+00
          0    403.199    399.560   44.37154 -124.95764     6.0314     6.0336   3.371589   3.371606    34.0316    34.0296     0.9111     1.2724    6.94823    -0.0314     0.0128    99.6816      58084          9  0.000e+00
