TN422/CTD Data/TN-422_CTD-008.ros
* Sea-Bird SBE 9 Data File:
* FileName = C:\data\TN422\TN-422_CTD_08hex.hex
* Software Version Seasave V 7.26.7.107
* Temperature SN = 2195
* Conductivity SN = 2903
* Number of Bytes Per Scan = 41
* Number of Voltage Words = 4
* Number of Scans Averaged by the Deck Unit = 1
* NMEA Latitude = 45 50.08 N
* NMEA Longitude = 129 45.55 W
* NMEA UTC (Time) = Sep 12 2023  23:09:40
* NMEA baud rate = 4800
** Cruise: TN-422_CTD_008
** Cast: CTD_03_RS03AXPD
** Location: Axial Base DP
** Date: Sep 12, 2023
** Water Depth: 2603
** Operator: JN
# nquan = 20
# nvalues = 2328                                  
# units = specified
# name 0 = modError: Modulo Error Count
# name 1 = prDM: Pressure, Digiquartz [db]
# name 2 = depSM: Depth [salt water, m]
# name 3 = latitude: Latitude [deg]
# name 4 = longitude: Longitude [deg]
# name 5 = t090C: Temperature [ITS-90, deg C]
# name 6 = t190C: Temperature, 2 [ITS-90, deg C]
# name 7 = c0S/m: Conductivity [S/m]
# name 8 = c1S/m: Conductivity, 2 [S/m]
# name 9 = sal00: Salinity, Practical [PSU]
# name 10 = sal11: Salinity, Practical, 2 [PSU]
# name 11 = sbeox0V: Oxygen raw, SBE 43 [V]
# name 12 = sbeox0ML/L: Oxygen, SBE 43 [ml/l]
# name 13 = oxsolML/L: Oxygen Saturation, Garcia & Gordon [ml/l]
# name 14 = flECO-AFL: Fluorescence, WET Labs ECO-AFL/FL [mg/m^3]
# name 15 = CStarAt0: Beam Attenuation, WET Labs C-Star [1/m]
# name 16 = CStarTr0: Beam Transmission, WET Labs C-Star [%]
# name 17 = scan: Scan Count
# name 18 = nbf: Bottles Fired
# name 19 = flag:  0.000e+00
# interval = seconds: 0.0416667
# start_time = Sep 12 2023 23:09:40 [NMEA time, header]
# bad_flag = -9.990e-29
*END*
[from data line 652]
          0   2025.190   1998.921   45.83460 -129.75922     1.9432     1.9457   3.127391   3.127422    34.5905    34.5882     0.8332     1.4058    7.64302    -0.0314     0.0019    99.9534     102248          7  0.000e+00
          0   2025.252   1998.981   45.83460 -129.75922     1.9432     1.9455   3.127409   3.127392    34.5907    34.5880     0.8319     1.3994    7.64301    -0.0314     0.0019    99.9534     102249          7  0.000e+00
          0   2025.190   1998.921   45.83460 -129.75922     1.9430     1.9457   3.127421   3.127405    34.5910    34.5880     0.8319     1.3986    7.64302    -0.0387     0.0019    99.9534     102250          7  0.000e+00
          0   2025.252   1998.981   45.83460 -129.75922     1.9430     1.9456   3.127397   3.127425    34.5908    34.5884     0.8319     1.3978    7.64304    -0.0387     0.0019    99.9534     102251          7  0.000e+00
          0   2025.237   1998.966   45.83460 -129.75922     1.9429     1.9460   3.127391   3.127408    34.5908    34.5877     0.8332     1.4038    7.64306    -0.0387     0.0019    99.9534     102252          7  0.000e+00
          0   2025.314   1999.042   45.83460 -129.75922     1.9430     1.9456   3.127409   3.127446    34.5909    34.5886     0.8332     1.4055    7.64303    -0.0387     0.0019    99.9534     102253          7  0.000e+00
          0   2025.252   1998.982   45.83460 -129.75922     1.9430     1.9458   3.127421   3.127398    34.5911    34.5878     0.8332     1.4071    7.64303    -0.0314     0.0019    99.9534     102254          7  0.000e+00
          0   2025.314   1999.042   45.83460 -129.75922     1.9432     1.9456   3.127421   3.127385    34.5908    34.5878     0.8319     1.4018    7.64300    -0.0314     0.0019    99.9534     102255          7  0.000e+00
          0   2025.314   1999.042   45.83460 -129.75922     1.9430     1.9457   3.127397   3.127398    34.5907    34.5879     0.8319     1.4010    7.64304    -0.0387     0.0008    99.9806     102256          7  0.000e+00
          0   2025.368   1999.095   45.83460 -129.75922     1.9430     1.9456   3.127368   3.127412    34.5904    34.5881     0.8319     1.4003    7.64306    -0.0387     0.0019    99.9534     102257          7  0.000e+00
          0   2025.314   1999.042   45.83460 -129.75922     1.9430     1.9457   3.127380   3.127405    34.5905    34.5880     0.8319     1.3994    7.64305    -0.0314     0.0019    99.9534     102258          7  0.000e+00
          0   2025.368   1999.095   45.83460 -129.75922     1.9432     1.9457   3.127409   3.127439    34.5907    34.5883     0.8319     1.3986    7.64301    -0.0387     0.0019    99.9534     102259          7  0.000e+00
          0   2025.414   1999.141   45.83460 -129.75922     1.9430     1.9457   3.127421   3.127422    34.5909    34.5882     0.8319     1.3978    7.64302    -0.0387     0.0019    99.9534     102260          7  0.000e+00
          0   2025.368   1999.095   45.83460 -129.75922     1.9432     1.9459   3.127421   3.127405    34.5908    34.5877     0.8319     1.3970    7.64300    -0.0387     0.0019    99.9534     102261          7  0.000e+00
          0   2025.430   1999.156   45.83460 -129.75922     1.9430     1.9458   3.127421   3.127412    34.5910    34.5879     0.8332     1.4043    7.64303    -0.0387     0.0019    99.9534     102262          7  0.000e+00
          0   2025.430   1999.156   45.83460 -129.75922     1.9432     1.9459   3.127456   3.127425    34.5912    34.5879     0.8332     1.4047    7.64298    -0.0314     0.0019    99.9534     102263          7  0.000e+00
          0   2025.484   1999.209   45.83460 -129.75922     1.9430     1.9457   3.127432   3.127429    34.5910    34.5882     0.8319     1.3982    7.64302    -0.0387     0.0019    99.9534     102264          7  0.000e+00
          0   2025.484   1999.209   45.83460 -129.75922     1.9432     1.9459   3.127438   3.127435    34.5910    34.5880     0.8319     1.3986    7.64300    -0.0314     0.0019    99.9534     102265          7  0.000e+00
          0   2025.484   1999.209   45.83460 -129.75922     1.9430     1.9457   3.127386   3.127392    34.5905    34.5877     0.8319     1.3991    7.64305    -0.0387     0.0019    99.9534     102266          7  0.000e+00
          0   2025.484   1999.209   45.83460 -129.75922     1.9430     1.9457   3.127421   3.127405    34.5910    34.5878     0.8319     1.3983    7.64303    -0.0387     0.0019    99.9534     102267          7  0.000e+00
          0   2025.530   1999.254   45.83460 -129.75922     1.9432     1.9458   3.127403   3.127425    34.5905    34.5880     0.8319     1.3976    7.64302    -0.0387     0.0019    99.9534     102268          7  0.000e+00
          0   2025.484   1999.209   45.83460 -129.75922     1.9429     1.9459   3.127409   3.127435    34.5909    34.5880     0.8332     1.4037    7.64305    -0.0387     0.0019    99.9534     102269          7  0.000e+00
          0   2025.599   1999.323   45.83460 -129.75922     1.9432     1.9458   3.127421   3.127412    34.5907    34.5878     0.8319     1.3985    7.64301    -0.0460     0.0019    99.9534     102270          7  0.000e+00
          0   2025.545   1999.270   45.83460 -129.75922     1.9430     1.9457   3.127397   3.127439    34.5906    34.5882     0.8319     1.3978    7.64305    -0.0460     0.0019    99.9534     102271          7  0.000e+00
          0   2025.599   1999.323   45.83460 -129.75922     1.9432     1.9457   3.127427   3.127442    34.5908    34.5883     0.8319     1.3970    7.64301    -0.0460     0.0019    99.9534     102272          7  0.000e+00
          0   2025.599   1999.323   45.83460 -129.75922     1.9432     1.9457   3.127444   3.127429    34.5910    34.5881     0.8332     1.4031    7.64300    -0.0387     0.0019    99.9534     102273          7  0.000e+00
          0   2025.599   1999.323   45.83460 -129.75922     1.9429     1.9457   3.127427   3.127452    34.5911    34.5884     0.8332     1.4048    7.64305    -0.0460     0.0040    99.8990     102274          7  0.000e+00
          0   2025.517   1999.242   45.83460 -129.75922     1.9432     1.9460   3.127438   3.127442    34.5910    34.5879     0.8332     1.4063    7.64300    -0.0094     0.0030    99.9262     103001          8  0.000e+00
          0   2025.517   1999.242   45.83460 -129.75922     1.9433     1.9461   3.127427   3.127449    34.5906    34.5879     0.8319     1.4006    7.64298    -0.0167     0.0030    99.9262     103002          8  0.000e+00
          0   2025.579   1999.302   45.83460 -129.75922     1.9433     1.9460   3.127438   3.127442    34.5907    34.5879     0.8319     1.4006    7.64298    -0.0167     0.0030    99.9262     103003          8  0.000e+00
          0   2025.579   1999.302   45.83460 -129.75922     1.9435     1.9461   3.127444   3.127449    34.5907    34.5879     0.8319     1.4005    7.64296    -0.0094     0.0030    99.9262     103004          8  0.000e+00
          0   2025.579   1999.302   45.83460 -129.75922     1.9433     1.9462   3.127444   3.127452    34.5908    34.5879     0.8319     1.4004    7.64297    -0.0167     0.0019    99.9534     103005          8  0.000e+00
          0   2025.633   1999.355   45.83460 -129.75922     1.9435     1.9463   3.127444   3.127476    34.5907    34.5881     0.8319     1.4004    7.64296    -0.0167     0.0019    99.9534     103006          8  0.000e+00
          0   2025.633   1999.355   45.83460 -129.75922     1.9433     1.9460   3.127444   3.127479    34.5908    34.5883     0.8319     1.4004    7.64297    -0.0167     0.0019    99.9534     103007          8  0.000e+00
          0   2025.687   1999.408   45.83460 -129.75922     1.9433     1.9461   3.127444   3.127466    34.5908    34.5881     0.8319     1.4003    7.64297    -0.0240     0.0019    99.9534     103008          8  0.000e+00
          0   2025.694   1999.416   45.83460 -129.75922     1.9432     1.9462   3.127462   3.127452    34.5912    34.5878     0.8319     1.4003    7.64299    -0.0387     0.0019    99.9534     103009          8  0.000e+00
          0   2025.756   1999.477   45.83460 -129.75922     1.9435     1.9459   3.127450   3.127452    34.5907    34.5881     0.8319     1.4002    7.64296    -0.0387     0.0019    99.9534     103010          8  0.000e+00
          0   2025.756   1999.477   45.83460 -129.75922     1.9432     1.9460   3.127444   3.127459    34.5909    34.5881     0.8319     1.4002    7.64300    -0.0387     0.0019    99.9534     103011          8  0.000e+00
          0   2025.810   1999.530   45.83460 -129.75922     1.9432     1.9463   3.127444   3.127452    34.5909    34.5876     0.8319     1.4001    7.64300    -0.0314     0.0019    99.9534     103012          8  0.000e+00
          0   2025.810   1999.530   45.83460 -129.75922     1.9433     1.9460   3.127485   3.127496    34.5912    34.5885     0.8319     1.4001    7.64295    -0.0387     0.0019    99.9534     103013          8  0.000e+00
          0   2025.810   1999.530   45.83460 -129.75922     1.9433     1.9460   3.127456   3.127449    34.5909    34.5879     0.8319     1.4000    7.64297    -0.0387     0.0019    99.9534     103014          8  0.000e+00
          0   2025.872   1999.590   45.83460 -129.75922     1.9433     1.9464   3.127427   3.127466    34.5905    34.5877     0.8319     1.4000    7.64299    -0.0314     0.0019    99.9534     103015          8  0.000e+00
          0   2025.872   1999.590   45.83460 -129.75922     1.9432     1.9460   3.127438   3.127483    34.5908    34.5883     0.8319     1.4000    7.64301    -0.0387     0.0019    99.9534     103016          8  0.000e+00
          0   2025.918   1999.636   45.83460 -129.75922     1.9433     1.9460   3.127444   3.127442    34.5907    34.5878     0.8319     1.3999    7.64298    -0.0314     0.0019    99.9534     103017          8  0.000e+00
          0   2025.988   1999.704   45.83460 -129.75922     1.9433     1.9462   3.127444   3.127490    34.5906    34.5881     0.8319     1.3999    7.64298    -0.0314     0.0030    99.9262     103018          8  0.000e+00
          0   2025.926   1999.644   45.83460 -129.75922     1.9432     1.9460   3.127462   3.127466    34.5911    34.5881     0.8319     1.3998    7.64299    -0.0387     0.0040    99.8990     103019          8  0.000e+00
          0   2026.042   1999.757   45.83460 -129.75922     1.9435     1.9462   3.127450   3.127476    34.5905    34.5879     0.8319     1.3998    7.64296    -0.0387     0.0030    99.9262     103020          8  0.000e+00
          0   2025.988   1999.704   45.83460 -129.75922     1.9433     1.9460   3.127444   3.127480    34.5906    34.5883     0.8319     1.3997    7.64298    -0.0314     0.0040    99.8990     103021          8  0.000e+00
          0   2026.042   1999.757   45.83460 -129.75922     1.9432     1.9460   3.127444   3.127496    34.5908    34.5884     0.8319     1.3997    7.64301    -0.0387     0.0030    99.9262     103022          8  0.000e+00
          0   2026.103   1999.818   45.83460 -129.75922     1.9435     1.9463   3.127485   3.127473    34.5909    34.5878     0.8319     1.3996    7.64294    -0.0387     0.0030    99.9262     103023          8  0.000e+00
          0   2026.103   1999.818   45.83460 -129.75922     1.9433     1.9460   3.127479   3.127493    34.5910    34.5883     0.8319     1.3996    7.64296    -0.0387     0.0019    99.9534     103024          8  0.000e+00
          0   2026.104   1999.818   45.83460 -129.75922     1.9435     1.9461   3.127474   3.127473    34.5908    34.5879     0.8319     1.3995    7.64295    -0.0314     0.0019    99.9534     103025          8  0.000e+00
          0   2026.150   1999.863   45.83460 -129.75922     1.9430     1.9462   3.127450   3.127493    34.5910    34.5881     0.8319     1.3995    7.64303    -0.0314     0.0019    99.9534     103026          8  0.000e+00
          0   2026.219   1999.932   45.83460 -129.75922     1.9435     1.9461   3.127462   3.127503    34.5905    34.5883     0.8319     1.3995    7.64295    -0.0387     0.0019    99.9534     103027          8  0.000e+00
          0   2026.165   1999.879   45.83460 -129.75922     1.9433     1.9462   3.127491   3.127490    34.5911    34.5880     0.8319     1.3994    7.64296    -0.0314     0.0019    99.9534     103028          8  0.000e+00
          0   2026.219   1999.932   45.83460 -129.75922     1.9430     1.9461   3.127456   3.127459    34.5910    34.5877     0.8319     1.3994    7.64303    -0.0314     0.0019    99.9534     103029          8  0.000e+00
          0   2026.281   1999.992   45.83460 -129.75922     1.9433     1.9460   3.127444   3.127476    34.5905    34.5880     0.8319     1.3993    7.64299    -0.0387     0.0019    99.9534     103030          8  0.000e+00
          0   2026.281   1999.992   45.83460 -129.75922     1.9433     1.9461   3.127462   3.127459    34.5907    34.5877     0.8319     1.3993    7.64298    -0.0314     0.0019    99.9534     103031          8  0.000e+00
          0   2026.335   2000.045   45.83460 -129.75922     1.9435     1.9459   3.127450   3.127476    34.5904    34.5881     0.8319     1.3992    7.64297    -0.0314     0.0019    99.9534     103032          8  0.000e+00
          0   2026.281   1999.992   45.83460 -129.75922     1.9432     1.9460   3.127444   3.127480    34.5907    34.5881     0.8319     1.3979    7.64301    -0.0314     0.0019    99.9534     103033          8  0.000e+00
          0   2026.335   2000.045   45.83460 -129.75922     1.9435     1.9460   3.127444   3.127480    34.5903    34.5880     0.8319     1.3978    7.64297    -0.0387     0.0019    99.9534     103034          8  0.000e+00
          0   2026.389   2000.098   45.83460 -129.75922     1.9433     1.9460   3.127485   3.127483    34.5909    34.5881     0.8319     1.3977    7.64297    -0.0314     0.0019    99.9534     103035          8  0.000e+00
          0   2026.397   2000.106   45.83460 -129.75922     1.9433     1.9457   3.127480   3.127480    34.5909    34.5883     0.8332     1.4057    7.64297    -0.0314     0.0019    99.9534     103036          8  0.000e+00
          0   2026.397   2000.106   45.83460 -129.75922     1.9432     1.9458   3.127456   3.127503    34.5908    34.5885     0.8319     1.4000    7.64301    -0.0387     0.0019    99.9534     103037          8  0.000e+00
          0   2026.458   2000.167   45.83460 -129.75922     1.9435     1.9459   3.127468   3.127486    34.5906    34.5882     0.8332     1.4067    7.64296    -0.0314     0.0019    99.9534     103038          8  0.000e+00
          0   2026.459   2000.167   45.83460 -129.75922     1.9432     1.9458   3.127474   3.127513    34.5909    34.5886     0.8319     1.4010    7.64300    -0.0314     0.0019    99.9534     103039          8  0.000e+00
          0   2026.512   2000.220   45.83460 -129.75922     1.9432     1.9460   3.127474   3.127476    34.5909    34.5879     0.8319     1.3996    7.64300    -0.0387     0.0019    99.9534     103040          8  0.000e+00
          0   2026.459   2000.167   45.83460 -129.75922     1.9435     1.9460   3.127474   3.127453    34.5906    34.5877     0.8332     1.4062    7.64295    -0.0387     0.0019    99.9534     103041          8  0.000e+00
          0   2026.513   2000.220   45.83460 -129.75922     1.9433     1.9457   3.127474   3.127459    34.5907    34.5880     0.8332     1.4084    7.64298    -0.0314     0.0019    99.9534     103042          8  0.000e+00
          0   2026.513   2000.220   45.83460 -129.75922     1.9433     1.9460   3.127474   3.127473    34.5907    34.5879     0.8319     1.4038    7.64298    -0.0387     0.0019    99.9534     103043          8  0.000e+00
          0   2026.574   2000.280   45.83460 -129.75922     1.9433     1.9457   3.127474   3.127459    34.5907    34.5880     0.8319     1.4036    7.64298    -0.0387     0.0019    99.9534     103044          8  0.000e+00
